health: 20.0
hunger: 20
exp: 0.0
exp-level: 0
remainingAir: 300
fireTicks: -20
saturation: 5.0
exhaustion: 1.3853999
inventory: {}
location:
  ==: org.bukkit.Location
  world: lexstarklabs
  x: -84.69999998807907
  y: 80.17675927506424
  z: 127.50084748584413
  pitch: 8.506452
  yaw: 168.71924
