health: 20.0
hunger: 20
exp: 0.0
exp-level: 0
remainingAir: 300
fireTicks: -20
saturation: 5.0
exhaustion: 1.3853999
inventory: {}
location:
  ==: org.bukkit.Location
  world: lexstarklabs
  x: -84.24339507710378
  y: 79.41999998688698
  z: 127.25169217225233
  pitch: 24.25645
  yaw: 87.298584
