health: 20.0
hunger: 20
exp: 0.30434802
exp-level: 8
remainingAir: 300
fireTicks: -20
saturation: 16.0
exhaustion: 2.5117586
