health: 20.0
hunger: 20
exp: 0.66666675
exp-level: 1
remainingAir: 300
fireTicks: -20
saturation: 0.0
exhaustion: 1.0415939
