health: 20.0
hunger: 20
exp: 0.0
exp-level: 0
remainingAir: 300
fireTicks: -20
saturation: 7.0
exhaustion: 0.11909914
location:
  ==: org.bukkit.Location
  world: survival112
  x: -1499.5
  y: 38.0
  z: -2273.5
  pitch: -19.95002
  yaw: -263.85913
