health: 18.152000427246094
hunger: 6
exp: 0.0
exp-level: 0
remainingAir: 300
fireTicks: -20
saturation: 0.0
exhaustion: 0.52702564
potion_effect:
  '0':
    type: INCREASE_DAMAGE
    level: 0
    duration: 190658
  '1':
    type: SPEED
    level: 1
    duration: 190912
