health: 20.0
hunger: 20
exp: 0.0
exp-level: 0
remainingAir: 300
fireTicks: -20
saturation: 5.0
exhaustion: 0.0
location:
  ==: org.bukkit.Location
  world: survival112
  x: -963.0652720689096
  y: 71.0
  z: 179.4228242294265
  pitch: 0.6561317
  yaw: -180.14998
