health: 20.0
hunger: 20
exp: 0.0
exp-level: 0
remainingAir: 300
fireTicks: -20
saturation: 5.0
exhaustion: 0.05
location:
  ==: org.bukkit.Location
  world: survival112
  x: -225.30000001192093
  y: 72.0
  z: 96.30000001192093
  pitch: 9.600018
  yaw: -180.14998
