health: 20.0
hunger: 20
exp: 0.0
exp-level: 0
remainingAir: 300
fireTicks: -20
saturation: 5.0
exhaustion: 1.2280002
location:
  ==: org.bukkit.Location
  world: survival112
  x: -32.5
  y: 63.0
  z: -20.5
  pitch: -8.999997
  yaw: -180.14998
