health: 20.0
hunger: 20
exp: 0.0
exp-level: 0
remainingAir: 300
fireTicks: -20
saturation: 5.0
exhaustion: 2.2190008
location:
  ==: org.bukkit.Location
  world: survival112
  x: -1451.0
  y: 177.0
  z: -2397.0
  pitch: 0.1500003
  yaw: -180.14998
