health: 20.0
hunger: 20
exp: 0.0
exp-level: 0
remainingAir: 300
fireTicks: -20
saturation: 15.0
exhaustion: 1.3400006
location:
  ==: org.bukkit.Location
  world: survival112
  x: 1081.0
  y: 201.0
  z: 277.0
  pitch: 42.740894
  yaw: -176.21976
