health: 10.432003021240234
hunger: 17
exp: 0.0
exp-level: 0
remainingAir: 300
fireTicks: -20
saturation: 0.0
exhaustion: 2.9060059
location:
  ==: org.bukkit.Location
  world: survival112
  x: -550.0
  y: 195.0
  z: -2342.0
  pitch: 58.9423
  yaw: 101.802864
potion_effect:
  '0':
    type: INCREASE_DAMAGE
    level: 254
    duration: 199432
