health: 2.088003635406494
hunger: 16
exp: 0.0
exp-level: 0
remainingAir: 300
fireTicks: -20
saturation: 0.0
exhaustion: 1.7160618
