health: 18.152000427246094
hunger: 3
exp: 0.0
exp-level: 0
remainingAir: 300
fireTicks: -20
saturation: 0.0
exhaustion: 0.5850151
potion_effect:
  '0':
    type: SPEED
    level: 1
    duration: 194587
