health: 20.0
hunger: 20
exp: 0.0
exp-level: 0
remainingAir: 300
fireTicks: -20
saturation: 0.0
exhaustion: 3.6250033
location:
  ==: org.bukkit.Location
  world: survival112
  x: 2248.0
  y: 185.0
  z: -846.0
  pitch: 0.1500003
  yaw: -180.14998
