health: 13.024003982543945
hunger: 6
exp: 0.0
exp-level: 0
remainingAir: 300
fireTicks: -20
saturation: 0.0
exhaustion: 0.43002707
potion_effect:
  '0':
    type: INCREASE_DAMAGE
    level: 254
    duration: 197656
  '1':
    type: SPEED
    level: 1
    duration: 197925
