health: 10.999998092651367
hunger: 15
exp: 0.0
exp-level: 0
remainingAir: 300
fireTicks: -20
saturation: 0.0
exhaustion: 0.5220066
potion_effect:
  '0':
    type: INCREASE_DAMAGE
    level: 0
    duration: 198736
  '1':
    type: SPEED
    level: 1
    duration: 198760
