health: 10.999998092651367
hunger: 17
exp: 0.0
exp-level: 0
remainingAir: 300
fireTicks: -20
saturation: 0.0
exhaustion: 2.8400066
potion_effect:
  '0':
    type: SPEED
    level: 1
    duration: 196453
  '1':
    type: INCREASE_DAMAGE
    level: 0
    duration: 197926
