world: RabbitSeasonDuckSeason
x: 387.5
y: 66.0
z: 121.5
yaw: 90.599976
pitch: 2.8499854
name: '1.5'
