world: survival
x: 0.5
y: 71.0
z: 0.5
yaw: -179.69994
pitch: -1.8000054
name: '1.8'
