world: '1_9'
x: -2664.5
y: 67.0
z: 1292.5
yaw: -179.11108
pitch: 2.7000084
name: '1.9'
