world: mazerunner
x: -157.5
y: 99.0
z: -70.5
yaw: 359.75043
pitch: 28.08164
name: a
