world: survival112
x: -1287.4311501135007
y: 63.0
z: 141.37940263266736
yaw: -359.7412
pitch: 3.5548327
name: advice
