world: survival112
x: 1135.1621886990563
y: 67.0
z: 1574.300000011921
yaw: 51.152462
pitch: 21.961863
name: advice
