world: office
x: 5.5
y: 1.0
z: -297.5
yaw: -270.25336
pitch: 1.745762
name: alpha
