world: alpha
x: -1408.509302163799
y: 21.0
z: 1816.4642265647346
yaw: -180.75252
pitch: 11.999992
name: alpha
