world: anarchy
x: 0.5
y: 72.0
z: 69.5
yaw: -0.10235868
pitch: 3.9627385
name: anarchyspawn
