world: anarchy
x: 1.5
y: 72.0
z: 64.5
yaw: -1.5001068
pitch: 12.149987
name: anarchyspawn
