world: survival112_nether
x: -295.11461250780303
y: 34.0
z: 207.75651738896104
yaw: -39.277924
pitch: 6.874805
name: apocalypse
