world: survival112_nether
x: -295.5
y: 34.0
z: 207.5
yaw: -39.277924
pitch: 6.874805
name: apokolips
