world: lexstarklabs
x: -74.53756231046577
y: 89.0
z: 98.48522615361047
yaw: -269.79852
pitch: 19.224699
name: arcade
