world: creative
x: 25333.720320940338
y: 62.0
z: 24142.156868572074
yaw: -94.34896
pitch: 2.1000032
name: arenaRebuild
