world: colosseum
x: -0.5
y: 101.0
z: 23.5
yaw: -181.19836
pitch: 18.449999
name: arenaspectator
