world: colosseum
x: -30.5
y: 77.0
z: 0.5
yaw: -89.999725
pitch: -4.349942
name: arenared
