world: colosseum
x: -0.5
y: 77.0
z: -29.5
yaw: 4.61483E-4
pitch: -3.4499485
name: arenagreen
