world: vigilance_ruined_plots
x: -107.5056360414309
y: 95.0
z: 390.5318104124064
yaw: -270.1599
pitch: 1.1085417
name: arkhamfrontdesk
