world: atlantis
x: -131.5
y: 6.0
z: -718.5
yaw: 270.05276
pitch: -2.211789
name: atlantis
