world: lavahop
x: -1.4141588258829902
y: 59.0
z: 28.560230535957103
yaw: -0.6381836
pitch: 1.516288
name: babyhop
