world: greenfield
x: -1729.7147342907924
y: 69.0625
z: 212.32309292378773
yaw: 94.18316
pitch: 16.349985
name: BackToLab
