world: greenfield
x: -1935.5
y: 69.0
z: -54.5
yaw: -269.86826
pitch: 2.0999968
name: BasementLevel1
