world: plots
x: 103.5
y: 50.0
z: 68.5
yaw: -89.93086
pitch: 0.7499888
name: BasementLevel1TransformationPod
