world: greenfield
x: -2050.5
y: 199.0
z: -54.5
yaw: -270.16788
pitch: 2.1000006
name: BasementLevel12
