world: greenfield
x: -1998.5
y: 241.0
z: -55.5
yaw: 89.984215
pitch: 2.850002
name: BasementLevel15
