world: '1_9'
x: 79.33308978758357
y: 90.0
z: -376.490507519606
yaw: -181.19687
pitch: 13.65
name: battle
