world: lexstarklabs
x: -74.48300039384782
y: 248.0
z: 132.50018000046242
yaw: 90.14427
pitch: 0.81727624
name: begingame
