world: pvpparkour
x: -14.841068058783502
y: 99.0
z: -0.699999988079071
yaw: -1.0498352
pitch: 12.6
name: blueteampvpparkour
