world: skeeter_the_end
x: 306.3796503249846
y: 54.0
z: -19.463005026244463
yaw: 0.35198975
pitch: 14.249977
name: bottom
