world: starlabs
x: 413.4978066636539
y: 31.0
z: -429.4866817377791
yaw: 89.85406
pitch: 0.29304254
name: breachroom
