world: spawn
x: 22.423413684419756
y: 9.0
z: -36.45725346578885
yaw: -178.68054
pitch: 1.0499786
name: builders
