world: flat
x: -125.4724492116791
y: 5.0
z: -211.63256086917602
yaw: 181.6496
pitch: 90.0
name: buildbattle
