world: wooftywoo
x: 87.5
y: 70.0
z: 170.5
yaw: 0.90002644
pitch: 3.0000098
name: buildHubV1
