world: wooftywoo
x: 1220.04394711094
y: 64.0
z: -6469.3841734671
yaw: -181.65347
pitch: -9.449958
name: casino
