world: wooftywoo
x: 1080.470168165512
y: 64.0
z: -6534.542495227058
yaw: -179.69592
pitch: 4.350005
name: casinolobby
