world: ccjitters
x: 0.5069677154095288
y: 85.0
z: -15.497191540164334
yaw: -359.56384
pitch: -0.34774673
name: ccjitters
