world: infinitycity
x: -531.7358286495402
y: 29.0
z: 239.47440830193196
yaw: -169.47545
pitch: 2.914332
name: centralcity
