world: infinitycity
x: -500.6210301826516
y: 34.0
z: 201.37224668082325
yaw: -270.60022
pitch: 5.8060536
name: centralcity
