world: checkers
x: -5.5096856703454415
y: 88.0
z: -9.059297366808028
yaw: -42.149937
pitch: 10.499986
name: checkers
