world: chess
x: -27.0
y: 91.0
z: 1.0
yaw: -89.85041
pitch: 1.7999997
name: chess
