world: chess
x: 17.021824313199748
y: 92.0
z: 0.4412561387768842
yaw: -271.14648
pitch: 4.800004
name: chess
