world: lexstarklabs
x: -69.5
y: 79.0
z: 115.5
yaw: 270.20447
pitch: 11.127748
name: chessexit
