world: chicago
x: 315.5
y: 4.0
z: 226.5
yaw: 0.7555327
pitch: -0.17299494
name: chicago
