world: destructiblecity
x: -5.5
y: 123.0
z: -198.5
yaw: 0.15028597
pitch: 0.7500006
name: citybreak
