world: greenfield
x: -5.5
y: 123.0
z: -198.5
yaw: -0.080712534
pitch: 0.9000001
name: city
