world: greenfield
x: -5.5
y: 123.0
z: -198.5
yaw: -0.15048218
pitch: 0.6000046
name: city
