world: greenfield
x: 13.308360623391021
y: 69.0
z: -209.10499624044184
yaw: -92.25041
pitch: 32.99998
name: city2
