world: classroom
x: -4.550851022836745
y: 99.0
z: 0.5665762888342387
yaw: -93.72624
pitch: 1.9823092
name: class
