world: plots
x: -167.23338781801206
y: 65.0
z: 269.1311725038498
yaw: 217.63641
pitch: 13.442405
name: class
