world: creative
x: 24523.546732155635
y: 89.0
z: 20574.272517232348
yaw: -93.44702
pitch: 23.999933
name: coaster
