world: alpha
x: -875.5736028751794
y: 4.0
z: 2290.5313974500855
yaw: 136.34984
pitch: 15.00001
name: corner1
