world: starlabs
x: 427.45503320555764
y: 32.0
z: -505.4766396949355
yaw: -89.91515
pitch: 0.7007881
name: cortex
