world: policeoffice
x: 7.806628179202141
y: 75.0
z: 68.99291372057769
yaw: 5.09729
pitch: 4.0500216
name: court
