world: greenfield
x: -2.6249612148737937
y: 74.0
z: -101.00916826851956
yaw: -91.18105
pitch: 4.551457
name: court
