world: creative
x: 25015.5
y: 80.0
z: 24179.5
yaw: -89.39908
pitch: 3.300012
name: creative
