world: crossfire
x: -22.059282825143477
y: 81.0
z: -44.017793183101794
yaw: -68.00055
pitch: 6.2310944
name: crossfire6
