world: crossfire
x: -2.7792299162614134
y: 77.0
z: -48.15877945318684
yaw: -25.425903
pitch: 11.648465
name: crossfire5
