world: crossfire
x: 10.510453262565502
y: 72.0
z: -41.92639447174809
yaw: -328.15784
pitch: 5.415572
name: crossfire1
