world: crossfire
x: 6.650994586818263
y: 72.0
z: -32.467669473197304
yaw: -222.2306
pitch: 43.34071
name: crossfire
