world: crossfire
x: 24.986418732755073
y: 72.0
z: -41.3714766057539
yaw: -255.1174
pitch: 3.43504
name: crossfire2
