world: crossfire
x: 25.068773316767356
y: 81.0
z: -52.27075619149041
yaw: -223.35803
pitch: 6.231149
name: crossfire10
