world: crossfire
x: -8.902057514413402
y: 81.0
z: -20.520106246039358
yaw: -141.81177
pitch: 4.891336
name: crossfire4
