world: crossfire
x: -21.092153698103974
y: 78.0
z: -74.74892449609976
yaw: -72.53815
pitch: 6.580738
name: crossfire9
