world: crossfire
x: 6.239860266870383
y: 81.0
z: -15.229102306077234
yaw: -187.41614
pitch: 6.697125
name: crossfire7
