world: crossfire
x: -18.814330229345643
y: 72.0
z: -22.486443791077164
yaw: -177.75452
pitch: -3.6000018
name: crossfire
