world: lexstarklabs
x: -80.5
y: 79.0
z: 113.5
yaw: -0.36549547
pitch: 10.020997
name: crossfireexit
