world: crossfire
x: 9.002348919616436
y: 72.0
z: -22.207484798663295
yaw: -299.6213
pitch: 4.192308
name: crossfire3
