world: crossfire
x: 24.817326317526618
y: 81.0
z: -31.50866098203801
yaw: -268.03687
pitch: 8.852435
name: crossfire8
