world: crossfire
x: -46.473793818292386
y: 72.0
z: -26.17778964772128
yaw: -2.4805908
pitch: 8.240671
name: crossfire
