world: flat
x: 83.5
y: 5.0
z: 313.5
yaw: -6.596623
pitch: 33.29392
name: darkiesLobby
