world: lexstarklabs
x: -77.5
y: 79.0
z: 98.5
yaw: 179.87088
pitch: 16.079153
name: deathrunexit
