world: lexstarklabs
x: -84.5
y: 79.0
z: 89.5
yaw: 179.96962
pitch: 8.622962
name: deathdropexit
