world: deathmachine
x: 0.5
y: 208.0
z: 0.5
yaw: 247.79784
pitch: 2.7000327
name: deathmachine
