world: deathrun
x: 42.50221485830119
y: 84.0
z: -1.7627783949498572
yaw: -179.2508
pitch: 7.199986
name: deathrun
