world: deathrun
x: -8.469888539415779
y: 60.0
z: 0.3978505373709765
yaw: 90.299706
pitch: 3.150001
name: deathrunarena
