world: deathrun
x: 4.489509276618151
y: 68.0
z: -11.669832384759747
yaw: -315.12656
pitch: 7.4198384
name: deathrunspectator
