world: deathrun
x: 42.33422882918835
y: 84.0
z: -0.7533154263380185
yaw: 180.44928
pitch: 9.599984
name: deathrunlobby
