world: deathrun
x: -8.455892432920129
y: 70.0
z: 0.4069819737685416
yaw: 181.34966
pitch: 3.7499995
name: deathrunspectator
