world: plots
x: 125.73393931287757
y: 65.0
z: 31.52613380750217
yaw: -182.31871
pitch: -13.049993
name: decorations
