world: flat
x: 191.76410565285056
y: 4.0
z: 324.56908282863986
yaw: 269.69922
pitch: -28.500008
name: derpobrine
