world: garbageworld
x: -19.5
y: 81.0
z: 0.5
yaw: 270.37045
pitch: 0.30000857
name: desertarena
