world: office
x: -3.670261320838597
y: 137.0625
z: -5.483393606782641
yaw: -90.122375
pitch: 1.4580772
name: desk
