world: office
x: 9.5
y: 104.0
z: -7.5
yaw: -0.21441427
pitch: 2.0404813
name: desk
