world: wooftywoo
x: -16444.936419662565
y: 78.0
z: -16375.202876036547
yaw: -267.521
pitch: 12.599765
name: dojo
