world: deathdrop
x: 0.5
y: 253.0
z: -40.5
yaw: -179.70006
pitch: 10.949989
name: drop4
