world: wooftywoo
x: 2933.8624651883188
y: 68.5
z: -3066.48124604985
yaw: -269.85138
pitch: -9.75
name: droplobby
