world: wooftywoo
x: 2067.5
y: 64.0
z: 168.5
yaw: 6.4503045
pitch: 0.750008
name: earthTemple
