world: elytrapole
x: 7.5
y: 63.0
z: 20.5
yaw: -90.449875
pitch: 1.3499992
name: elytrapolepurple
