world: elytrapole
x: 20.5
y: 58.0
z: 6.5
yaw: 0.60024005
pitch: 0.9000026
name: elytrapole
