world: elytrachallenge
x: -3.5
y: 4.0
z: 3.5
yaw: -109.80131
pitch: 7.9499836
name: elytrachallenge
