world: lexstarklabs
x: -87.5
y: 79.0
z: 98.5
yaw: -270.30804
pitch: 12.467546
name: elytraeasyexit
