world: elytraeasy
x: 0.5
y: 51.0
z: -8.5
yaw: 0.44497067
pitch: 7.0500016
name: elytraeasy
