world: elytrapole
x: 20.5
y: 63.0
z: 33.5
yaw: 178.65045
pitch: 7.5000057
name: elytrapoleblue
