world: elytramedium
x: 45.5
y: 87.0
z: 46.5
yaw: -0.65050083
pitch: 8.999996
name: elytratest
