world: lexstarklabs
x: -75.5
y: 79.0
z: 91.5
yaw: 0.49641836
pitch: 8.797748
name: elytrahardexit
