world: elytrapvp
x: -6.482607357656168
y: 143.0
z: -0.09208718821567372
yaw: 0.20593825
pitch: 10.385289
name: elytrapvpspectator
