world: elytrahard
x: 0.5
y: 4.0
z: 0.5
yaw: -112.35017
pitch: 1.3499867
name: elytrahard
