world: elytrarace
x: 220.5
y: 65.0
z: 228.5
yaw: -1.2163391
pitch: 5.1261253
name: elytrarace
