world: elytralobby
x: 0.49534504533818
y: 66.0
z: -1.5243048478762826
yaw: 179.85031
pitch: 5.5499997
name: elytra
