world: escaperoom
x: 1.0595032763835586
y: 66.0
z: 1.863144494556637
yaw: 357.59995
pitch: 12.750031
name: escaperoom
