world: escaperoom
x: -66.42200792235552
y: 86.0
z: 41.1582863418015
yaw: 0.14978027
pitch: 20.84997
name: escaperoom
