world: greenfield
x: -2084.5
y: 161.0
z: -38.5
yaw: -90.16815
pitch: 0.15001753
name: exitpod10
