world: greenfield
x: -2084.5
y: 178.0
z: -38.5
yaw: -90.16754
pitch: 0.7499867
name: exitpod11
