world: greenfield
x: -2032.5
y: 241.0
z: -39.5
yaw: -90.315796
pitch: -0.59999776
name: exitpod15
