world: greenfield
x: -2043.5
y: 117.0
z: -38.5
yaw: -90.16934
pitch: 0.4500347
name: exitpod8
