world: greenfield
x: -2043.5
y: 20.0
z: -38.5
yaw: -89.86713
pitch: 1.0499936
name: exitpod4
