world: greenfield
x: -2084.5
y: 219.0
z: -38.5
yaw: -90.16617
pitch: -0.3000224
name: exitpod13
