world: greenfield
x: -2032.5
y: 221.0
z: -38.5
yaw: -90.165344
pitch: 0.2999834
name: exitpod16
