world: greenfield
x: -2043.5
y: 92.0
z: -38.5
yaw: -89.86862
pitch: 2.7531385E-5
name: exitpod7
