world: greenfield
x: -2084.5
y: 239.0
z: -38.5
yaw: -90.16626
pitch: -0.15001062
name: exitpod14
