world: greenfield
x: -2032.5
y: 203.0
z: -38.5
yaw: -90.31514
pitch: 2.6041269E-5
name: exitpod17
