world: greenfield
x: -1972.5
y: 47.0
z: -38.5
yaw: -90.317505
pitch: 0.4499949
name: exitpod2
