world: greenfield
x: -1969.5
y: 69.0
z: -38.5
yaw: -90.31839
pitch: 0.29998052
name: exitpod1
