world: greenfield
x: -2043.5
y: 45.0
z: -38.5
yaw: -90.01666
pitch: 1.0500084
name: exitpod5
