world: greenfield
x: -2084.5
y: 199.0
z: -38.5
yaw: -90.017944
pitch: -0.14999272
name: exitpod12
