world: greenfield
x: -2043.5
y: 68.0
z: -38.5
yaw: -90.16763
pitch: 0.45002982
name: exitpod6
