world: greenfield
x: -1972.5
y: 20.0
z: -38.5
yaw: -90.317604
pitch: 0.4499844
name: exitpod3
