world: greenfield
x: -2084.5
y: 135.0
z: -38.5
yaw: -89.86926
pitch: 0.14999622
name: exitpod9
