world: extremesumo
x: -8.379253589736157
y: 12.0
z: 13.450915198912542
yaw: -89.09662
pitch: 15.599993
name: extremesumo
