world: lexstarklabs
x: -87.5
y: 79.0
z: 95.5
yaw: -269.78214
pitch: 14.622873
name: fightclubexit
