world: fightclub
x: 3.985322060151846
y: 39.0
z: 25.219982409848157
yaw: -233.18494
pitch: -3.026993
name: fightclub
