world: fightclub
x: 8.53111522450858
y: 39.0
z: 26.377207569299035
yaw: 180.15851
pitch: 5.302631
name: fightclub
