world: wooftywoo
x: 4195.405186702524
y: 88.0
z: 196.73600018923275
yaw: -268.9488
pitch: -3.3000014
name: fireTemple
