world: wooftywoo
x: 182.7668650253798
y: 104.0
z: 177.66700472182532
yaw: -268.54395
pitch: 7.350029
name: firstHouse
