world: '1_9'
x: -191.32101731377404
y: 78.0
z: -97.47220535119692
yaw: 176.99979
pitch: 10.499999
name: flashtrack
