world: flat
x: 0.5
y: 5.0
z: -1.5
yaw: -0.1508789
pitch: 41.399994
name: flat
