world: flat
x: -227.58489031375157
y: 41.15467976386416
z: 569.2284351817074
yaw: -180.74225
pitch: 37.499996
name: flatspleef
