world: wooftywoo
x: 20000.5
y: 4.0
z: 15000.5
yaw: -0.1514582
pitch: 20.100008
name: fly
