world: wooftywoo
x: 19999.42186337391
y: 5.0
z: 15002.375855913438
yaw: -2.401432
pitch: 82.5
name: fly2
