world: flyingbattlearena
x: 0.5
y: 82.0
z: 0.5
yaw: -180.30003
pitch: 1.9500045
name: flyingbattlearena
