world: flyingbattlelobby
x: 0.5
y: 85.0
z: -0.5
yaw: -0.45062256
pitch: -9.900017
name: flyingbattle
