world: flyingbattlelobby
x: 0.5142533402009235
y: 85.0
z: -0.43228029742879925
yaw: -0.45062256
pitch: -9.900017
name: flyingbattlelobby
