world: formuladrift
x: -11.5
y: 67.0
z: -27.5
yaw: -54.16339
pitch: 5.249972
name: formuladrift
