world: fortressofsolitude
x: 501.0873930101266
y: 64.0
z: -825.6142350343706
yaw: -254.99992
pitch: 1.0498674
name: fortressofsolitude
