world: flat
x: 121.21473492994959
y: 252.0
z: 12.056073347258545
yaw: 181.19751
pitch: 47.55002
name: fun
