world: garbageworld
x: -80.5
y: 78.0625
z: 121.5
yaw: 179.55144
pitch: 7.949994
name: garbageworld
