world: garbageworld
x: 0.8012500376769072
y: 81.0
z: 0.38043043611970584
yaw: -298.04987
pitch: 48.149982
name: garbageworld
