world: godlyparkour
x: 0.5
y: 77.0
z: 0.5
yaw: 224.25006
pitch: 8.099994
name: godlyparkour
