world: gotham
x: 242.45334540189748
y: 32.5
z: 212.52503002218666
yaw: -138.74226
pitch: -66.69956
name: gotham
