world: gotham
x: 291.5
y: 83.0
z: 223.5
yaw: -198.44978
pitch: -55.65001
name: gotham
