world: tomorrowland
x: 3699.7293870663757
y: 119.0
z: 5205.36036943678
yaw: -192.7508
pitch: -63.29998
name: gotham
