world: plots
x: 417.66949821402955
y: 65.0
z: -122.5792695642853
yaw: 267.85373
pitch: 13.949944
name: graphics
