world: extremesumo
x: -14.631354454947457
y: 5.0
z: 6.371251693412535
yaw: -44.247223
pitch: 1.8000066
name: greenteamextremesumo
