world: wooftywoo_nether
x: 127.61840476573133
y: 60.71504152558303
z: -322.7989965531241
yaw: -348.29858
pitch: 5.100419
name: grinder
