world: greenfield
x: -1070.5
y: 69.0
z: -56.5
yaw: -0.16949463
pitch: 10.19998
name: GroundFloor
