world: hallofjustice
x: 49.1913238948331
y: 4.0
z: 15.083805737276442
yaw: 1.7999909
pitch: -10.799984
name: hallofjustice
