world: hallofworlds
x: 5.453379409521991
y: 65.0
z: 4.341059668614054
yaw: 130.95013
pitch: 36.59998
name: hallofworlds
