world: legionofdoom
x: -153.31713029177226
y: 31.0
z: 509.3790003922387
yaw: 49.892395
pitch: 5.473118
name: hallofdoom
