world: lexstarklabs
x: -83.5
y: 79.0
z: 127.5
yaw: -90.11221
pitch: 8.91422
name: hardparkourexit
