world: crapcakesandapplesauce
x: 529.6575531242555
y: 63.0
z: 472.0192254599135
yaw: -245.84985
pitch: 15.3000765
name: hauntedHouse
