world: pornhub
x: 55.5
y: 170.0
z: 234.5
yaw: -0.15883984
pitch: 10.350088
name: heavenV1
