world: wooftywoo
x: 1272.6792136296922
y: 63.0
z: -4510.878533927847
yaw: -267.9065
pitch: 8.399795
name: heaven
