world: helicarrier
x: -330.75205519758117
y: 104.0
z: -217.36661686063684
yaw: 182.729
pitch: -1.8040217
name: helicarrier
