world: creative
x: 36680.0714276845
y: 139.57618142762678
z: 10358.029092138475
yaw: -179.70013
pitch: 90.0
name: helix
