world: wooftywoo_nether
x: 2932.2413354431574
y: 38.0
z: 3944.022992246845
yaw: -172.68597
pitch: 14.849512
name: hell
