world: plots
x: 180.77357321751168
y: 65.0
z: 233.57073575570652
yaw: -4.095825
pitch: -1.199988
name: herolist
