world: greenfield
x: 31.5
y: 78.0
z: 282.5
yaw: 0.59191895
pitch: 3.6000035
name: herosuggestions
