world: lexstarklabs
x: -68.5
y: 79.0
z: 106.5
yaw: -90.17784
pitch: 9.496744
name: hilariousraceexit
