world: wooftywoo
x: -700.5
y: 65.0
z: 536.5
yaw: -90.19362
pitch: 1.6499933
name: hilariousracelobby
