world: hogwarts
x: 761.5072111107615
y: 66.0
z: 347.49759046164803
yaw: 44.800842
pitch: -4.308838
name: hogwarts
