world: hogwarts
x: 245.3593312016294
y: 8.0
z: 531.6887340313061
yaw: 181.05058
pitch: -3.1499228
name: hogwarts
