world: wooftywoo
x: -20941.41346352545
y: 73.0
z: 137282.5197737093
yaw: 0.48999387
pitch: 39.749977
name: horseraceend
