world: wooftywoo
x: -20933.577137852797
y: 70.0
z: 133095.33330801627
yaw: 0.44595337
pitch: 25.20002
name: horserace
