world: hogwarts
x: 250.59356700233124
y: 10.0
z: 541.2207880702099
yaw: 173.24951
pitch: 6.450012
name: hotwarts
