world: flat
x: 382.20373587604263
y: 4.0
z: 244.26343023645134
yaw: -270.30066
pitch: -0.29999605
name: HowToBeAGod
