world: hurdles
x: 0.5
y: 80.0
z: 0.5
yaw: -0.45173174
pitch: -2.7000117
name: hurdles
