world: hurdles2
x: 3.656130016147927
y: 86.0
z: 1.4477375341246184
yaw: -90.687386
pitch: 73.57307
name: hurdlesspectator2
