world: hurdles
x: 9.5
y: 91.0
z: -24.5
yaw: -0.0022062152
pitch: 24.29998
name: hurdlesspectator
