world: lexstarklabs
x: -88.5
y: 79.0
z: 114.5
yaw: 90.441666
pitch: 28.486631
name: hurdlesexit
