world: hurdles2
x: -0.5
y: 76.0
z: 0.5
yaw: -90.22125
pitch: 1.0502985
name: hurdles2
