world: infectiontag
x: -5.444198956910788
y: 88.0
z: 23.709873775441025
yaw: -182.34534
pitch: 3.4967718
name: infectiontagstart
