world: infectiontag
x: -5.496873317711223
y: 88.0
z: 35.218568638233435
yaw: 178.98746
pitch: 8.156876
name: infectiontagitstart
