world: infiniteparkour
x: 0.5
y: 61.0
z: 0.5
yaw: 203.25024
pitch: 2.3999875
name: infiniteparkour
