world: infinitycity
x: -500.5
y: 34.0
z: 201.5
yaw: -270.60022
pitch: 5.8060536
name: infinitycity
