world: lexstarklabs
x: -83.5
y: 79.0
z: 127.5
yaw: 89.94172
pitch: 8.506452
name: infiniteparkourexit
