world: plots
x: 321.5
y: 66.0
z: 122.5
yaw: -269.90588
pitch: -1.7285348E-7
name: info
