world: plots
x: 323.5
y: 65.0
z: 125.5
yaw: 92.79804
pitch: -3.600015
name: info
