world: info
x: 16.963673896310567
y: 84.0
z: 6.880824175290252
yaw: -6.0580807
pitch: 31.164492
name: info
