world: infiniteparkour
x: -119.5
y: 83.0
z: 79.5
yaw: -0.43423462
pitch: 2.2499766
name: ipsetback1
