world: wooftywoo
x: -16136.60775547137
y: 63.0
z: -674.8002598087136
yaw: 1.6486816
pitch: 11.699927
name: IronManMarathon
