world: wooftywoo
x: -16134.431176902606
y: 77.0
z: 1764.699999988079
yaw: 181.05215
pitch: 53.549984
name: ironmanmarathonend
