world: overvoid
x: -37.50309396965895
y: 96.0
z: 38.291574519684744
yaw: -178.69763
pitch: 3.2199528
name: jail
