world: wooftywoo
x: -1274.3882395371909
y: 61.0
z: -6370.80716159422
yaw: -178.59125
pitch: 2.999995
name: jail
