world: overvoid
x: -37.59365920880594
y: 96.0
z: 38.49422197467059
yaw: -179.8494
pitch: 3.9000177
name: jailspectator
