world: overvoid
x: -37.43681490061612
y: 96.0
z: 39.07056472414761
yaw: -179.00142
pitch: 3.1500196
name: jail
