world: overvoid
x: -105.36206270350996
y: 96.0
z: 54.10885175393078
yaw: -146.75015
pitch: 8.699991
name: jail
