world: greenfield
x: -8.352064419449059
y: 123.0
z: -193.04808584185213
yaw: -0.080712534
pitch: 0.9000001
name: jail
