world: overvoid
x: -167.22003537183383
y: 95.0
z: 42.40316352932955
yaw: -89.750336
pitch: 13.800044
name: jail
