world: overvoid
x: -148.25019080745986
y: 95.0
z: 24.68517622535383
yaw: -359.0014
pitch: 26.250004
name: jail
