world: overvoid
x: -167.26439922236366
y: 95.0
z: 42.65836498224314
yaw: -87.801254
pitch: 6.9000063
name: jail
