world: kartlobby
x: 1.3000000119209292
y: 68.0
z: -0.3000000119209287
yaw: -127.02417
pitch: -1.1049529
name: karts
