world: kidnapped
x: 10.5
y: 4.0
z: -287.5
yaw: 3.3600452
pitch: 6.1500134
name: kidnappers
