world: castle
x: -6.699999988079071
y: 71.0
z: 374.45976386354585
yaw: -87.29993
pitch: 19.65
name: kingslanding
