world: kingoftheladder
x: 11.405922978082113
y: 76.0
z: 2.5377535622079295
yaw: -88.499886
pitch: -6.1499987
name: kingoftheladder
