world: kingslanding
x: 3254.5
y: 92.0
z: 13359.5
yaw: -0.15054321
pitch: -4.0499973
name: kingslanding
