world: wooftywoo
x: 2107.5550077734074
y: 71.0
z: -1062.5920777517265
yaw: -78.60034
pitch: 5.5500154
name: kraken
