world: lexstarklabs
x: 0.6341342866605896
y: 59.0625
z: 6.415655340240977
yaw: -358.6169
pitch: 0.8172995
name: lab
