world: greenfield
x: -1712.5263173548237
y: 70.0
z: 149.63912680816873
yaw: -180.43597
pitch: 2.3900626
name: lab
