world: greenfield
x: -1712.5
y: 70.0
z: 130.5
yaw: -0.23398513
pitch: 1.3415639
name: lab
