world: plots
x: -43.56145513589117
y: 65.0
z: -42.074532201938155
yaw: 246.88956
pitch: 26.550047
name: lab1
