world: plots
x: 217.5
y: 66.0
z: 542.5
yaw: 168.15025
pitch: 5.850073
name: lab2
