world: plots
x: 220.3236064830853
y: 66.0
z: 340.33751379634015
yaw: -86.09926
pitch: 4.949997
name: lab4
