world: plots
x: -31.5
y: 66.0
z: 278.5
yaw: -0.60020536
pitch: 1.6500049
name: lab5
