world: plots
x: -92.61097126439205
y: 78.0
z: 525.5929533325773
yaw: 178.02032
pitch: 33.379765
name: lab9
