world: wooftywoo
x: 34.65098423782108
y: 70.0
z: 1041.8695727335676
yaw: -90.79474
pitch: 11.550013
name: labyrinth
