world: lasertag
x: 4.419178763920785
y: 78.0
z: 35.477876748141114
yaw: -179.7013
pitch: 2.0999944
name: lasertagblueteam
