world: lasertag
x: 4.126942938001707
y: 94.0
z: 5.53389379503156
yaw: -268.65027
pitch: 7.349994
name: lasertagspectator
