world: lexstarklabs
x: -79.5
y: 79.0
z: 91.5
yaw: -0.3544787
pitch: 10.079243
name: lasertagexit
