world: lasertag
x: 78.5
y: 84.0
z: -32.5
yaw: -0.14840677
pitch: 0.75000036
name: lasertagblue2
