world: lexstarklabs
x: -69.5
y: 79.0
z: 103.5
yaw: 269.85165
pitch: 6.1181607
name: leafdecayexit
