world: lexstarklabs
x: 0.6827166138983845
y: 59.0
z: 6.315896386415138
yaw: -0.16168213
pitch: -0.17303352
name: lexstarklabs
