world: longparkour
x: 0.5
y: 104.0
z: 0.5
yaw: 0.15002422
pitch: 1.3500086
name: longparkour
