world: lexstarklabs
x: -81.5
y: 79.0
z: 122.5
yaw: 179.74948
pitch: 7.166701
name: longparkourexit
