world: lexstarklabs
x: -76.5
y: 248.0
z: 132.5
yaw: 89.969574
pitch: 0.060022607
name: mainmenu
