world: plots
x: 156.64995370323535
y: 69.0
z: -344.41640827783425
yaw: -269.22778
pitch: 9.750007
name: mainfloor
