world: creative
x: 24955.76334607686
y: 103.25652410529348
z: 23417.27149168637
yaw: -269.09946
pitch: 90.0
name: mandy
