world: wooftywoo
x: 9086.47425731241
y: 64.0
z: 12049.560235243809
yaw: -90.78064
pitch: -4.9500012
name: marathon
