world: wooftywoo
x: 475.5
y: 68.0
z: 404.5
yaw: -179.89426
pitch: 16.650002
name: market
