world: mazerunner
x: -157.5
y: 99.0
z: -70.5
yaw: 359.86694
pitch: 20.450737
name: mazerunner
