world: mazerunner
x: -158.9704339394962
y: 99.0
z: -70.01385151683178
yaw: 324.45013
pitch: 9.149988
name: mazerunner
