world: utopia
x: -9.5
y: 251.0
z: -0.5
yaw: -270.35645
pitch: -1.6292647
name: meeting
