world: flat
x: -434.95746180340944
y: 250.0
z: 175.99863158910227
yaw: 165.60028
pitch: 50.7
name: megaparkourbuild
