world: tomorrowland
x: 4166.310768677487
y: 76.5
z: 5308.057529338777
yaw: -119.70041
pitch: -32.250084
name: metropolis
