world: plots
x: 205.5
y: 65.0
z: 194.5
yaw: 179.85646
pitch: 4.021086
name: minigames
