world: plots
x: 284.5
y: 65.0
z: 238.5
yaw: -0.59179634
pitch: 4.137582
name: minigames
