world: wooftywoo
x: 3997.476442490438
y: 91.0
z: 4088.4404567305423
yaw: -89.55118
pitch: 8.09999
name: minigames
