world: newminigamehub
x: 16.550142844353207
y: 95.0
z: 1.4773707320772083
yaw: -89.85057
pitch: -0.74999005
name: minigames
