world: lexstarklabs
x: 0.5
y: 59.0625
z: 6.5
yaw: -0.16168213
pitch: -0.17303352
name: minigames
