world: newminigamehub
x: 16.5
y: 95.0
z: 1.5
yaw: 269.84964
pitch: 0.3000017
name: minigame
