world: minigameworld
x: -33.705896874943754
y: 88.0
z: 0.5374570261685092
yaw: -89.98761
pitch: 9.737977
name: minigamehub
