world: missions
x: -78.47768777210449
y: 45.0
z: -19.520696230485314
yaw: 88.9499
pitch: -0.29999077
name: mission2
