world: missions
x: -32.5
y: 189.0
z: 75.5
yaw: 88.64983
pitch: 7.7999964
name: mission4
