world: missions
x: -12.5
y: 81.0
z: -147.5
yaw: 0.14986184
pitch: 0.8999917
name: mission5
