world: missions
x: 8.5
y: 72.0
z: -9.5
yaw: -90.30026
pitch: -0.6000023
name: mission1
