world: missions
x: 4.219160697814904
y: 71.0
z: -9.073401064680821
yaw: -84.750015
pitch: 28.650038
name: missions
