world: missions
x: -140.5
y: 91.0
z: -128.5
yaw: 90.74988
pitch: 6.0000033
name: mission3
