world: moblottery
x: -0.5622220069057878
y: 87.0
z: 0.5808574099891539
yaw: -269.28955
pitch: 2.1570663
name: moblottery
