world: moblottery
x: -0.5
y: 82.0
z: 0.5
yaw: -270.22162
pitch: 0.11827457
name: moblotterystart
