world: lexstarklabs
x: -87.5
y: 79.0
z: 89.5
yaw: -270.30765
pitch: 10.195743
name: moblotteryexit
