world: greenfield
x: -4.5
y: 78.0
z: 244.5
yaw: -91.80548
pitch: 4.199987
name: modapps
