world: greenfield
x: -1725.5280466302925
y: 69.0
z: 213.51345661473755
yaw: 314.23303
pitch: -3.0000021
name: moneyroom1
