world: greenfield
x: -1729.5
y: 69.0625
z: 212.5
yaw: 90.43317
pitch: 0.7500092
name: moneyroom2
