world: greenfield
x: -1718.5132267996705
y: 69.0
z: 173.70692846125922
yaw: 91.333305
pitch: 28.049965
name: MoneyRoom
