world: minecraftparkourmode
x: 0.5
y: 6.0
z: 0.5
yaw: 359.99988
pitch: 17.250008
name: mpm
