world: flat
x: -22.503405834016583
y: 4.0
z: 350.30000001192093
yaw: -179.85132
pitch: 3.4499505
name: newarenalobby
