world: flat
x: 145.5
y: 4.0
z: -122.5
yaw: -211.79498
pitch: -11.250023
name: newarena
