world: lexstarklabs
x: 0.5
y: 59.0
z: 1.5
yaw: -0.64209455
pitch: 0.7007774
name: newbies
