world: pmc
x: -10335.051040516884
y: 64.0
z: 6693.707654555829
yaw: 87.90002
pitch: -7.650009
name: newcity
