world: flat
x: -692.6293923275089
y: 4.0
z: 746.5777417248811
yaw: -179.2536
pitch: 42.450027
name: newcasino
