world: flat
x: 235.23256708760408
y: 58.50855863777641
z: 81.26108322062925
yaw: -358.50085
pitch: 13.349988
name: newheaven
