world: flat
x: 336.4389732479276
y: 2.0
z: 19.41752106033023
yaw: -71.85802
pitch: -7.6829295
name: newjail
