world: creative
x: 25043.06441019206
y: 89.97638824719894
z: 24513.86214583298
yaw: -175.97069
pitch: 26.550087
name: newlobbies
