world: lexstarklabs
x: 0.46075071436571235
y: 59.0
z: 1.4744570999743913
yaw: -0.64209455
pitch: 0.7007774
name: newlab
