world: flat
x: -19.76297758111151
y: 4.0
z: 344.30000001192093
yaw: -176.76294
pitch: 6.750006
name: newmarathonlobby
