world: marathon
x: -199.41905301154716
y: 67.0
z: 186.51788534066281
yaw: -269.99997
pitch: 2.3999903
name: newmarathon
