world: minigameworld
x: 7.116711381146979
y: 91.0
z: -39.760057837481234
yaw: -318.45
pitch: 22.950016
name: newminigamehub
