world: newspawn
x: 0.5
y: 73.0
z: -0.5
yaw: 1.4999992
pitch: 53.399982
name: newspawn
