world: newspawn
x: 103.56317329178785
y: 81.0
z: -0.3342604366247642
yaw: 90.44998
pitch: 0.1500052
name: newspawn
