world: flat
x: -165.64379415007537
y: 58.48054644165882
z: -193.51634946297298
yaw: -69.450745
pitch: 43.35
name: newshops
