world: newcity
x: 1016.1973569933275
y: 5.0
z: 3010.25536155346
yaw: -0.7562007
pitch: 32.999966
name: newspawn
