world: creative
x: 25353.401265373483
y: 72.69425454184808
z: 24255.138402957673
yaw: -176.70691
pitch: 21.000038
name: newvillage
