world: infiniteparkour
x: 1.7109660041533221
y: 61.0
z: 2.3259313913026602E-4
yaw: 188.45404
pitch: 60.418293
name: nocheckgod
