world: lexstarklabs
x: -75.5
y: 79.0
z: 89.5
yaw: 179.73988
pitch: 11.244299
name: obstaclecourseexit
