world: greenfield
x: 8.72137493051094
y: 73.0
z: -151.47984751118412
yaw: 89.57129
pitch: 18.584007
name: office
