world: office
x: 1.5
y: 104.0
z: -25.5
yaw: -36.45379
pitch: 0.7590511
name: office
