world: office
x: 13.38738595822094
y: 137.0
z: -9.477292035132935
yaw: 89.84338
pitch: 0.40952122
name: officeadmin
