world: office
x: 4.5
y: 133.0
z: 10.5
yaw: 179.79698
pitch: 0.87555575
name: office
