world: office
x: 9.5
y: 104.0
z: -18.5
yaw: 0.88516235
pitch: -5.590366
name: office
