world: office
x: -13.5
y: 137.0
z: -10.5
yaw: -0.08303833
pitch: 2.331819
name: officeadmin
