world: office
x: 9.523627208237516
y: 104.0625
z: -1.4737716597375885
yaw: -180.45103
pitch: 1.2832855
name: officeadmin
