world: office
x: 4.502993314893323
y: 133.0
z: 10.46514780912885
yaw: 180.4118
pitch: 2.9725804
name: office
