world: office
x: 4.472555475202057
y: 134.0
z: 10.515805005939562
yaw: 180.23682
pitch: 0.1182794
name: office
