world: office
x: 4.527978828071865
y: 137.0
z: 10.500952394363193
yaw: 180.8316
pitch: 0.52602595
name: office
