world: wooftywoo
x: 1227.5
y: 109.0
z: -4284.5
yaw: -89.60156
pitch: 1.4999956
name: oldhurdles
