world: creative
x: 12297.548902944514
y: 122.0
z: 7816.8826665595325
yaw: -152.24933
pitch: 38.549946
name: oldmill
