world: creative
x: 25314.55794926848
y: 104.0
z: 23938.65621648996
yaw: -343.49905
pitch: 7.9499993
name: oldOlympus
