world: wooftywoo
x: 337.5
y: 67.0
z: 250.5
yaw: -270.19446
pitch: -0.89998376
name: oldSpawnV2
