world: survival112
x: -542.8991397559477
y: 99.0
z: 572.4443493475685
yaw: 271.92087
pitch: -0.056476817
name: omniacademy
