world: omniacademy
x: -17.1118389513844
y: 92.0
z: -3.3690091421284922
yaw: 90.23107
pitch: 1.3415804
name: omniacademy
