world: 1_9_the_end
x: 100.60116804398523
y: 49.0
z: -0.3189433145053291
yaw: 0.30004182
pitch: -1.9500057
name: onslaughtmental
