world: parkourhard
x: -0.7321145762306613
y: 73.0
z: 1.6274724574463022
yaw: -109.34952
pitch: 2.2500083
name: parkourhard
