world: parkourhub
x: 22.5
y: 114.0
z: -1.5
yaw: 179.84142
pitch: 7.6500015
name: parkourhubmedium
