world: parkoureasy
x: -3.5
y: 65.0
z: -3.5
yaw: 317.99817
pitch: 8.400012
name: parkoureasy
