world: plots
x: 233.5
y: 65.0
z: 211.5
yaw: 179.80725
pitch: 3.729841
name: parkour
