world: parkourhub
x: 22.5
y: 130.0
z: 2.5
yaw: 0.14157659
pitch: 0.7499986
name: parkourhubhard
