world: parkourmedium
x: -3.5
y: 72.0
z: 5.5
yaw: 204.14798
pitch: -0.6000024
name: parkourmedium
