world: lexstarklabs
x: -75.5
y: 79.0
z: 127.5
yaw: 89.883446
pitch: 6.2346478
name: parkoureasyexit
