world: parkourhub
x: 22.5
y: 98.0
z: -1.5
yaw: -180.00842
pitch: 0.4499949
name: parkour
