world: starlabs
x: 489.5104095170351
y: 30.0
z: -430.50348815465355
yaw: 89.76833
pitch: 0.29302832
name: pipeline
