world: plots
x: 130.5
y: 67.0
z: 173.5
yaw: -179.56683
pitch: 1.0502859
name: plots
