world: plots
x: 147.42492762282416
y: 65.0
z: 196.49947554282173
yaw: -1.9519043
pitch: 90.0
name: plots
