world: plots
x: -279.5
y: 65.0
z: 401.5
yaw: -269.84784
pitch: 3.9047189
name: plots
