world: plots
x: 155.47147736909292
y: 79.0
z: 217.43014329625512
yaw: -358.04996
pitch: 90.0
name: plots
