world: plots
x: 125.0
y: 65.0
z: 123.0
yaw: 270.10422
pitch: 2.249989
name: plots
