world: plots
x: 0.5
y: 65.0
z: 0.5
yaw: 0.60000795
pitch: 12.750002
name: plots
