world: plots
x: 266.9010277066362
y: 64.0
z: 267.4536279726387
yaw: 270.80896
pitch: 5.6700616
name: plots
