world: plots
x: -59.5
y: 65.0
z: -220.5
yaw: 91.15994
pitch: 9.899945
name: pod
