world: office
x: -31.447487990481008
y: 137.0625
z: 29.888840656359385
yaw: 180.24548
pitch: 0.59993464
name: policeoffice
