world: survival112
x: -1740.3635185290575
y: 67.0
z: -575.2330249455599
yaw: -90.878296
pitch: 5.129737
name: police
