world: policeoffice
x: -0.52014525601289
y: 75.0625
z: 62.04247390292574
yaw: 182.5581
pitch: 1.2000755
name: police
