world: policeoffice
x: -0.5870335909218228
y: 75.0625
z: 60.877934546886266
yaw: 181.80762
pitch: 6.15005
name: police
