world: office
x: -31.616775593384205
y: 137.0
z: 30.82313623359377
yaw: 180.84277
pitch: 3.6000195
name: police
