world: greenfield
x: 402.05092207390817
y: 76.0
z: 226.06640804780866
yaw: 0.4407959
pitch: 34.949993
name: portalroom
