world: extremesumo
x: -1.5364454100600613
y: 5.0
z: 20.593826260413305
yaw: 136.35283
pitch: 1.4999988
name: purpleteamextremesumo
