world: pvpparkourlobby
x: -0.5921638844897597
y: 71.0
z: -4.490582762187321
yaw: -1.9499958
pitch: -5.5500064
name: pvpparkour
