world: pvpworldsruins
x: -1.5220668046997128
y: 73.0
z: 1.2542855588428763
yaw: -5.25
pitch: 7.1999984
name: pvpworldsruins
