world: pvpworldslobby
x: 0.12851860274258592
y: 83.0
z: 2.87900194181538
yaw: 90.60017
pitch: 13.349989
name: pvpworlds
