world: overvoid
x: -172.02038984740904
y: 95.0
z: 36.57503436136106
yaw: 0.24856156
pitch: -2.3999977
name: quarantine
