world: overvoid
x: -100.5013612123966
y: 97.4254650314839
z: 46.536466496375134
yaw: -180.35008
pitch: 8.249996
name: quarantine
