world: overvoid
x: -37.53113690277968
y: 96.0
z: 31.52053746079299
yaw: 0.0999128
pitch: -0.30000654
name: quarantine
