world: overvoid
x: -37.296028847659336
y: 96.0
z: 30.23708620271418
yaw: 1.7485962
pitch: 38.700016
name: quarantine
