world: overvoid
x: -150.35603135741383
y: 93.0
z: 42.12349782341956
yaw: -179.60028
pitch: 2.1000316
name: quarantine
