world: overvoid
x: -150.4868531777782
y: 93.0
z: 41.72738023476285
yaw: -90.49972
pitch: 2.549968
name: quarantine
