world: rapunzel
x: -730.7089050987355
y: 16.0625
z: 38.9220571092665
yaw: 216.81116
pitch: -0.34951916
name: rapunzel
