world: wooftywoo
x: 1481.5
y: 92.0
z: -4401.5
yaw: 89.703804
pitch: 2.9999945
name: redStoneNation
