world: pvpparkour
x: 0.10029138557125902
y: 99.0
z: -0.699999988079071
yaw: 0.15021598
pitch: 3.749974
name: redteampvpparkour
