world: elytrapvp
x: 2.6984725071815774
y: 121.0
z: -11.70431993687221
yaw: 90.74998
pitch: 21.450048
name: redteamelytrapvp
