world: rollercoaster
x: 0.4106633554849115
y: 249.0
z: -8.531117408433117
yaw: 1.7998948
pitch: 11.549977
name: rollercoaster
