world: plots
x: 318.6400983321174
y: 67.0
z: 123.22071008950742
yaw: -269.5949
pitch: 0.6000039
name: rules
