world: plots
x: 569.5
y: 65.0
z: 269.5
yaw: -180.94653
pitch: 9.749989
name: rules1
