world: rules
x: 1.5
y: 89.0
z: -1.5
yaw: 179.25005
pitch: -2.2499957
name: rules
