world: policeoffice
x: -0.5
y: 75.0
z: 77.5
yaw: 0.3001709
pitch: 0.45000866
name: rules
