world: office
x: -31.461932145157476
y: 137.0
z: 45.17222778012096
yaw: 0.99639
pitch: 2.7000434
name: rules
