world: plots
x: 339.5
y: 65.0
z: -119.5
yaw: -273.00015
pitch: 6.2999973
name: rules3
