world: policeoffice
x: -0.5551618057364561
y: 75.0
z: 77.74265309519609
yaw: 0.3001709
pitch: 0.45000866
name: rules
