world: plots
x: -268.5
y: 92.0
z: -955.5
yaw: 269.10117
pitch: 0.5999966
name: rules1
