world: plots
x: 15.930896011763402
y: 65.0
z: -116.07665520221825
yaw: -270.00024
pitch: -6.4500003
name: rules
