world: rules
x: -1.7552989235259098
y: 92.0625
z: -20.863660012074195
yaw: 1.0485557
pitch: -0.75910634
name: rules
