world: plots
x: 74.5
y: 65.0
z: 458.5
yaw: -3.2997131
pitch: 4.950011
name: rules3
