world: plots
x: 111.5
y: 65.0
z: 160.5
yaw: 175.39227
pitch: 1.453468
name: rules2
