world: policeoffice
x: -0.46511025958180274
y: 75.0
z: 77.77080125318047
yaw: -359.3928
pitch: 5.400073
name: rules
