world: policeoffice
x: -0.6446881957035687
y: 75.0
z: 78.13831517075114
yaw: 357.00732
pitch: 1.6500478
name: rules
