world: plots
x: -334.6830584529514
y: 65.0
z: 76.27438542891669
yaw: 88.83091
pitch: 5.249222
name: rules4
