world: rules
x: 1.314573966081262
y: 89.0
z: -0.4122964418257781
yaw: -183.59863
pitch: 1.8000618
name: rules
