world: runner
x: 0.3320947211352386
y: 96.0
z: 0.4638209977050288
yaw: 269.6992
pitch: 22.949978
name: runner
