world: tomorrowland
x: 3530.0
y: 121.0
z: 4303.0
yaw: 100.65003
pitch: 26.550003
name: secret
