world: policeoffice
x: -3.557332326060006
y: 75.0
z: 36.40755512099559
yaw: -270.13046
pitch: 2.157059
name: securitydoor2
