world: policeoffice
x: 8.42400636768215
y: 75.0
z: 53.457916439851054
yaw: -181.12268
pitch: 0.7007862
name: securitydoor1
