world: plots
x: 266.2743095842589
y: 65.0
z: 136.29109174894822
yaw: -142.84549
pitch: 19.199974
name: sexmachine
