world: shootingrange
x: 11.311923922862348
y: 78.0
z: 15.721187431301352
yaw: 313.6255
pitch: 0.8754873
name: shootingrange
