world: wooftywoo
x: 1387.5
y: 72.0
z: -4493.5
yaw: -86.24992
pitch: 7.9500055
name: shop
