world: flat
x: -622.4426770302208
y: 4.0
z: 266.7073545504361
yaw: -91.24866
pitch: 0.90001297
name: simplehouse
