world: wooftywoo
x: -351.45592141750393
y: 33.0
z: 892.2866866213619
yaw: 179.54971
pitch: 9.299998
name: skyBlock
