world: wooftywoo
x: -375.3482595766917
y: 72.0
z: 904.6138361577418
yaw: -88.94995
pitch: 26.550018
name: skyBlockReset
