world: wooftywoo
x: -938.5357578534384
y: 87.5
z: 1792.0343334730194
yaw: -179.89325
pitch: -20.399973
name: skyblocklobby
