world: wooftywoo
x: 4004.5
y: 91.0
z: 4039.5
yaw: -89.85139
pitch: 4.0499845
name: skyBlockResetReturn
