world: wooftywoo
x: 0.5
y: 10000.0
z: 0.5
yaw: -150.57837
pitch: 21.59995
name: skyDiving
