world: skyscraper
x: 0.5902228992800065
y: 47.0
z: 0.40978578178425884
yaw: 4.8000007
pitch: 89.7
name: skyscraper
