world: skywars
x: 1.5
y: 93.0
z: -59.5
yaw: 0.06082563
pitch: -7.325411E-6
name: skywars1
