world: skywars
x: -28.5
y: 93.0
z: -52.5
yaw: 0.060913086
pitch: 0.44999936
name: skywars12
