world: skywars
x: -52.5
y: 99.0
z: 17.5
yaw: 268.67062
pitch: 1.6500175
name: skywars15
