world: skywars
x: -46.5
y: 99.0
z: -32.5
yaw: 269.87097
pitch: 1.5000125
name: skywars18
