world: skywars
x: -52.5
y: 99.0
z: -16.5
yaw: 270.02087
pitch: 0.45000553
name: skywars17
