world: skywars
x: -16.5
y: 99.0
z: -52.5
yaw: 358.37112
pitch: -0.5999991
name: skywars20
