world: skywars
x: -28.5
y: 93.0
z: 45.5
yaw: 180.06097
pitch: 0.29997963
name: skywars8
