world: newcity
x: 989.5
y: 4.0
z: 2826.5
yaw: -213.27637
pitch: 17.399906
name: soccer
