world: soccer
x: 0.6464513786542764
y: 70.0
z: 0.5748728955976208
yaw: -270.00366
pitch: 1.3500086
name: soccer
