world: soulstone
x: 0.5
y: 1.0
z: 0.5
yaw: 90.58069
pitch: 5.590328
name: soulstone
