world: wooftywoo
x: -214.64882981910222
y: 62.5
z: 7934.476366609578
yaw: -230.50659
pitch: 7.718858
name: soupPalace
