world: plots
x: 216.6536050156055
y: 68.0
z: 220.8693729185769
yaw: -270.43475
pitch: -8.794224
name: spawnrules
