world: plots
x: 237.5
y: 65.0
z: 236.5
yaw: 90.42615
pitch: 2.0988503
name: spawn
