world: spawn
x: 0.5
y: 10.0
z: 0.5
yaw: -179.55048
pitch: 1.6499957
name: spawn
