world: starlabs
x: 468.4782891544871
y: 28.0
z: -352.47181603160726
yaw: -90.66742
pitch: 1.225046
name: speedlab
