world: speedforce
x: -1.5
y: 80.0
z: -185.5
yaw: -180.14998
pitch: 0.1500003
name: speedforce
