world: spleef
x: -35.5
y: 54.0
z: 28.5
yaw: 224.99084
pitch: 8.549992
name: spleeforange
