world: spleeg
x: -10.5
y: 15.0
z: 14.5
yaw: -90.00185
pitch: -1.6499926
name: splegg9
