world: wooftywoo
x: 662.5211989935906
y: 71.0
z: -1485.4767960763618
yaw: -89.967926
pitch: 18.299994
name: spleeflobbyv2
