world: lexstarklabs
x: -77.5
y: 79.0
z: 92.5
yaw: 0.28233463
pitch: 15.438381
name: spleeflobbyexit
