world: spleeg
x: 3.5
y: 15.0
z: 0.5
yaw: -359.10156
pitch: 1.4999933
name: splegg5
