world: spleeg
x: 8.5
y: 41.0
z: 13.5
yaw: -269.55237
pitch: -1.3499964
name: splegg
