world: spleeg
x: 17.5
y: 15.0
z: 28.5
yaw: -226.05075
pitch: 1.9500047
name: splegg3
