world: spleef
x: -13.203449082600933
y: 83.0
z: 4.893393856020909
yaw: 228.44093
pitch: 11.550004
name: spleefspectator
