world: wooftywoo
x: 708.5
y: 70.0
z: -1486.5
yaw: -0.41452026
pitch: -8.2500105
name: spleeflobbyv1
