world: spleeg
x: -9.5
y: 29.0
z: 13.5
yaw: -89.851845
pitch: 2.1000025
name: spleggspectator
