world: spleeg
x: -11.5
y: 15.0
z: 2.5
yaw: -47.550716
pitch: 8.099997
name: splegg1
