world: spleef
x: -25.858896665250896
y: 63.0
z: 9.89034022424181
yaw: 236.12985
pitch: 20.63721
name: spleefSpectator
