world: spleeg
x: 15.5
y: 15.0
z: -1.5
yaw: -316.05072
pitch: 5.100001
name: splegg4
