world: spleeg
x: 3.5
y: 15.0
z: 13.5
yaw: -203.25183
pitch: -0.89999807
name: splegg7
