world: spleeg
x: 16.5
y: 15.0
z: 14.5
yaw: -271.05194
pitch: -1.5000156
name: splegg8
