world: spleeg
x: 3.5
y: 15.0
z: 27.5
yaw: -181.95142
pitch: 2.9999733
name: splegg6
