world: wooftywoo
x: 1433.5
y: 89.0
z: -4579.5
yaw: -0.26186484
pitch: -2.09999
name: splitOrStealP1
