world: wooftywoo
x: 1427.8374027123798
y: 87.0
z: -4576.032977734195
yaw: -89.40046
pitch: 10.200036
name: splitOrSteal
