world: wooftywoo
x: 1433.5
y: 89.0
z: -4572.5
yaw: 180.33818
pitch: -1.2000004
name: splitOrStealP2
