world: colosseum
x: -24.733647358809606
y: 77.0
z: 0.5431887675968724
yaw: -89.1619
pitch: 8.855946
name: spott1
