world: greenfield
x: 69.5
y: 69.0
z: -267.5
yaw: -96.77856
pitch: 0.9000033
name: staffapps
