world: starktower
x: -245.35584405313423
y: 170.0
z: 343.6788782425803
yaw: -337.04208
pitch: 1.1667842
name: starktower
