world: broville
x: -174.46193714755694
y: 68.0
z: 1972.9030843095697
yaw: -34.994263
pitch: 4.601586
name: starlingcity
