world: infinitycity
x: -64.23571594911151
y: 32.0
z: 1159.3763822840904
yaw: 38.24823
pitch: -7.050056
name: starktower
