world: starlabs
x: 473.51559481238314
y: 32.0
z: -549.6250540722898
yaw: -359.7782
pitch: 1.5162959
name: starlabs
