world: flat
x: -863.5
y: 4.0
z: 529.5
yaw: -91.63164
pitch: -28.097256
name: stealth
