world: lexstarklabs
x: -75.5
y: 79.0
z: 130.5
yaw: 89.82531
pitch: 8.972494
name: straightlineparkourexit
