world: office
x: 17.5
y: 104.0
z: -5.5
yaw: -180.28203
pitch: 0.7590408
name: surprisekill
