world: survival
x: -329.51310908532787
y: 64.0
z: -22.347019520586915
yaw: -270.14886
pitch: 15.449951
name: survival
