world: survival
x: -329.4977192571678
y: 63.0
z: -13.439822778667292
yaw: -270.14886
pitch: 15.449951
name: survival
