world: survival
x: 0.5
y: 64.0
z: 0.5
yaw: -270.14948
pitch: 16.34997
name: survival
