world: '1_9'
x: 123.5
y: 63.0
z: -337.5
yaw: 177.59973
pitch: 3.0000029
name: survival
