world: survival
x: 86.5
y: 91.0
z: -109.5
yaw: -180.32117
pitch: 0.8999815
name: survival
