world: survival
x: 4.976587380701862
y: 68.0
z: 3.287558850739302
yaw: -268.7987
pitch: 4.1999283
name: survival
