world: '1_9'
x: 129.58011725070804
y: 67.0
z: -317.49147167050086
yaw: -90.59996
pitch: 5.399978
name: survival
