world: creative
x: 4208.724448156985
y: 128.0
z: 8280.506410956272
yaw: -353.5437
pitch: 13.500129
name: tallcreativejungletree
