world: greenfield
x: -1725.5
y: 69.0
z: 212.5
yaw: 269.53308
pitch: 2.7000055
name: tekindustriesmoneyroom1
