world: greenfield
x: -1729.5
y: 69.0625
z: 212.5
yaw: 89.83316
pitch: 0.44998232
name: tekindustriesmoneyroom2
