world: flat
x: 50.53423777571244
y: 4.0
z: 7008.663502478413
yaw: -178.05176
pitch: 76.34999
name: temp3
