world: '1_9'
x: 795.3169138061173
y: 72.0
z: -4026.2702189740207
yaw: 92.440796
pitch: 0.7499778
name: temp
