world: tomorrowland
x: 626.7340892026115
y: 81.61041801011106
z: 2744.0186785905585
yaw: 177.00044
pitch: 31.199995
name: temp
