world: legionofdoom
x: -202.66601470219894
y: 34.91437983349089
z: 543.5974077064743
yaw: -357.9734
pitch: 6.991761
name: temp2
