world: newcity
x: -247.1193311075292
y: 4.0
z: 3053.0898063716027
yaw: -184.36365
pitch: 13.800002
name: temp
