world: flat
x: 0.49722781956608875
y: 4.0
z: 3970.021250278895
yaw: 5.9982486
pitch: 78.74989
name: temp2
