world: anarchy
x: 1510.037304574725
y: 11.0
z: 2345.508599400953
yaw: 10.950043
pitch: 20.550016
name: temp
