world: lexstarklabs
x: -85.49606257329695
y: 79.0
z: 100.03316319531618
yaw: -247.3561
pitch: 19.74822
name: temp
