world: flat
x: 138.69999998807907
y: 49.0
z: -1064.300000011921
yaw: 136.33731
pitch: 85.650024
name: temp1
