world: '1_9'
x: -2550.9688907669
y: 71.0
z: 1236.758869538652
yaw: -114.01126
pitch: 24.899979
name: temp
