world: legionofdoom
x: -196.47686419769562
y: 30.0
z: 551.7263897650653
yaw: 359.15613
pitch: 0.7590358
name: temp1
