world: greenfield
x: -2016.9415284220229
y: 20.0
z: -47.282291070791445
yaw: -97.066895
pitch: 10.199991
name: temp1
