world: greenfield
x: 786.5914643984509
y: 115.40107143096517
z: -398.76738115376736
yaw: -89.11716
pitch: 44.39994
name: temp
