world: greenfield
x: -1686.421126769753
y: 69.0
z: 178.41380807330864
yaw: -90.74744
pitch: 2.249997
name: test1
