world: greenfield
x: -1696.5984939410146
y: 69.0
z: 179.5670895375427
yaw: -269.09732
pitch: 5.4000063
name: test2
