world: alpha
x: -1404.387356156902
y: 4.0
z: 1144.0311511103748
yaw: -0.29992676
pitch: -0.15002024
name: thealpha
