world: greenfield
x: -46.67411684111777
y: 110.0
z: -196.5244718017192
yaw: 88.97839
pitch: 40.486435
name: theoffice
