world: greenfield
x: -46.5
y: 110.0
z: -193.5
yaw: 89.73573
pitch: 44.564037
name: theoffice
