world: greenfield
x: -45.45397945533619
y: 110.0
z: -193.51353217474383
yaw: 89.509705
pitch: 2.764063
name: theoffice
