world: phantomzone
x: 0.0
y: 1.0
z: 0.0
yaw: 1.0485307
pitch: 1.6892873
name: thephantomzone
