world: plots
x: 239.5
y: 65.0
z: 195.5
yaw: -89.84787
pitch: 3.7881045
name: theworldroom
