world: creative
x: 24947.084234051104
y: 94.86019850022011
z: 21730.669080656306
yaw: -125.84955
pitch: 15.750026
name: thing
