world: flat
x: -1398.3414536509054
y: 150.0
z: -98.2692355047192
yaw: -297.25098
pitch: 55.20003
name: tiptop
