world: titantower
x: 76.55424628358885
y: 66.0
z: 138.5241480155874
yaw: 89.85003
pitch: -1.6500064
name: titantower
