world: titantower
x: 79.0
y: 66.0
z: 138.0
yaw: 89.549995
pitch: 1.6499865
name: titanstower
