world: newcity
x: -1118.9232040595368
y: 5.0
z: 2403.079415286825
yaw: -215.70049
pitch: -0.2999858
name: tntrun
