world: plots
x: 197.5
y: 65.0
z: 235.5
yaw: -180.01324
pitch: 4.0793686
name: todolist
