world: wooftywoo
x: 3500.5
y: 74.0
z: 4003.5
yaw: -137.74222
pitch: 38.549904
name: tokyodrift
