world: tomorrowland
x: 10.92320781154379
y: 90.0
z: -42.76737624604664
yaw: -0.14990234
pitch: 30.599987
name: tomorrowlandarena
