world: torture
x: -3.662981883985652
y: 69.0
z: -6.740627776855304
yaw: -291.30075
pitch: 27.899994
name: tortureadmin
