world: torture
x: -9.453283251218078
y: 69.0
z: -4.463553396367063
yaw: -91.1044
pitch: 13.807311
name: torture
