world: flat
x: -67.5
y: 4.0
z: -270.5
yaw: -269.70325
pitch: 10.499971
name: tournament
