world: towerparkour
x: 0.5
y: 67.0
z: 0.5
yaw: 180.15025
pitch: 12.749981
name: towerparkour
