world: greenfield
x: 162.82687348062126
y: 79.0
z: -80.57302164337646
yaw: -178.94867
pitch: 13.049993
name: transformationpod
