world: wooftywoo
x: 6540.377517233546
y: 71.0
z: -2749.476606601953
yaw: -268.50378
pitch: 6.749983
name: triathalon
