world: wooftywoo
x: -20941.5
y: 73.0
z: 137281.5
yaw: -33.80787
pitch: 25.349966
name: triathalonend
