world: turfwars
x: -2.5005290145077943
y: 110.5
z: 4.488221800359922
yaw: -180.14995
pitch: 0.74999774
name: turfwars
