world: survival112_nether
x: 32.861659765901436
y: 70.0
z: 44.20234307511961
yaw: 72.87233
pitch: 22.370287
name: underworld
