world: underworld
x: -3.014224624112784
y: 33.0
z: 115.24030990806426
yaw: 179.40057
pitch: 3.1499755
name: underworld
