world: underworld
x: -3.574864942712345
y: 3.0
z: 81.70732737032407
yaw: 359.844
pitch: 6.299983
name: underworldbackroom
