world: pvpworldsundergroundarmory
x: 7.503698914610798
y: 91.0
z: -5.667061945967813
yaw: -359.85052
pitch: 5.3999753
name: undergroundarmory
