world: underworld
x: -34.526480191652844
y: 13.0
z: -7.01850507533817
yaw: -268.19977
pitch: 13.199962
name: underworldcourt
