world: utopia
x: 9.902085435547411
y: 147.0
z: -0.5646128133928816
yaw: -270.45438
pitch: -2.9108562
name: utopia
