world: utopia
x: 10.5
y: 247.0
z: -0.5
yaw: 89.70699
pitch: 3.263834
name: utopia
