world: pornhub
x: 80.5
y: 70.0
z: 268.5
yaw: -226.20912
pitch: 1.0499957
name: MountOlympusV1
