world: vampirez
x: 3.5010646115603894
y: 102.0
z: 43.46709140837337
yaw: 359.995
pitch: -90.0
name: vampirez
