world: verticalparkour
x: 3.276253266372881
y: 98.0
z: -1.2965748787981857
yaw: 10.20015
pitch: 0.44980302
name: verticalparkour
