world: lexstarklabs
x: -94.5
y: 79.0
z: 122.5
yaw: -179.96669
pitch: 15.088885
name: verticalparkourexit
