world: kidnapped
x: -26.5
y: 4.0
z: -272.5
yaw: -99.38985
pitch: 9.750006
name: victims
