world: techcombatknockbackgame
x: 0.5
y: 112.0
z: -12.5
yaw: -93.899734
pitch: 5.4000325
name: victims
