world: lexstarklabs
x: -74.5
y: 89.0
z: 98.5
yaw: -269.79852
pitch: 19.224699
name: vrexit
