world: lexstarklabs
x: -121.4838743823314
y: 81.0
z: 148.33187986915672
yaw: -178.03992
pitch: 5.0113773
name: vrexit
