world: lexstarklabs
x: -116.5
y: 81.0
z: 149.5
yaw: -134.99083
pitch: 3.5550976
name: vrexit
