world: plots
x: 15.484788485589954
y: 65.0
z: -118.42129510894415
yaw: -92.55206
pitch: 10.500017
name: waifurules
