world: greenfield
x: 42.42072714115183
y: 77.0
z: 472.52967986353764
yaw: 93.599045
pitch: -1.0500181
name: waifurules
