world: plots
x: 41.5
y: 65.0
z: -24.5
yaw: 270.86218
pitch: 4.380628
name: waifurules
