world: plots
x: 20.280924763089804
y: 65.0
z: -40.52146527048647
yaw: -180.12952
pitch: -26.25
name: waifurules
