world: wallenpole
x: 4.5
y: 79.0
z: 11.5
yaw: -90.30205
pitch: 1.049991
name: wall&pole
