world: spawn
x: -80.5
y: 24.0
z: -85.5
yaw: -90.600464
pitch: 2.249942
name: warninghall
