world: waterprison
x: -53.44766906478541
y: 104.0
z: -35.26541409153166
yaw: -87.149666
pitch: 14.099971
name: waterprison2
