world: wooftywoo
x: -1478.1251277286108
y: 63.0
z: -6669.699999988079
yaw: 29.849977
pitch: -10.649999
name: waterTemple
