world: waterprison
x: -40.53357527941318
y: 123.0
z: -34.770594659733995
yaw: 1.5003308
pitch: 13.949985
name: waterprisonspectator
