world: waterprison
x: -51.6576063227878
y: 104.0
z: -36.40663752893107
yaw: -89.09967
pitch: 7.349976
name: waterprison
