world: waterprison
x: -40.351258563173076
y: 104.0
z: -22.5545904154897
yaw: -179.8497
pitch: 9.299971
name: waterprison5
