world: waynemanor
x: -26.372758515398736
y: 64.0
z: 688.2920326806284
yaw: 180.3454
pitch: -2.9107697
name: waynemanor
