world: '1_9'
x: -2658.0
y: 67.0
z: 1277.0
yaw: -89.70425
pitch: 0.89998436
name: wilderness2
