world: '1_9'
x: 123.5
y: 63.0
z: -337.5
yaw: 179.99965
pitch: 1.6500028
name: wilderness
