world: '1_9'
x: -2664.4667541839463
y: 67.0
z: 1292.3893418016996
yaw: -179.11108
pitch: 2.7000084
name: wilderness
