world: alpha
x: -1408.975719667088
y: 13.0
z: 1790.505025138743
yaw: -0.1524353
pitch: 21.299908
name: work
