world: vigilance_ruined_plots
x: 0.5
y: 65.0
z: 0.5
yaw: -2.3300514
pitch: 1.1067742
name: workshop
