world: theworldroom
x: 0.6224844495492294
y: 100.0
z: -5.267986155718361
yaw: 0.8666992
pitch: 11.999779
name: worldroom
