world: ooo
x: -255.5
y: 67.0
z: 13.5
yaw: -223.56851
pitch: -34.191685
name: worldofooo
