world: theworldroom
x: -6.5
y: 100.0
z: -4.5
yaw: -179.70377
pitch: 3.788105
name: worldroom
