world: plots
x: 193.30000001192093
y: 65.0
z: 193.30000001192093
yaw: -248.02997
pitch: -90.0
name: worldpicker
