world: extremesumo
x: -14.387374226460672
y: 5.0
z: 20.622975963635735
yaw: -137.09709
pitch: 0.59999967
name: yellowteamextremesumo
