jails: 
  hell: 
    world: survival_nether
    x: -71.52704426604956
    y: 33.0
    z: 268.6993376500362
    yaw: 0.45007324
    pitch: 11.250147
  water5: 
    world: waterprison
    x: -40.65432382846757
    y: 104.0
    z: -22.30000001192093
    yaw: -176.69969
    pitch: 6.899986
  water2: 
    world: waterprison
    x: -53.49006173987181
    y: 104.0
    z: -35.56100436413742
    yaw: -87.89966
    pitch: 16.649979
