spawns: 
  default: 
    world: spawn
    x: 0.43966973903962336
    y: 10.0
    z: 0.6576653732095729
    yaw: -179.55048
    pitch: 1.6499957
  newbies: 
    world: spawn
    x: 0.5
    y: 10.0
    z: 0.5
    yaw: -179.55048
    pitch: 1.6499957
  newbie: 
    world: survival
    x: 0.5
    y: 71.0
    z: 0.5
    yaw: -179.69992
    pitch: 1.0499943
