spawns: 
  default: 
    world: greenfield
    x: -25.5
    y: 69.0
    z: -215.5
    yaw: -180.01161
    pitch: 0.46778247
  newbies: 
    world: greenfield
    x: -25.5
    y: 69.0
    z: -215.5
    yaw: -180.01161
    pitch: 0.46778247
  blueteampvpparkour: 
    world: pvpparkour
    x: -14.922116048432347
    y: 99.0
    z: -0.578218946180046
    yaw: -1.0498127
    pitch: 11.549996
  redteampvpparkour: 
    world: pvpparkour
    x: 0.0576857827240741
    y: 99.0
    z: -0.49200436988445095
    yaw: -0.5998778
    pitch: 14.39998
