spawns: 
  default: 
    world: spawn
    x: 0.5
    y: 10.0
    z: 0.5
    yaw: -178.6593
    pitch: 1.3499979
  newbies: 
    world: greenfield
    x: -1712.5
    y: 70.0
    z: 130.5
    yaw: -0.23398513
    pitch: 1.3415639
  blueteampvpparkour: 
    world: pvpparkour
    x: -14.922116048432347
    y: 99.0
    z: -0.578218946180046
    yaw: -1.0498127
    pitch: 11.549996
  redteampvpparkour: 
    world: pvpparkour
    x: 0.0576857827240741
    y: 99.0
    z: -0.49200436988445095
    yaw: -0.5998778
    pitch: 14.39998
