spawns: 
  newbies: 
    world: lexstarklabs
    x: -106.5
    y: 79.0
    z: 139.5
    yaw: 0.34772125
    pitch: 1.3997941
