spawns: 
  default: 
    world: plots
    x: 237.5
    y: 65.0
    z: 236.5
    yaw: 90.42615
    pitch: 2.0988503
  newbies: 
    world: lexstarklabs
    x: 0.5991218525610357
    y: 59.0
    z: 9.535021391153697
    yaw: -359.81958
    pitch: 44.097946
  blueteampvpparkour: 
    world: pvpparkour
    x: -14.922116048432347
    y: 99.0
    z: -0.578218946180046
    yaw: -1.0498127
    pitch: 11.549996
  redteampvpparkour: 
    world: pvpparkour
    x: 0.0576857827240741
    y: 99.0
    z: -0.49200436988445095
    yaw: -0.5998778
    pitch: 14.39998
