spawns: 
  default: 
    world: spawn
    x: 0.5
    y: 10.0
    z: 0.5
    yaw: -178.6593
    pitch: 1.3499979
  newbies: 
    world: spawn
    x: 0.5
    y: 10.0
    z: 0.5
    yaw: -178.6593
    pitch: 1.3499979
  newbie: 
    world: survival
    x: 0.5
    y: 71.0
    z: 0.5
    yaw: -179.69992
    pitch: 1.0499943
