spawns: 
  default: 
    world: spawn
    x: 318.5
    y: 65.0
    z: -25.5
    yaw: -270.00903
    pitch: 0.45000514
  newbies: 
    world: lexstarklabs
    x: -10.5
    y: 59.0
    z: 0.5
    yaw: -179.80899
    pitch: -8.794178
