spawns: 
  default: 
    world: spawn
    x: 0.5
    y: 10.0
    z: 0.5
    yaw: -178.6593
    pitch: 1.3499979
  newbies: 
    world: greenfield
    x: -1738.5
    y: 69.0
    z: 199.5
    yaw: 269.832
    pitch: 0.7500028
