spawns: 
  default: 
    world: spawn
    x: 318.5
    y: 65.0
    z: -25.5
    yaw: -270.00903
    pitch: 0.45000514
  newbies: 
    world: lexstarklabs
    x: -10.513182982013618
    y: 59.0625
    z: 3.427956689936141
    yaw: 180.29768
    pitch: 1.8073332
