spawns: 
  default: 
    world: waterprison
    x: -41.64506110704197
    y: 123.0
    z: -35.491688225828106
    yaw: 91.2034
    pitch: 16.950008
  newbies: 
    world: greenfield
    x: -1738.5
    y: 69.0
    z: 199.5
    yaw: 269.832
    pitch: 0.7500028
  blueteampvpparkour: 
    world: pvpparkour
    x: -14.922116048432347
    y: 99.0
    z: -0.578218946180046
    yaw: -1.0498127
    pitch: 11.549996
  redteampvpparkour: 
    world: pvpparkour
    x: 0.0576857827240741
    y: 99.0
    z: -0.49200436988445095
    yaw: -0.5998778
    pitch: 14.39998
