spawns: 
  default: 
    world: spawn
    x: 318.5
    y: 65.0
    z: -25.5
    yaw: -270.00903
    pitch: 0.45000514
  newbies: 
    world: lexstarklabs
    x: -74.5
    y: 89.0
    z: 98.5
    yaw: 92.016
    pitch: -2.211763
