health: 1.5000009536743164
hunger: 17
exp: 0.0
exp-level: 0
remainingAir: 300
fireTicks: -20
saturation: 0.0
exhaustion: 2.0191991
