inventory: {}
health: 0.6666641235351562
hunger: 15
exp: 0.0
exp-level: 0
remainingAir: 300
fireTicks: -20
saturation: 15.0
exhaustion: 1.9536101
armor_contents: {}
