inventory: {}
health: 19.16666603088379
hunger: 16
exp: 0.0
exp-level: 1
remainingAir: 300
fireTicks: -20
saturation: 0.0
exhaustion: 0.61400414
armor_contents: {}
