inventory: {}
health: 13.166666984558105
hunger: 17
exp: 0.7777778
exp-level: 1
remainingAir: 300
fireTicks: -20
saturation: 17.0
exhaustion: 3.0290027
