inventory: {}
health: 4.666664123535156
hunger: 13
exp: 0.0
exp-level: 0
remainingAir: 300
fireTicks: -20
saturation: 0.0
exhaustion: 1.5676033
armor_contents: {}
