inventory: {}
health: 20.0
hunger: 17
exp: 0.0
exp-level: 0
remainingAir: 300
fireTicks: -20
saturation: 5.0
exhaustion: 0.0
armor_contents: {}
location:
  ==: org.bukkit.Location
  world: lavahop
  x: -17.560357467443886
  y: 59.00133597911215
  z: -21.57716156097217
  pitch: -5.0861974
  yaw: 359.9483
