inventory: {}
armor_contents: {}
health: 11.466659545898438
hunger: 13
exp: 0.17647064
exp-level: 5
remainingAir: 300
fireTicks: -20
saturation: 0.0
exhaustion: 0.4959375
