inventory: {}
armor_contents: {}
health: 32.0
hunger: 20
exp: 0.2727273
exp-level: 2
remainingAir: 300
fireTicks: -20
saturation: 19.0
exhaustion: 0.43753096
location:
  ==: org.bukkit.Location
  world: infinitycity
  x: -506.74026954317793
  y: 30.166109260938214
  z: 200.09736070991912
  pitch: 5.8060536
  yaw: 132.1498
potion_effect:
  '0':
    type: INCREASE_DAMAGE
    level: 2
    duration: 199209
  '1':
    type: DAMAGE_RESISTANCE
    level: 4
    duration: 199209
  '2':
    type: HEALTH_BOOST
    level: 2
    duration: 199209
