inventory: {}
health: 20.0
hunger: 20
exp: 0.52631575
exp-level: 6
remainingAir: 300
fireTicks: -20
saturation: 20.0
exhaustion: 1.9569999
armor_contents: {}
location:
  ==: org.bukkit.Location
  world: vigilance_ruined_plots
  x: -82.5
  y: 95.9312500178814
  z: 395.5
  pitch: 37.79983
  yaw: -234.72644
