inventory: {}
health: 20.0
hunger: 20
exp: 0.7777778
exp-level: 1
remainingAir: 300
fireTicks: -20
saturation: 20.0
exhaustion: 1.9569999
armor_contents: {}
location:
  ==: org.bukkit.Location
  world: vigilance_ruined_plots
  x: -84.68657588577204
  y: 69.49390748022948
  z: 32.648700233541035
  pitch: 58.200005
  yaw: -289.49072
