inventory: {}
health: 20.0
hunger: 20
exp: 0.52631575
exp-level: 6
remainingAir: 300
fireTicks: -20
saturation: 20.0
exhaustion: 1.9569999
armor_contents: {}
location:
  ==: org.bukkit.Location
  world: greenfield
  x: -24.72237838951328
  y: 69.0
  z: -222.7764607245546
  pitch: 27.379852
  yaw: 120.31863
