inventory: {}
health: 20.0
hunger: 20
exp: 0.5789473
exp-level: 6
remainingAir: 300
fireTicks: -20
saturation: 5.0
exhaustion: 0.0
armor_contents: {}
location:
  ==: org.bukkit.Location
  world: spleeflobby
  x: -5.797585924207428
  y: 65.0
  z: 8.150355633202375
  pitch: 34.04958
  yaw: -316.84836
