inventory: {}
health: 20.0
hunger: 20
exp: 0.0
exp-level: 0
remainingAir: 300
fireTicks: -20
saturation: 3.0
exhaustion: 2.867002
armor_contents: {}
location:
  ==: org.bukkit.Location
  world: greenfield
  x: -39.78096613459431
  y: 71.0
  z: -257.5304215234756
  pitch: 22.499992
  yaw: 359.9483
