inventory: {}
health: 20.0
hunger: 20
exp: 0.0
exp-level: 4
remainingAir: 300
fireTicks: -20
saturation: 20.0
exhaustion: 1.9569999
armor_contents: {}
location:
  ==: org.bukkit.Location
  world: vigilance_ruined_plots
  x: -83.41139547155727
  y: 64.27471810080027
  z: -1.395343190917985
  pitch: 62.099957
  yaw: -7.0660915
potion_effect:
  '0':
    type: DAMAGE_RESISTANCE
    level: 0
    duration: 238
