inventory: {}
health: 20.0
hunger: 20
exp: 0.0
exp-level: 0
remainingAir: 300
fireTicks: -20
saturation: 5.0
exhaustion: 0.0
armor_contents: {}
location:
  ==: org.bukkit.Location
  world: speedforce
  x: -2.2623978075378037
  y: 80.0
  z: -216.51501364706255
  pitch: 24.61556
  yaw: 0.0
