inventory: {}
health: 20.0
hunger: 20
exp: 0.8247422
exp-level: 27
remainingAir: 300
fireTicks: -20
saturation: 0.0
exhaustion: 3.0030074
