inventory: {}
health: 20.0
hunger: 20
exp: 0.0
exp-level: 0
remainingAir: 300
fireTicks: -20
saturation: 19.0
exhaustion: 1.2500113
armor_contents: {}
location:
  ==: org.bukkit.Location
  world: greenfield
  x: -16.12610072514049
  y: 69.0
  z: -206.06864893173957
  pitch: 45.146515
  yaw: 89.969574
potion_effect:
  '0':
    type: INVISIBILITY
    level: 1
    duration: 199876
