inventory: {}
health: 20.0
hunger: 20
exp: 0.0
exp-level: 4
remainingAir: 300
fireTicks: -20
saturation: 20.0
exhaustion: 1.9569999
armor_contents: {}
location:
  ==: org.bukkit.Location
  world: broville
  x: -207.30000001192093
  y: 69.0
  z: 1977.300000011921
  pitch: 86.45766
  yaw: -302.5841
