health: 20.0
hunger: 20
exp: 0.2727273
exp-level: 2
remainingAir: 300
fireTicks: -20
saturation: 12.0
exhaustion: 0.8890173
