health: 20.0
hunger: 20
exp: 0.5555556
exp-level: 1
remainingAir: 300
fireTicks: -20
saturation: 0.0
exhaustion: 2.7100124
