health: 7.3333330154418945
hunger: 17
exp: 0.0
exp-level: 0
remainingAir: 300
fireTicks: -20
saturation: 0.0
exhaustion: 3.1830008
inventory: {}
armor_contents: {}
