health: 10.166666984558105
hunger: 17
exp: 0.5555556
exp-level: 1
remainingAir: 300
fireTicks: -20
saturation: 0.0
exhaustion: 3.8669996
