health: 20.0
hunger: 20
exp: 0.2727273
exp-level: 2
remainingAir: 300
fireTicks: -20
saturation: 8.0
exhaustion: 2.967021
