inventory: {}
health: 18.666664123535156
hunger: 13
exp: 0.0
exp-level: 0
remainingAir: 300
fireTicks: -20
saturation: 0.0
exhaustion: 3.6312122
armor_contents: {}
