inventory: {}
armor_contents: {}
health: 20.0
hunger: 17
exp: 0.17307703
exp-level: 16
remainingAir: 300
fireTicks: -20
saturation: 16.0
exhaustion: 1.3093013
location:
  ==: org.bukkit.Location
  world: infinitycity
  x: -427.7513259651896
  y: 30.0
  z: 222.95868410600198
  pitch: 27.899988
  yaw: 0.0
potion_effect:
  '0':
    type: DAMAGE_RESISTANCE
    level: 4
    duration: 199782
  '1':
    type: WATER_BREATHING
    level: 1
    duration: 199782
