inventory: {}
armor_contents: {}
health: 15.5
hunger: 17
exp: 0.90909094
exp-level: 2
remainingAir: 300
fireTicks: -20
saturation: 3.0
exhaustion: 3.5840049
location:
  ==: org.bukkit.Location
  world: greenfield
  x: -163.44864476662633
  y: 55.644730306361296
  z: -273.68494463152894
  pitch: 10.782562
  yaw: 263.19025
