inventory: {}
armor_contents: {}
health: 20.0
hunger: 20
exp: 0.70967746
exp-level: 12
remainingAir: 300
fireTicks: -20
saturation: 0.0
exhaustion: 2.5150123
location:
  ==: org.bukkit.Location
  world: gotham
  x: 338.77606263644657
  y: 35.0
  z: 227.35610119485122
  pitch: -6.599985
  yaw: 5.1977234
