inventory: {}
armor_contents: {}
health: 10.333332061767578
hunger: 9
exp: 0.0
exp-level: 0
remainingAir: 300
fireTicks: -20
saturation: 0.0
exhaustion: 3.1007159
location:
  ==: org.bukkit.Location
  world: greenfield
  x: -667.5
  y: 70.0
  z: -902.5
  pitch: 5.2731805
  yaw: -272.53345
