inventory: {}
armor_contents: {}
health: 20.0
hunger: 10
exp: 0.6666667
exp-level: 4
remainingAir: 300
fireTicks: -20
saturation: 0.0
exhaustion: 0.0055298805
location:
  ==: org.bukkit.Location
  world: greenfield
  x: -26.199664543625552
  y: 69.0
  z: -216.11722981819105
  pitch: 19.660492
  yaw: 126.34778
potion_effect:
  '0':
    type: DAMAGE_RESISTANCE
    level: 4
    duration: 199111
  '1':
    type: WATER_BREATHING
    level: 1
    duration: 199111
