health: 20.0
hunger: 20
exp: 0.95744693
exp-level: 17
remainingAir: 300
fireTicks: -20
saturation: 4.0
exhaustion: 0.75820047
inventory: {}
ender_chest: {}
location:
  ==: org.bukkit.Location
  world: hogwarts
  x: 761.5072111107615
  y: 66.0
  z: 347.49759046164803
  pitch: -4.308838
  yaw: -106.53855
