health: 20.0
hunger: 20
exp: 0.7234044
exp-level: 17
remainingAir: 300
fireTicks: -20
saturation: 4.0
exhaustion: 0.75820047
inventory: {}
ender_chest: {}
location:
  ==: org.bukkit.Location
  world: waynemanor
  x: -36.504625857092186
  y: 63.796735600668704
  z: 729.1786493266972
  pitch: 14.613776
  yaw: -77.80957
