health: 20.0
hunger: 20
exp: 0.066666715
exp-level: 4
remainingAir: 300
fireTicks: -20
saturation: 19.0
exhaustion: 0.82102394
inventory: {}
ender_chest: {}
location:
  ==: org.bukkit.Location
  world: greenfield
  x: 19.867554627369273
  y: 94.0
  z: -254.06453984506965
  pitch: 17.356375
  yaw: -125.96818
