health: 20.0
hunger: 20
exp: 0.20689665
exp-level: 11
remainingAir: 300
fireTicks: -20
saturation: 0.0
exhaustion: 2.3181176
inventory: {}
ender_chest: {}
location:
  ==: org.bukkit.Location
  world: hallofjustice
  x: 50.150984943884545
  y: 4.0
  z: -17.704751755334915
  pitch: 11.699996
  yaw: 195.79854
