health: 20.0
hunger: 20
exp: 0.95744693
exp-level: 17
remainingAir: 300
fireTicks: -20
saturation: 4.0
exhaustion: 0.75820047
inventory: {}
ender_chest: {}
location:
  ==: org.bukkit.Location
  world: greenfield
  x: -41.679093424610144
  y: 69.0
  z: -215.69810478260843
  pitch: 0.9177812
  yaw: 209.79243
