health: 20.0
hunger: 20
exp: 0.25806454
exp-level: 12
remainingAir: 300
fireTicks: 0
saturation: 5.0
exhaustion: 0.0
inventory: {}
ender_chest: {}
location:
  ==: org.bukkit.Location
  world: greenfield
  x: 294.69999998807907
  y: 49.0
  z: 625.611146821869
  pitch: 10.017464
  yaw: 13.496104
