health: 20.0
hunger: 20
exp: 0.95744693
exp-level: 17
remainingAir: 300
fireTicks: -20
saturation: 19.0
exhaustion: 3.8482199
inventory: {}
ender_chest: {}
location:
  ==: org.bukkit.Location
  world: hilariousrace
  x: 21.813903584486265
  y: 80.0
  z: 1.3851640646934962
  pitch: 14.902746
  yaw: 271.54886
