health: 20.0
hunger: 20
exp: 0.45945942
exp-level: 15
remainingAir: 300
fireTicks: -20
saturation: 5.0
exhaustion: 0.0
inventory: {}
ender_chest: {}
location:
  ==: org.bukkit.Location
  world: vigilance_ruined_plots
  x: 136.73200406421756
  y: 71.56767966285543
  z: 5.699807838869463
  pitch: 53.40001
  yaw: -93.226456
