health: 20.0
hunger: 20
exp: 0.8275863
exp-level: 11
remainingAir: 300
fireTicks: -20
saturation: 0.0
exhaustion: 1.7200296
inventory: {}
ender_chest: {}
location:
  ==: org.bukkit.Location
  world: greenfield
  x: -26.859510777990856
  y: 69.0
  z: -215.653313052535
  pitch: 5.4177885
  yaw: 50.805725
