health: 20.0
hunger: 20
exp: 0.6923078
exp-level: 3
remainingAir: 300
fireTicks: -20
saturation: 19.0
exhaustion: 0.82102394
inventory: {}
ender_chest: {}
location:
  ==: org.bukkit.Location
  world: moblottery
  x: -7.617344332302848
  y: 77.0
  z: 6.140176398513592
  pitch: -6.331715
  yaw: 101.901054
