health: 20.0
hunger: 20
exp: 0.44680852
exp-level: 17
remainingAir: 300
fireTicks: -20
saturation: 5.0
exhaustion: 0.0
inventory: {}
ender_chest: {}
location:
  ==: org.bukkit.Location
  world: greenfield
  x: 78.54085612825286
  y: 88.0
  z: -181.32184100908356
  pitch: 43.919983
  yaw: -269.79852
