health: 20.0
hunger: 20
exp: 0.33333337
exp-level: 1
remainingAir: 300
fireTicks: -20
saturation: 2.0
exhaustion: 0.88620615
inventory: {}
ender_chest: {}
location:
  ==: org.bukkit.Location
  world: metropolis
  x: 271.5
  y: 30.0
  z: 159.5
  pitch: -2.0999258
  yaw: 357.46237
