health: 20.0
hunger: 20
exp: 0.88235295
exp-level: 5
remainingAir: 300
fireTicks: -20
saturation: 5.0
exhaustion: 0.0
inventory: {}
ender_chest: {}
location:
  ==: org.bukkit.Location
  world: vigilance_ruined_plots
  x: 0.42404792840906436
  y: 66.0
  z: 1.150381661154822
  pitch: 47.849957
  yaw: 51.362213
