health: 20.0
hunger: 20
exp: 0.41935486
exp-level: 12
remainingAir: 300
fireTicks: -20
saturation: 5.0
exhaustion: 0.0
inventory: {}
ender_chest: {}
location:
  ==: org.bukkit.Location
  world: waynemanor
  x: -0.41058994602199345
  y: 54.0
  z: 607.4795979355738
  pitch: 8.978582
  yaw: -171.23071
