health: 20.0
hunger: 20
exp: 0.8965518
exp-level: 11
remainingAir: 300
fireTicks: -20
saturation: 5.0
exhaustion: 0.0
inventory: {}
ender_chest: {}
location:
  ==: org.bukkit.Location
  world: elytraeasy
  x: -0.23367201234532908
  y: 50.419519860717074
  z: 3.09728799400038
  pitch: 26.249992
  yaw: -218.67767
