health: 20.0
hunger: 20
exp: 0.6086958
exp-level: 8
remainingAir: 300
fireTicks: -20
saturation: 5.0
exhaustion: 0.0
inventory: {}
ender_chest: {}
location:
  ==: org.bukkit.Location
  world: waynemanor
  x: -72.8107144596953
  y: 69.0
  z: 596.8363410517876
  pitch: -8.602665
  yaw: -19.010925
