health: 20.0
hunger: 20
exp: 0.8275863
exp-level: 11
remainingAir: 300
fireTicks: -20
saturation: 0.0
exhaustion: 1.7200296
inventory: {}
ender_chest: {}
location:
  ==: org.bukkit.Location
  world: greenfield
  x: -62.524319002128294
  y: 63.827117314324575
  z: -152.66373234233515
  pitch: 14.506346
  yaw: -195.16107
