health: 20.0
hunger: 20
exp: 0.8965518
exp-level: 11
remainingAir: 300
fireTicks: -20
saturation: 5.0
exhaustion: 0.0
inventory: {}
ender_chest: {}
location:
  ==: org.bukkit.Location
  world: greenfield
  x: -29.217073879953155
  y: 69.0
  z: -213.83542320527997
  pitch: 19.967785
  yaw: -61.775143
potion_effect:
  '0':
    type: INVISIBILITY
    level: 1
    duration: 174106
