health: 20.0
hunger: 20
exp: 0.6774193
exp-level: 12
remainingAir: 300
fireTicks: -20
saturation: 4.0
exhaustion: 0.75820047
inventory: {}
ender_chest: {}
location:
  ==: org.bukkit.Location
  world: ccjitters
  x: 2.3469979016575775
  y: 85.0
  z: -6.2581136978764835
  pitch: 4.6022224
  yaw: 184.38408
