health: 20.0
hunger: 20
exp: 0.44680852
exp-level: 17
remainingAir: 300
fireTicks: -20
saturation: 5.0
exhaustion: 0.0
inventory: {}
ender_chest: {}
location:
  ==: org.bukkit.Location
  world: greenfield
  x: -30.828619554432688
  y: 69.0
  z: -215.82948424344377
  pitch: 23.717783
  yaw: -184.06158
