health: 20.0
hunger: 20
exp: 0.6923078
exp-level: 3
remainingAir: 300
fireTicks: -20
saturation: 20.0
exhaustion: 0.036019802
inventory:
  '4':
    ==: org.bukkit.inventory.ItemStack
    type: LEVER
ender_chest: {}
location:
  ==: org.bukkit.Location
  world: deathrun
  x: 42.03249166257793
  y: 84.5
  z: -0.849592178153612
  pitch: 0.75466746
  yaw: -187.93475
