health: 20.0
hunger: 20
exp: 0.8965518
exp-level: 11
remainingAir: 300
fireTicks: -20
saturation: 0.0
exhaustion: 1.7200296
inventory: {}
ender_chest: {}
location:
  ==: org.bukkit.Location
  world: parkoureasy
  x: -0.9556528167814613
  y: 80.02442408821369
  z: -1.4253531540300606
  pitch: 60.450012
  yaw: -87.00696
