health: 20.0
hunger: 20
exp: 0.1538462
exp-level: 3
remainingAir: 300
fireTicks: -20
saturation: 10.0
exhaustion: 0.824
inventory:
  '0':
    ==: org.bukkit.inventory.ItemStack
    type: BONE
    amount: 2
ender_chest: {}
location:
  ==: org.bukkit.Location
  world: greenfield
  x: -65.05106681160972
  y: 63.0
  z: -77.39009732468371
  pitch: 61.800014
  yaw: -28.985321
