health: 20.0
hunger: 20
exp: 0.066666715
exp-level: 4
remainingAir: 300
fireTicks: -20
saturation: 19.0
exhaustion: 0.82102394
inventory:
  '8':
    ==: org.bukkit.inventory.ItemStack
    type: WOOD
    damage: 1
ender_chest: {}
location:
  ==: org.bukkit.Location
  world: metropolis
  x: 495.4486104250109
  y: 40.59147078965254
  z: 58.42147663889199
  pitch: 11.159946
  yaw: 233.14517
