health: 20.0
hunger: 20
exp: 0.095238276
exp-level: 7
remainingAir: 300
fireTicks: -20
saturation: 0.0
exhaustion: 0.32204792
inventory:
  '0':
    ==: org.bukkit.inventory.ItemStack
    type: ROTTEN_FLESH
    amount: 4
ender_chest: {}
location:
  ==: org.bukkit.Location
  world: greenfield
  x: 46.24835155540088
  y: 62.0
  z: -594.9165850267837
  pitch: 39.617756
  yaw: -4.994995
