health: 20.0
hunger: 20
exp: 0.45945942
exp-level: 15
remainingAir: 300
fireTicks: -20
saturation: 5.0
exhaustion: 0.0
inventory: {}
ender_chest: {}
location:
  ==: org.bukkit.Location
  world: vigilance_ruined_plots
  x: 129.41089331717868
  y: 78.57839661136778
  z: 0.30000001192092884
  pitch: -7.949951
  yaw: -269.79852
