health: 20.0
hunger: 20
exp: 0.41935486
exp-level: 12
remainingAir: 300
fireTicks: -20
saturation: 5.0
exhaustion: 0.0
inventory: {}
ender_chest: {}
location:
  ==: org.bukkit.Location
  world: waynemanor
  x: -3.938595301134783
  y: 64.0
  z: 692.9050815091716
  pitch: 38.384556
  yaw: 84.9548
