health: 20.0
hunger: 20
exp: 0.40000013
exp-level: 9
remainingAir: 300
fireTicks: -20
saturation: 0.0
exhaustion: 2.3181176
inventory: {}
ender_chest: {}
location:
  ==: org.bukkit.Location
  world: waynemanor
  x: -26.499417474260554
  y: 64.0
  z: 688.4020017385483
  pitch: -2.9107697
  yaw: -260.04565
