health: 20.0
hunger: 20
exp: 1.0331472E-7
exp-level: 4
remainingAir: 300
fireTicks: -20
saturation: 5.0
exhaustion: 0.0
inventory: {}
ender_chest: {}
location:
  ==: org.bukkit.Location
  world: hogwarts
  x: 759.9869945409047
  y: 66.0
  z: 346.67624578279225
  pitch: 13.293743
  yaw: -5.12791
