health: 20.0
hunger: 20
exp: 0.15789479
exp-level: 6
remainingAir: 300
fireTicks: -20
saturation: 5.0
exhaustion: 0.0
inventory:
  '5':
    ==: org.bukkit.inventory.ItemStack
    type: CONCRETE
ender_chest: {}
location:
  ==: org.bukkit.Location
  world: straightlineparkour
  x: -17.6362803306223
  y: -179.30266557293697
  z: -5.451751227670998
  pitch: 21.749992
  yaw: 0.724823
