health: 20.0
hunger: 20
exp: 0.40000013
exp-level: 9
remainingAir: 300
fireTicks: -20
saturation: 0.0
exhaustion: 2.3181176
inventory: {}
ender_chest: {}
location:
  ==: org.bukkit.Location
  world: elytrahard
  x: 5.993858939586147
  y: 4.0
  z: -2.331456926189518
  pitch: 10.5668955
  yaw: -279.46606
