health: 20.0
hunger: 20
exp: 0.8275863
exp-level: 11
remainingAir: 300
fireTicks: -20
saturation: 0.0
exhaustion: 1.7200296
inventory: {}
ender_chest: {}
location:
  ==: org.bukkit.Location
  world: greenfield
  x: -25.49285022256663
  y: 69.0
  z: -216.1457813424555
  pitch: 37.36778
  yaw: -313.92456
