health: 20.0
hunger: 20
exp: 0.0
exp-level: 0
remainingAir: 300
fireTicks: -20
saturation: 5.0
exhaustion: 0.0
inventory: {}
ender_chest: {}
location:
  ==: org.bukkit.Location
  world: gotham
  x: 215.71989142403328
  y: 54.97010191704774
  z: 264.78008917167796
  pitch: -0.8381056
  yaw: -133.2673
