health: 20.0
hunger: 20
exp: 0.45945942
exp-level: 15
remainingAir: 300
fireTicks: -20
saturation: 5.0
exhaustion: 0.0
inventory: {}
ender_chest: {}
location:
  ==: org.bukkit.Location
  world: waynemanor
  x: -27.28341605069209
  y: 65.74918707874468
  z: 672.5209177861183
  pitch: 5.8210354
  yaw: -168.18835
