health: 20.0
hunger: 20
exp: 0.44680852
exp-level: 17
remainingAir: 300
fireTicks: -20
saturation: 5.0
exhaustion: 0.0
inventory:
  '4':
    ==: org.bukkit.inventory.ItemStack
    type: STAINED_GLASS_PANE
ender_chest: {}
location:
  ==: org.bukkit.Location
  world: vigilance_ruined_plots
  x: 184.30000001192093
  y: 80.76467626554108
  z: 4.404753454930667
  pitch: 6.9000206
  yaw: 47.101036
