health: 20.0
hunger: 20
exp: 0.44680852
exp-level: 17
remainingAir: 300
fireTicks: -20
saturation: 5.0
exhaustion: 0.0
inventory: {}
ender_chest: {}
location:
  ==: org.bukkit.Location
  world: lavahop
  x: -10.90421661862738
  y: 58.5
  z: 8.522391817278248
  pitch: 1.8541394
  yaw: -289.17493
potion_effect:
  '0':
    type: INVISIBILITY
    level: 1
    duration: 165449
