health: 20.0
hunger: 20
exp: 0.8965518
exp-level: 11
remainingAir: 300
fireTicks: -20
saturation: 5.0
exhaustion: 0.0
inventory:
  '1':
    ==: org.bukkit.inventory.ItemStack
    type: STICK
ender_chest: {}
location:
  ==: org.bukkit.Location
  world: greenfield
  x: -4.592904441774717
  y: 69.41999998688698
  z: -245.40045340397222
  pitch: 28.424532
  yaw: -87.27661
