health: 20.0
hunger: 20
exp: 0.41935486
exp-level: 12
remainingAir: 300
fireTicks: -20
saturation: 5.0
exhaustion: 0.0
inventory: {}
ender_chest: {}
location:
  ==: org.bukkit.Location
  world: ccjitters
  x: -1.4553493930338206
  y: 85.0
  z: -1.9753831336349195
  pitch: -13.250154
  yaw: 89.32882
