health: 20.0
hunger: 20
exp: 0.3684212
exp-level: 6
remainingAir: 300
fireTicks: -20
saturation: 4.0
exhaustion: 3.1830118
inventory:
  '0':
    ==: org.bukkit.inventory.ItemStack
    type: LEASH
ender_chest: {}
location:
  ==: org.bukkit.Location
  world: greenfield
  x: -30.246402356704177
  y: 69.0
  z: -210.36582243571863
  pitch: 7.667784
  yaw: -271.14496
