health: 20.0
hunger: 20
exp: 0.41935486
exp-level: 12
remainingAir: 300
fireTicks: -20
saturation: 5.0
exhaustion: 0.0
inventory: {}
ender_chest: {}
location:
  ==: org.bukkit.Location
  world: pokemon
  x: -231.30000001192093
  y: 64.0
  z: -170.55127218221253
  pitch: 10.1167555
  yaw: -274.23743
