health: 20.0
hunger: 18
exp: 0.6923078
exp-level: 3
remainingAir: 300
fireTicks: -20
saturation: 0.0
exhaustion: 0.036019802
inventory: {}
ender_chest: {}
location:
  ==: org.bukkit.Location
  world: greenfield
  x: -24.87049772986811
  y: 69.0
  z: -255.73992950217024
  pitch: -2.0999632
  yaw: -175.90338
