health: 20.0
hunger: 20
exp: 0.1538462
exp-level: 3
remainingAir: 300
fireTicks: -20
saturation: 0.0
exhaustion: 0.108016014
inventory: {}
ender_chest: {}
location:
  ==: org.bukkit.Location
  world: greenfield
  x: -25.5
  y: 69.0
  z: -215.5
  pitch: 0.46778247
  yaw: 124.819336
