health: 20.0
hunger: 20
exp: 0.8275863
exp-level: 11
remainingAir: 300
fireTicks: -20
saturation: 0.0
exhaustion: 1.7200296
inventory: {}
ender_chest: {}
location:
  ==: org.bukkit.Location
  world: vigilance_ruined_plots
  x: 14.428256018516828
  y: 68.5
  z: -5.04530057168574
  pitch: 56.913296
  yaw: -179.30098
