health: 20.0
hunger: 20
exp: 0.37837836
exp-level: 15
remainingAir: 300
fireTicks: -20
saturation: 5.0
exhaustion: 0.0
inventory: {}
ender_chest: {}
location:
  ==: org.bukkit.Location
  world: waynemanor
  x: 8.5
  y: 56.93125001788139
  z: 596.5
  pitch: 16.750145
  yaw: -23.892944
