health: 20.0
hunger: 20
exp: 0.5135135
exp-level: 15
remainingAir: 300
fireTicks: -20
saturation: 5.0
exhaustion: 0.0
inventory:
  '0':
    ==: org.bukkit.inventory.ItemStack
    type: WOOD_AXE
ender_chest: {}
location:
  ==: org.bukkit.Location
  world: vigilance_ruined_plots
  x: 146.75626508031394
  y: 69.70212020288314
  z: -4.947767736823543
  pitch: 28.556786
  yaw: -163.66504
