health: 20.0
hunger: 20
exp: 0.6451613
exp-level: 12
remainingAir: 300
fireTicks: -20
saturation: 5.0
exhaustion: 0.0
inventory: {}
ender_chest: {}
location:
  ==: org.bukkit.Location
  world: greenfield
  x: -16.29905440387719
  y: 74.0
  z: -205.29660446058458
  pitch: 52.07737
  yaw: -287.8993
