health: 20.0
hunger: 20
exp: 0.45945942
exp-level: 15
remainingAir: 300
fireTicks: -20
saturation: 5.0
exhaustion: 0.0
inventory: {}
ender_chest: {}
location:
  ==: org.bukkit.Location
  world: vigilance_ruined_plots
  x: -66.41944445012571
  y: 95.0
  z: 261.7032456754035
  pitch: 52.500046
  yaw: 18.051554
