inventory: {}
health: 20.0
hunger: 20
exp: 0.0
exp-level: 0
remainingAir: 300
fireTicks: -20
saturation: 0.0
exhaustion: 0.18721151
armor_contents: {}
ender_chest: {}
location:
  ==: org.bukkit.Location
  world: greenfield
  x: -13.251023795455694
  y: 75.21300004944185
  z: -222.59234010403455
  pitch: 64.42975
  yaw: 286.2984
potion_effect:
  '0':
    type: WATER_BREATHING
    level: 1
    duration: 199643
  '1':
    type: DAMAGE_RESISTANCE
    level: 4
    duration: 199643
