inventory: {}
health: 20.0
hunger: 17
exp: 0.63636374
exp-level: 2
remainingAir: 300
fireTicks: -20
saturation: 20.0
exhaustion: 1.5839058
armor_contents: {}
ender_chest: {}
location:
  ==: org.bukkit.Location
  world: greenfield
  x: -23.2840836526991
  y: 69.0
  z: -215.6279811960054
  pitch: 81.19899
  yaw: 181.59839
potion_effect:
  '0':
    type: DAMAGE_RESISTANCE
    level: 4
    duration: 199818
  '1':
    type: WATER_BREATHING
    level: 1
    duration: 199818
