inventory: {}
health: 20.0
hunger: 20
exp: 0.7586204
exp-level: 11
remainingAir: 300
fireTicks: -20
saturation: 11.0
exhaustion: 2.037421
