inventory: {}
health: 13.833334922790527
hunger: 16
exp: 0.6363636
exp-level: 2
remainingAir: 300
fireTicks: -20
saturation: 0.0
exhaustion: 3.3360245
armor_contents: {}
