potion_effect:
  '0':
    type: SPEED
    level: 2
    duration: 199805
  '1':
    type: JUMP
    level: 5
    duration: 199767
health: 12.000000953674316
hunger: 20
exp: 0.0
exp-level: 0
remainingAir: 300
fireTicks: -20
saturation: 0.0
exhaustion: 0.95400023
