inventory: {}
health: 20.0
hunger: 20
exp: 0.39393947
exp-level: 13
remainingAir: 300
fireTicks: -20
saturation: 5.0
exhaustion: 0.87799996
