health: 17.0
hunger: 12
exp: 0.85714287
exp-level: 0
remainingAir: 300
fireTicks: -20
saturation: 0.0
exhaustion: 0.17100763
inventory: {}
