potion_effect:
  '0':
    type: SPEED
    level: 50
    duration: 199749
  '1':
    type: FAST_DIGGING
    level: 40
    duration: 199523
  '2':
    type: JUMP
    level: 5
    duration: 199460
health: 14.333333015441895
hunger: 20
exp: 0.0
exp-level: 0
remainingAir: 300
fireTicks: -20
saturation: 2.0
exhaustion: 2.4500003
