health: 20.0
hunger: 20
exp: 0.88235295
exp-level: 5
remainingAir: 300
fireTicks: -20
saturation: 0.0
exhaustion: 0.32905668
inventory: {}
armor_contents: {}
ender_chest: {}
location:
  ==: org.bukkit.Location
  world: greenfield
  x: -19.428188958940126
  y: 69.0
  z: -223.32451777431527
  pitch: 11.302532
  yaw: 174.6648
