health: 6.999952793121338
hunger: 17
exp: 0.54545456
exp-level: 2
remainingAir: 300
fireTicks: -20
saturation: 0.0
exhaustion: 2.5136147
inventory: {}
armor_contents: {}
ender_chest: {}
