inventory: {}
health: 20.0
hunger: 17
exp: 0.88888884
exp-level: 1
remainingAir: 300
fireTicks: -20
saturation: 0.0
exhaustion: 1.7164563
