health: 20.0
hunger: 20
exp: 0.0
exp-level: 0
remainingAir: 300
fireTicks: -20
saturation: 0.0
exhaustion: 1.8320814
inventory: {}
location:
  ==: org.bukkit.Location
  world: survival112
  x: 1612.6058487451198
  y: 124.86944532762953
  z: -405.53631132174075
  pitch: 57.299984
  yaw: -89.17676
