health: 20.0
hunger: 20
exp: 0.45454547
exp-level: 2
remainingAir: 300
fireTicks: -20
saturation: 0.0
exhaustion: 0.61803937
