health: 20.0
hunger: 20
exp: 0.0
exp-level: 0
remainingAir: 300
fireTicks: -20
saturation: 0.0
exhaustion: 2.6333506
location:
  ==: org.bukkit.Location
  world: survival112
  x: -1662.5
  y: 64.0
  z: -816.5
  pitch: -9.354743
  yaw: 338.24896
