health: 20.0
hunger: 20
exp: 0.0
exp-level: 0
remainingAir: 300
fireTicks: -20
saturation: 0.0
exhaustion: 1.2973484
location:
  ==: org.bukkit.Location
  world: survival112
  x: -132.5
  y: 73.0
  z: 82.5
  pitch: 3.846365
  yaw: -268.0509
