health: 20.0
hunger: 20
exp: 0.0
exp-level: 0
remainingAir: 300
fireTicks: -20
saturation: 0.0
exhaustion: 2.6254642
location:
  ==: org.bukkit.Location
  world: spawn
  x: 318.5
  y: 65.0
  z: -25.5
  pitch: 0.45000514
  yaw: -99.80078
