health: 17.33333396911621
hunger: 20
exp: 0.0
exp-level: 0
remainingAir: 300
fireTicks: 161
saturation: 2.0
exhaustion: 2.3999996
