health: 1.0000004768371582
hunger: 20
exp: 0.0
exp-level: 0
remainingAir: 300
fireTicks: -20
saturation: 1.0
exhaustion: 2.2061996
