health: 3.880002975463867
hunger: 6
exp: 0.0
exp-level: 0
remainingAir: 300
fireTicks: -20
saturation: 0.0
exhaustion: 0.13103513
