health: 0.03600454330444336
hunger: 12
exp: 0.0
exp-level: 0
remainingAir: 300
fireTicks: -20
saturation: 0.0
exhaustion: 0.77300525
