health: 20.0
hunger: 20
exp: 0.0
exp-level: 0
remainingAir: 300
fireTicks: 0
saturation: 5.0
exhaustion: 0.0
location:
  ==: org.bukkit.Location
  world: survival112
  x: -1275.5
  y: 70.0999984741211
  z: 185.5
  pitch: 0.0
  yaw: 90.94913
