health: 8.933333396911621
hunger: 16
exp: 0.0
exp-level: 0
remainingAir: 300
fireTicks: -20
saturation: 0.0
exhaustion: 3.7730026
inventory: {}
