health: 0.8813366889953613
hunger: 15
exp: 0.0
exp-level: 0
remainingAir: 300
fireTicks: -20
saturation: 0.0
exhaustion: 3.757001
