inventory: {}
health: 3.4653353691101074
hunger: 15
exp: 0.0
exp-level: 0
remainingAir: 300
fireTicks: -20
saturation: 0.0
exhaustion: 3.708013
location:
  ==: org.bukkit.Location
  world: lexstarklabs
  x: -87.5
  y: 79.0
  z: 95.5
  pitch: 14.622873
  yaw: -180.70142
