inventory: {}
health: 9.225334167480469
hunger: 16
exp: 0.076923005
exp-level: 3
remainingAir: 300
fireTicks: -20
saturation: 0.0
exhaustion: 3.9530127
