health: 2.0960030555725098
hunger: 11
exp: 0.0
exp-level: 0
remainingAir: 300
fireTicks: -20
saturation: 0.0
exhaustion: 2.0400074
location:
  ==: org.bukkit.Location
  world: lexstarklabs
  x: -87.5
  y: 79.0
  z: 95.5
  pitch: 14.622873
  yaw: 306.667
