health: 7.0373358726501465
hunger: 10
exp: 0.0
exp-level: 0
remainingAir: 300
fireTicks: -20
saturation: 0.0
exhaustion: 1.0120081
