health: 2.0493345260620117
hunger: 13
exp: 0.0
exp-level: 0
remainingAir: 300
fireTicks: -20
saturation: 0.0
exhaustion: 0.106007084
inventory: {}
