health: 10.034669876098633
hunger: 15
exp: 0.0
exp-level: 0
remainingAir: 300
fireTicks: -20
saturation: 0.0
exhaustion: 3.772002
inventory: {}
