health: 2.4173309803009033
hunger: 14
exp: 0.0
exp-level: 0
remainingAir: 300
fireTicks: -20
saturation: 0.0
exhaustion: 0.3840042
