health: 2.3040003776550293
hunger: 4
exp: 0.0
exp-level: 0
remainingAir: 300
fireTicks: -20
saturation: 0.0
exhaustion: 2.0690238
inventory: {}
