health: 0.6106662750244141
hunger: 6
exp: 0.0
exp-level: 0
remainingAir: 300
fireTicks: -20
saturation: 0.0
exhaustion: 1.0340307
