health: 5.744006633758545
hunger: 6
exp: 0.0
exp-level: 0
remainingAir: 300
fireTicks: -20
saturation: 0.0
exhaustion: 2.492012
