health: 2.9960055351257324
hunger: 12
exp: 0.0
exp-level: 0
remainingAir: 300
fireTicks: -20
saturation: 0.0
exhaustion: 0.28002915
