health: 20.0
hunger: 20
exp: 0.0
exp-level: 0
remainingAir: 300
fireTicks: -20
saturation: 0.0
exhaustion: 2.6453187
inventory:
  '5':
    ==: org.bukkit.inventory.ItemStack
    type: STAINED_GLASS
    damage: 3
location:
  ==: org.bukkit.Location
  world: survival112
  x: -985.3000000119209
  y: 64.0
  z: 184.86631415828023
  pitch: -4.336447
  yaw: -90.1546
