health: 20.0
hunger: 20
exp: 0.0
exp-level: 0
remainingAir: 300
fireTicks: -20
saturation: 5.0
exhaustion: 0.0
inventory:
  '0':
    ==: org.bukkit.inventory.ItemStack
    type: ITEM_FRAME
location:
  ==: org.bukkit.Location
  world: survival112
  x: 220.48750001192093
  y: 71.41814764523157
  z: -261.30000001192093
  pitch: 85.757515
  yaw: 180.70712
