health: 20.0
hunger: 20
exp: 0.0
exp-level: 0
remainingAir: 300
fireTicks: -20
saturation: 20.0
exhaustion: 0.0
inventory: {}
location:
  ==: org.bukkit.Location
  world: survival112
  x: -153.04946411384907
  y: 106.97751196086784
  z: 76.56298738686269
  pitch: 57.083923
  yaw: 88.01312
