health: 20.0
hunger: 20
exp: 0.0
exp-level: 0
remainingAir: 300
fireTicks: -20
saturation: 20.0
exhaustion: 0.0
inventory: {}
location:
  ==: org.bukkit.Location
  world: survival112
  x: -950.5935674376097
  y: 68.0
  z: 1147.9939726799432
  pitch: 11.878756
  yaw: 270.12305
