health: 20.0
hunger: 20
exp: 0.0
exp-level: 0
remainingAir: 300
fireTicks: -20
saturation: 5.0
exhaustion: 0.0
inventory: {}
armor_contents: {}
location:
  ==: org.bukkit.Location
  world: lexstarklabs
  x: -74.71509146541113
  y: 85.0
  z: 105.28158318803801
  pitch: 14.991432
  yaw: 179.94994
