health: 20.0
hunger: 20
exp: 0.0
exp-level: 0
remainingAir: 300
fireTicks: -20
saturation: 20.0
exhaustion: 0.0
inventory: {}
armor_contents: {}
location:
  ==: org.bukkit.Location
  world: survival112
  x: -986.1286012951952
  y: 64.0
  z: 191.51919544680754
  pitch: 12.449968
  yaw: 90.75168
