health: 20.0
hunger: 20
exp: 0.076923005
exp-level: 3
remainingAir: 300
fireTicks: -20
saturation: 0.0
exhaustion: 0.2570195
inventory: {}
armor_contents: {}
location:
  ==: org.bukkit.Location
  world: spawn
  x: 318.5
  y: 65.0
  z: -25.5
  pitch: 0.45000514
  yaw: 356.2707
