health: 20.0
hunger: 20
exp: 0.076923005
exp-level: 3
remainingAir: 300
fireTicks: -20
saturation: 0.0
exhaustion: 1.5400192
inventory: {}
armor_contents: {}
location:
  ==: org.bukkit.Location
  world: survival112
  x: -132.5
  y: 73.0
  z: 82.5
  pitch: 3.846365
  yaw: 107.754456
