health: 18.833332061767578
hunger: 17
exp: 0.0
exp-level: 0
remainingAir: 300
fireTicks: -20
saturation: 0.0
exhaustion: 0.34430218
inventory: {}
