health: 15.833332061767578
hunger: 14
exp: 0.0
exp-level: 0
remainingAir: 300
fireTicks: -20
saturation: 0.0
exhaustion: 2.5653062
inventory: {}
