health: 18.0
hunger: 6
exp: 0.42857143
exp-level: 0
remainingAir: 300
fireTicks: -20
saturation: 0.0
exhaustion: 0.48902148
inventory: {}
