health: 20.0
hunger: 20
exp: 0.33333337
exp-level: 1
remainingAir: 300
fireTicks: -20
saturation: 16.0
exhaustion: 1.415105
