health: 19.83333396911621
hunger: 20
exp: 0.0
exp-level: 0
remainingAir: 300
fireTicks: -20
saturation: 1.0
exhaustion: 1.0999999
