health: 12.166666030883789
hunger: 20
exp: 0.0
exp-level: 0
remainingAir: 300
fireTicks: -20
saturation: 1.0
exhaustion: 3.3860006
