health: 20.0
hunger: 20
exp: 0.0
exp-level: 0
remainingAir: 300
fireTicks: -20
saturation: 0.0
exhaustion: 0.17600155
inventory: {}
location:
  ==: org.bukkit.Location
  world: lexstarklabs
  x: -81.7193696865505
  y: 79.0
  z: 122.71132733280442
  pitch: 17.516703
  yaw: 55.13936
