health: 20.0
hunger: 20
exp: 0.0
exp-level: 0
remainingAir: 300
fireTicks: -20
saturation: 0.0
exhaustion: 0.17600155
inventory: {}
location:
  ==: org.bukkit.Location
  world: lexstarklabs
  x: -108.79112402739726
  y: 79.0
  z: 143.1645141062279
  pitch: 1.3997941
  yaw: -359.47632
