inventory: {}
health: 20.0
hunger: 20
exp: 0.0
exp-level: 0
remainingAir: 300
fireTicks: -20
saturation: 0.0
exhaustion: 3.264107
location:
  ==: org.bukkit.Location
  world: colosseum
  x: -23.40656255582629
  y: 77.0
  z: 1.4257866339624194
  pitch: 4.702911
  yaw: 207.7691
