lastAccountName: StarSky3034
timestamps:
  login: 1503940728568
  logout: 1503941087648
  lastteleport: 1503940856999
ipAddress: 24.63.155.238
geolocation: United States
lastlocation:
  world: greenfield
  x: -4.732825802851759
  y: 123.0625
  z: -193.86830157018483
  yaw: -10.880714
  pitch: 46.499996
logoutlocation:
  world: lexstarklabs
  x: -3.553111090709537
  y: 59.0
  z: 40.07900664293164
  yaw: -19.842386
  pitch: 22.300762
money: '0'
