geolocation: Finland
lastAccountName: Atsuli
timestamps:
  login: 1509299682737
  lastteleport: 1509299693146
  logout: 1509299896230
ipAddress: 91.159.250.212
lastlocation:
  world: survival112
  x: -116.5
  y: 71.0
  z: 79.5
  yaw: 140.90324
  pitch: 6.197333
godmode: false
teleportenabled: true
logoutlocation:
  world: lexstarklabs
  x: -16.092984869396858
  y: 59.0625
  z: 22.397025821585046
  yaw: -2.61969
  pitch: -10.846227
