lastAccountName: BammyBoy
timestamps:
  login: 1495137270634
  lastteleport: 1495137409047
  logout: 1495137746055
ipAddress: 73.171.191.15
geolocation: United States
lastlocation:
  world: greenfield
  x: -5.626648343850612
  y: 124.08692408821369
  z: -179.9456567018424
  yaw: 4.119446
  pitch: 80.25001
logoutlocation:
  world: survival
  x: 80.74059119137473
  y: 70.0
  z: -311.25160443693795
  yaw: -163.07101
  pitch: 22.800133
money: '0'
