geolocation: United Kingdom
lastAccountName: JohnyJoshhd
timestamps:
  login: 1496243824032
  lastteleport: 1496071032667
  logout: 1496243832699
ipAddress: 151.229.252.251
lastlocation:
  world: greenfield
  x: -1712.1320445162132
  y: 70.0
  z: 129.80880285399442
  yaw: -188.18317
  pitch: 18.000036
logoutlocation:
  world: greenfield
  x: 42.24015362980596
  y: 69.0
  z: -189.4850994646331
  yaw: -291.08026
  pitch: 7.0499277
money: '0'
