lastAccountName: Raniaa
timestamps:
  login: 1503390890830
  lastteleport: 1503383630335
  logout: 1503390938935
ipAddress: 61.68.180.89
geolocation: Australia
lastlocation:
  world: skywarslobby
  x: 9.751259597046829
  y: 79.00133597911214
  z: 12.130605484169525
  yaw: -38.550003
  pitch: 7.649975
afk: false
money: '0'
logoutlocation:
  world: skywars
  x: 3.2295148732426475
  y: -27.567594398070952
  z: -0.43954108287480304
  yaw: 10.650013
  pitch: 64.05002
