geolocation: United States
lastAccountName: ItsStuff
timestamps:
  login: 1494898804011
  lastteleport: 1494900199065
  logout: 1494900317001
  lastheal: 1494899189089
ipAddress: 98.167.49.161
lastlocation:
  world: greenfield
  x: -1712.5296449672956
  y: 70.0
  z: 129.87912533899262
  yaw: 175.21404
  pitch: 30.900013
godmode: false
teleportenabled: true
logoutlocation:
  world: greenfield
  x: -4.742622477156209
  y: 63.0
  z: -247.86192741400208
  yaw: 76.71951
  pitch: 20.549995
money: '0'
