lastAccountName: weshan67
timestamps:
  login: 1496583362097
  lastteleport: 1496583536926
  logout: 1496583542452
ipAddress: 75.134.57.85
geolocation: United States
lastlocation:
  world: greenfield
  x: -5.646872724759943
  y: 124.0
  z: -179.7908046590544
  yaw: -4.4307117
  pitch: -6.1499877
logoutlocation:
  world: survival
  x: 88.5
  y: 84.0
  z: -121.5
  yaw: 177.7341
  pitch: 4.1999974
money: '0'
