lastAccountName: Saulzilla
timestamps:
  login: 1497984523644
  lastteleport: 1497984603741
  logout: 1497984688672
ipAddress: 71.239.111.68
geolocation: United States
lastlocation:
  world: greenfield
  x: -5.409487664000899
  y: 124.02442408821369
  z: -179.94631880101343
  yaw: 5.173064
  pitch: 6.6541376
logoutlocation:
  world: survival112
  x: -2.148411415369813
  y: 70.0
  z: 177.2675328489945
  yaw: 27.01944
  pitch: 24.017342
money: '0'
