lastAccountName: Fun4U
timestamps:
  login: 1498369686468
  lastteleport: 1498369521879
  logout: 1498369742013
ipAddress: 31.151.56.48
geolocation: Netherlands
lastlocation:
  world: spawn
  x: -51.111147382427944
  y: 24.0
  z: -85.5371270088357
  yaw: 258.1493
  pitch: 47.999947
logoutlocation:
  world: anarchy
  x: 2.0749999880790715
  y: 72.0
  z: 68.92500001192093
  yaw: -177.15038
  pitch: 54.000034
money: '0'
