lastAccountName: multisaberdragon
timestamps:
  login: 1495968887057
  lastteleport: 1495968995924
  logout: 1495969102300
ipAddress: 51.6.48.240
geolocation: United Kingdom
lastlocation:
  world: greenfield
  x: -1712.8755663311113
  y: 70.0
  z: 129.86284534421335
  yaw: 203.9163
  pitch: 72.441635
logoutlocation:
  world: greenfield
  x: -5.197629187657644
  y: 123.0625
  z: -196.8112324124258
  yaw: -162.38074
  pitch: 14.400006
money: '0'
