geolocation: Canada
lastAccountName: MeepMeep69
timestamps:
  login: 1497870040824
  lastteleport: 1497870056864
  logout: 1497870060614
ipAddress: 69.156.56.201
lastlocation:
  world: greenfield
  x: -4.997037256183906
  y: 123.0625
  z: -193.87195141826606
  yaw: -45.230755
  pitch: 11.699999
logoutlocation:
  world: greenfield
  x: -1713.1619741576485
  y: 70.0
  z: 145.16793245100638
  yaw: -277.93597
  pitch: 15.740063
money: '0'
