geolocation: United States
lastAccountName: JdogplayzMC
timestamps:
  login: 1506985593659
  logout: 1506986935980
  lastteleport: 1506986751550
ipAddress: 174.23.183.40
lastlocation:
  world: spawn
  x: 305.8599429415408
  y: 65.0
  z: -25.664207014606394
  yaw: 90.64381
  pitch: 56.974808
logoutlocation:
  world: lexstarklabs
  x: -14.399142828249255
  y: 59.0
  z: 27.30335864741144
  yaw: -42.710815
  pitch: 17.500778
teleportenabled: true
godmode: false
