geolocation: Germany
lastAccountName: _OkyHb_
timestamps:
  login: 1504965948157
  lastteleport: 1504966223946
  logout: 1504966275087
ipAddress: 62.143.49.102
lastlocation:
  world: newminigamehub
  x: 76.3366807415087
  y: 103.0
  z: 37.41918603187842
  yaw: 17.381622
  pitch: 47.417866
afk: false
logoutlocation:
  world: plots
  x: 71.48948392479905
  y: 65.0
  z: 127.08912337557314
  yaw: -232.21289
  pitch: 16.508142
money: '0'
