lastAccountName: Etharost
timestamps:
  login: 1501642641454
  logout: 1501642715454
ipAddress: 42.60.25.28
geolocation: Singapore
lastlocation:
  world: survival112
  x: -116.5
  y: 70.0
  z: 79.5
  yaw: 0.0
  pitch: 0.0
logoutlocation:
  world: greenfield
  x: -1713.2238484854856
  y: 70.0
  z: 139.6339893762241
  yaw: -275.78424
  pitch: 2.8415456
money: '0'
