geolocation: United States
lastAccountName: MasterChefS117
timestamps:
  login: 1501547604596
  lastteleport: 1501547668469
  logout: 1501547796074
ipAddress: 70.198.70.74
lastlocation:
  world: greenfield
  x: -4.148632992987414
  y: 123.0625
  z: -193.90101965395326
  yaw: -2.7537937
  pitch: 31.537651
logoutlocation:
  world: lexstarklabs
  x: -11.215331493369415
  y: 59.0
  z: -0.12680787105572078
  yaw: 185.34273
  pitch: -22.740116
money: '0'
