lastAccountName: Mex_360
timestamps:
  login: 1507849986772
  lastteleport: 1507850161418
  logout: 1507850222073
ipAddress: 142.129.65.146
geolocation: United States
lastlocation:
  world: spawn
  x: 305.7785766166164
  y: 65.0
  z: -18.99653251372371
  yaw: -355.95923
  pitch: 4.05002
logoutlocation:
  world: overvoid
  x: -36.63565196484075
  y: 96.0
  z: 42.86250001192093
  yaw: -273.8003
  pitch: -2.4000318
