lastAccountName: ADUB3000
timestamps:
  login: 1496257446147
  logout: 1496257594490
  lastteleport: 1496068390364
ipAddress: 24.73.31.234
geolocation: United States
lastlocation:
  world: greenfield
  x: -48.32097921379496
  y: 110.0
  z: -194.0729809114222
  yaw: 39.178402
  pitch: 3.1364355
logoutlocation:
  world: survival
  x: 106.38789329073859
  y: 79.0
  z: -100.30214355746284
  yaw: 89.52886
  pitch: 27.750082
teleportenabled: true
money: '0'
