lastAccountName: JapaneseRug
timestamps:
  login: 1508591180853
  lastteleport: 1508591552865
  logout: 1508591602676
ipAddress: 122.104.129.145
geolocation: Australia
lastlocation:
  world: speedforce
  x: -2.1328929761569766
  y: 80.0
  z: -189.17247178510058
  yaw: 60.42216
  pitch: 13.749592
godmode: false
teleportenabled: true
logoutlocation:
  world: nyc
  x: -655.5683808175787
  y: 28.0
  z: -2146.3192515268156
  yaw: -179.37444
  pitch: 11.723772
