geolocation: United States
lastAccountName: Chima05
timestamps:
  login: 1507490941137
  logout: 1507491240098
  lastteleport: 1507491069277
ipAddress: 98.24.195.203
lastlocation:
  world: spawn
  x: 304.7883617846992
  y: 65.0
  z: -22.579749998039816
  yaw: -249.75906
  pitch: 4.9500127
logoutlocation:
  world: lexstarklabs
  x: -0.11920533831479944
  y: 59.0
  z: 33.08480390712723
  yaw: 162.58824
  pitch: 4.47688
money: '1.00'
