geolocation: Sweden
lastAccountName: xXKitty5GirlXx
timestamps:
  login: 1502719556058
  lastteleport: 1502719582319
  logout: 1502719832564
ipAddress: 81.228.207.144
lastlocation:
  world: greenfield
  x: -5.3223825479985205
  y: 124.08692408821369
  z: -179.88351919663566
  yaw: 21.587215
  pitch: 32.45153
logoutlocation:
  world: survival112
  x: 21.959640768781675
  y: 63.0
  z: -41.13251358675464
  yaw: -260.00592
  pitch: 12.924715
money: '0'
