geolocation: Brazil
lastAccountName: NoobGamer_Br
timestamps:
  login: 1495238654466
  logout: 1495238691328
ipAddress: 186.216.174.105
lastlocation:
  world: survival
  x: 86.5
  y: 91.0
  z: -109.5
  yaw: -180.32117
  pitch: 0.8999815
logoutlocation:
  world: greenfield
  x: -1712.5
  y: 70.0
  z: 130.5
  yaw: -0.23398513
  pitch: 1.3415639
money: '0'
