geolocation: Canada
lastAccountName: DarkGrindan
timestamps:
  login: 1502999961830
  lastteleport: 1502999975082
  logout: 1503000215530
ipAddress: 137.186.75.17
lastlocation:
  world: greenfield
  x: -4.58675803584743
  y: 123.0625
  z: -194.0905696546872
  yaw: -12.245155
  pitch: 13.824724
logoutlocation:
  world: lexstarklabs
  x: -6.884329962935362
  y: 59.0
  z: 2.1693180150901985
  yaw: -63.356506
  pitch: 21.228266
money: '0'
