geolocation: Australia
lastAccountName: MalusVexJr
timestamps:
  login: 1501835699996
  lastteleport: 1501739205495
  logout: 1501835733684
ipAddress: 124.170.239.251
lastlocation:
  world: spawn
  x: -50.95479909546321
  y: 24.0
  z: -85.46470694313757
  yaw: -88.050476
  pitch: 29.699936
teleportenabled: true
logoutlocation:
  world: anarchy
  x: 0.9250000119209286
  y: 72.0
  z: 69.47905928436157
  yaw: 311.54956
  pitch: 22.949991
money: '0'
