geolocation: United States
lastAccountName: 000Kitty000
timestamps:
  login: 1498411805087
  lastteleport: 1498412104207
  logout: 1498412150413
ipAddress: 70.176.110.131
lastlocation:
  world: spawn
  x: -9.207039401554598
  y: 9.0
  z: -42.04611218206454
  yaw: -172.80933
  pitch: 39.599987
logoutlocation:
  world: greenfield
  x: -5.5
  y: 123.0625
  z: -198.5
  yaw: -0.080712534
  pitch: 0.9000001
money: '0'
