geolocation: Sweden
lastAccountName: Superman
timestamps:
  login: 1508855552017
  logout: 1508855653252
ipAddress: 83.251.16.4
lastlocation:
  world: survival112
  x: -116.5
  y: 70.0
  z: 79.5
  yaw: 0.0
  pitch: 0.0
logoutlocation:
  world: lexstarklabs
  x: 22.69999998807907
  y: 59.0
  z: 20.487893155135897
  yaw: 212.2607
  pitch: 47.215862
