geolocation: United States
lastAccountName: girlychick831
timestamps:
  login: 1496618853585
  lastteleport: 1496619085767
  logout: 1496619121141
ipAddress: 76.102.145.210
lastlocation:
  world: greenfield
  x: -1726.074999988079
  y: 69.0
  z: 174.42089646781122
  yaw: 294.68112
  pitch: 5.168168
logoutlocation:
  world: spawn
  x: -0.9165720516812719
  y: 10.0
  z: -3.256180475144805
  yaw: -31.33338
  pitch: 21.82256
money: '0'
