lastAccountName: stingybee
timestamps:
  login: 1493940762938
  logout: 1493940915058
ipAddress: 73.179.121.164
geolocation: United States
lastlocation:
  world: survival
  x: 86.5
  y: 91.0
  z: -109.5
  yaw: -180.32117
  pitch: 0.8999815
logoutlocation:
  world: greenfield
  x: -5.5004509902209975
  y: 123.0625
  z: -197.64283117723434
  yaw: -61.880737
  pitch: 14.550002
money: '0'
