lastAccountName: Zaurble
timestamps:
  login: 1500148337837
  lastteleport: 1499644944476
  logout: 1500148349423
ipAddress: 65.130.45.189
geolocation: United States
lastlocation:
  world: greenfield
  x: -5.464971279169287
  y: 124.08692408821369
  z: -180.0013874067704
  yaw: -4.430714
  pitch: 6.7500033
logoutlocation:
  world: survival112
  x: -139.9091213757798
  y: 63.0
  z: 105.58244340360437
  yaw: -128.43327
  pitch: 6.922593
money: '0'
