geolocation: South Africa
lastAccountName: iBallisticStitch
timestamps:
  login: 1510126901859
  lastteleport: 1499946620736
  lastheal: 1499946681842
  logout: 1510126909983
ipAddress: 197.91.230.183
lastlocation:
  world: greenfield
  x: -5.551463008843625
  y: 124.08692408821369
  z: -179.9360492543429
  yaw: 0.66929024
  pitch: 8.400002
godmode: false
teleportenabled: true
money: '0'
logoutlocation:
  world: survival112
  x: -107.69999998807907
  y: 66.0
  z: -187.67816736318701
  yaw: -13.20005
  pitch: 22.49999
