geolocation: United States
lastAccountName: Chivann
timestamps:
  login: 1499992533132
  lastteleport: 1499993601296
  logout: 1499993612629
ipAddress: 73.226.244.180
lastlocation:
  world: greenfield
  x: -4.682801336524303
  y: 123.0625
  z: -193.82812006276254
  yaw: -2.2397797
  pitch: 13.545737
logoutlocation:
  world: greenfield
  x: -1706.7853772010958
  y: 70.0
  z: 137.06366895339397
  yaw: -15.218864
  pitch: 11.540238
money: '0'
