geolocation: United States
lastAccountName: JustWendsu
timestamps:
  login: 1508712362626
  lastteleport: 1508713269276
  logout: 1508713402625
  lastheal: 1508712918438
ipAddress: 146.135.105.226
lastlocation:
  world: survival112
  x: -545.39994473182
  y: 1.2000000476837158
  z: 2402.699999988079
  yaw: 171.15338
  pitch: 18.14998
godmode: false
teleportenabled: true
logoutlocation:
  world: survival112
  x: -139.55487552355564
  y: 83.75665356086733
  z: 88.70136406729303
  yaw: -180.74992
  pitch: 30.899986
money: '0'
