lastAccountName: stevokanevo
timestamps:
  login: 1509811882832
  lastteleport: 1501360113109
  logout: 1509811901345
ipAddress: 99.27.84.154
geolocation: United States
lastlocation:
  world: greenfield
  x: -4.513110907804915
  y: 123.0
  z: -195.3390399560468
  yaw: -0.080651306
  pitch: 12.099183
teleportenabled: true
logoutlocation:
  world: lexstarklabs
  x: -7.44041974911713
  y: 59.0625
  z: 40.01588152676333
  yaw: 244.48946
  pitch: 12.236675
money: '0'
