lastAccountName: explosion_hunter
timestamps:
  login: 1505818275778
  lastteleport: 1505819021231
  logout: 1505819086532
ipAddress: 110.21.29.79
geolocation: Australia
lastlocation:
  world: survival112
  x: -192.84605287425293
  y: 63.0
  z: 8.735225119530147
  yaw: 222.45113
  pitch: 31.499924
money: '0'
logoutlocation:
  world: spawn
  x: 0.6061091972514987
  y: 9.5
  z: -9.494534866377997
  yaw: -178.6593
  pitch: 1.3499979
