lastAccountName: XiR0ze
timestamps:
  login: 1508602742991
  lastteleport: 1508603098810
  logout: 1508603116217
ipAddress: 77.203.100.254
geolocation: France
lastlocation:
  world: lexstarklabs
  x: 0.6460898697409869
  y: 59.0
  z: -0.5191751287729118
  yaw: -182.0586
  pitch: 9.055848
godmode: false
teleportenabled: true
logoutlocation:
  world: spawn
  x: 323.1219760735893
  y: 66.0
  z: -30.478676633485655
  yaw: -191.10904
  pitch: 15.449997
