geolocation: United States
lastAccountName: Ishvala
timestamps:
  login: 1503500384273
  lastteleport: 1503497744095
  logout: 1503500417441
ipAddress: 74.103.153.250
lastlocation:
  world: greenfield
  x: -1727.318761662304
  y: 69.0
  z: 173.75774513133717
  yaw: 89.465996
  pitch: 52.191536
money: '0'
logoutlocation:
  world: lexstarklabs
  x: -16.145676829609695
  y: 59.0
  z: 38.944134214689385
  yaw: 1.3079749
  pitch: 10.450788
