geolocation: Netherlands
lastAccountName: draakkil111
timestamps:
  login: 1500288845130
  lastteleport: 1500289094436
  logout: 1500289152695
ipAddress: 84.25.147.35
lastlocation:
  world: greenfield
  x: -5.459164396590991
  y: 123.0
  z: -200.1129447824742
  yaw: 185.31929
  pitch: 68.4
logoutlocation:
  world: spawn
  x: 0.10560421202482462
  y: 10.0
  z: -3.3216102968117953
  yaw: -228.15915
  pitch: 23.699999
money: '0'
