lastAccountName: X_Fizz_Up_X
timestamps:
  login: 1507834218856
  lastteleport: 1507839160667
  logout: 1507839358201
ipAddress: 71.211.17.109
geolocation: United States
lastlocation:
  world: survival112
  x: -116.5
  y: 71.0
  z: 79.5
  yaw: -1.3741634
  pitch: 1.2492393
godmode: false
teleportenabled: true
homes:
  home:
    world: survival112_nether
    x: -421.3912155257978
    y: 67.0
    z: 378.3660432573542
    yaw: -175.40344
    pitch: 17.30957
logoutlocation:
  world: survival112
  x: -116.5
  y: 71.0
  z: 79.5
  yaw: 0.7495436
  pitch: -0.9993915
