geolocation: United States
lastAccountName: PinkyThePotato
timestamps:
  login: 1508557841279
  lastteleport: 1508558301867
  logout: 1508558477602
ipAddress: 209.169.105.38
lastlocation:
  world: lexstarklabs
  x: 0.7747636876890189
  y: 59.0
  z: 38.271588468973036
  yaw: -169.17145
  pitch: 14.408183
godmode: false
teleportenabled: true
logoutlocation:
  world: nyc
  x: -656.2376465112527
  y: 25.0
  z: -1989.7055185894549
  yaw: 321.68417
  pitch: 13.929352
