lastAccountName: 8rayo8
timestamps:
  login: 1504379679204
  logout: 1504379545829
ipAddress: 154.60.98.140
geolocation: Spain
lastlocation:
  world: survival112
  x: -116.5
  y: 70.0
  z: 79.5
  yaw: 0.0
  pitch: 0.0
logoutlocation:
  world: lexstarklabs
  x: -15.935049753868526
  y: 59.0
  z: 30.06931544924406
  yaw: 355.01013
  pitch: 11.650794
godmode: false
teleportenabled: true
money: '0'
