lastAccountName: iceslayer123
timestamps:
  login: 1503953411334
  lastteleport: 1503953579052
  logout: 1503953586481
ipAddress: 72.80.159.247
geolocation: United States
lastlocation:
  world: lexstarklabs
  x: 1.1756541023635974
  y: 59.0
  z: 0.887615957096886
  yaw: 184.90791
  pitch: 43.450882
logoutlocation:
  world: greenfield
  x: -7.265062385372111
  y: 123.0
  z: -194.44378892889955
  yaw: -2.6307125
  pitch: 0.75000024
money: '0'
