geolocation: United States
lastAccountName: XxBloodShedxX
timestamps:
  login: 1499727564746
  logout: 1499727579134
ipAddress: 66.190.236.23
lastlocation:
  world: survival112
  x: -116.5
  y: 70.0
  z: 79.5
  yaw: 0.0
  pitch: 0.0
logoutlocation:
  world: greenfield
  x: -1711.6401994999421
  y: 70.0
  z: 136.54400828773845
  yaw: -22.283983
  pitch: -2.408451
money: '0'
