lastAccountName: Spazzgasmic
timestamps:
  login: 1501187021423
  lastteleport: 1501187152525
  logout: 1501187411639
ipAddress: 129.244.143.30
geolocation: United States
lastlocation:
  world: plots
  x: -20.412622142820915
  y: 65.0
  z: -28.728203824108103
  yaw: 353.18085
  pitch: 8.732449
logoutlocation:
  world: greenfield
  x: -1712.285038013497
  y: 70.0
  z: 140.68357736638168
  yaw: -271.91418
  pitch: 12.400781
money: '0'
