geolocation: United States
lastAccountName: Madam_Marvalous
timestamps:
  login: 1502071749662
  lastteleport: 1502072004840
  logout: 1502072170130
ipAddress: 76.113.31.103
lastlocation:
  world: greenfield
  x: -4.9952332714256364
  y: 123.0625
  z: -193.4410767719087
  yaw: 298.71948
  pitch: 11.250002
logoutlocation:
  world: lexstarklabs
  x: -2.718544066175343
  y: 59.0
  z: 35.509686227880536
  yaw: -78.64222
  pitch: 21.700788
money: '0'
