lastAccountName: Ssmaster15
timestamps:
  login: 1509666291968
  lastteleport: 1509668044808
  logout: 1509668216598
ipAddress: 73.223.163.183
geolocation: United States
lastlocation:
  world: survival112
  x: -56.98441690896845
  y: 72.41999998688698
  z: 54.90851824600689
  yaw: -201.59314
  pitch: 24.600012
godmode: false
teleportenabled: true
logoutlocation:
  world: survival112
  x: -114.42843749357866
  y: 72.0
  z: 79.36253796337331
  yaw: -286.94974
  pitch: 40.799973
afk: false
homes:
  home:
    world: survival112
    x: -686.5067792024764
    y: 46.0625
    z: 2013.4286356110565
    yaw: 183.82121
    pitch: 14.649165
  camp:
    world: survival112
    x: -405.4947848574499
    y: 54.0
    z: 2393.1413018365424
    yaw: 75.830315
    pitch: 32.550003
  base:
    world: survival112
    x: -2176.1645734035437
    y: 68.0
    z: -220.95957791157886
    yaw: -220.29808
    pitch: 19.390282
mail:
- §6[§rChristina1125§6] §rWant to hang out in the speedforce?
