geolocation: United States
lastAccountName: thelion2013
timestamps:
  login: 1498093935433
  logout: 1498093968493
ipAddress: 66.206.56.103
lastlocation:
  world: survival112
  x: -116.5
  y: 70.0
  z: 79.5
  yaw: 0.0
  pitch: 0.0
logoutlocation:
  world: greenfield
  x: -1712.5
  y: 70.0
  z: 130.5
  yaw: 2.1660147
  pitch: 10.641562
money: '0'
