geolocation: Netherlands
lastAccountName: ashmayonaise
timestamps:
  login: 1503395799700
  lastteleport: 1503395953514
  logout: 1503395963339
ipAddress: 84.28.162.118
lastlocation:
  world: greenfield
  x: -2.8957962895438927
  y: 123.0
  z: -198.28685401872508
  yaw: -36.380707
  pitch: 19.799994
godmode: false
logoutlocation:
  world: spawn
  x: 3.5381868197607296
  y: 9.0
  z: 32.991289979119884
  yaw: -1.5093179
  pitch: 7.0499964
money: '0'
