lastAccountName: Risaracy
timestamps:
  login: 1502814326516
  lastteleport: 1502814864930
  logout: 1502815199772
ipAddress: 86.140.204.206
geolocation: United Kingdom
lastlocation:
  world: parkoureasy
  x: 5.9006831764075995
  y: 65.0
  z: 1.4335873311470797
  yaw: 268.05197
  pitch: 49.636528
afk: false
logoutlocation:
  world: parkourhub
  x: 22.5
  y: 98.0
  z: -1.5
  yaw: -256.75775
  pitch: 90.0
money: '0'
