geolocation: Netherlands
lastAccountName: basketballer08
timestamps:
  login: 1494167715368
  lastteleport: 1488191374901
  logout: 1494167806421
ipAddress: 86.89.43.102
lastlocation:
  world: greenfield
  x: -1071.699999988079
  y: 69.0
  z: -56.31126329245418
  yaw: 86.12938
  pitch: 50.45281
logoutlocation:
  world: greenfield
  x: -1730.7020659211578
  y: 69.0625
  z: 219.4065763751457
  yaw: -176.47731
  pitch: -8.13957
money: '0'
