geolocation: Netherlands
lastAccountName: zoethebest64
timestamps:
  login: 1500031169403
  logout: 1500031464214
  lastteleport: 1500031260454
ipAddress: 82.169.45.55
lastlocation:
  world: greenfield
  x: -4.58963844726333
  y: 123.0625
  z: -193.75896859775943
  yaw: 1.1194763
  pitch: 76.05
logoutlocation:
  world: greenfield
  x: -1719.5293201449567
  y: 70.0
  z: 140.87476807155403
  yaw: -215.53479
  pitch: 16.790104
money: '0'
