geolocation: France
lastAccountName: arthur1016
timestamps:
  login: 1493628818233
  lastteleport: 1493628885019
  logout: 1493629359267
ipAddress: 86.246.125.236
lastlocation:
  world: greenfield
  x: -5.435540596145432
  y: 124.0
  z: -179.33194710139836
  yaw: -4.381574
  pitch: 35.306408
logoutlocation:
  world: underworld
  x: 41.15652480172777
  y: 13.0
  z: 2.6862585151864797
  yaw: -134.40845
  pitch: 12.604799
money: '0'
