geolocation: United Kingdom
lastAccountName: lizzerdplays
timestamps:
  login: 1506515597094
  logout: 1506515814768
ipAddress: 92.236.183.83
lastlocation:
  world: survival112
  x: -116.5
  y: 70.0
  z: 79.5
  yaw: 0.0
  pitch: 0.0
logoutlocation:
  world: greenfield
  x: 96.45836698210537
  y: 69.0
  z: -215.06708522899143
  yaw: 89.98859
  pitch: -0.5822253
money: '0'
