lastAccountName: strikecraft233
timestamps:
  login: 1496038180471
  logout: 1496038204786
ipAddress: 103.1.70.211
geolocation: Malaysia
lastlocation:
  world: survival
  x: 86.5
  y: 91.0
  z: -109.5
  yaw: -180.32117
  pitch: 0.8999815
logoutlocation:
  world: greenfield
  x: -1723.979277850565
  y: 70.0
  z: 132.48750001192093
  yaw: -191.37143
  pitch: -76.71459
money: '0'
