geolocation: United Kingdom
lastAccountName: tartanboy
timestamps:
  login: 1493542940200
  logout: 1493542999971
  lastteleport: 1489917944283
ipAddress: 92.9.141.74
logoutlocation:
  world: greenfield
  x: -1.6443560082990258
  y: 124.0
  z: -197.99930362004713
  yaw: 313.41928
  pitch: 8.250003
lastlocation:
  world: spleeflobby
  x: -1.6948879852528278
  y: 64.0
  z: 6.349472277990067
  yaw: 212.09985
  pitch: -90.0
money: '0'
