lastAccountName: xXSUPERMAN
timestamps:
  login: 1495305103067
  logout: 1495305758521
ipAddress: 174.24.48.205
geolocation: United States
logoutlocation:
  world: overvoid
  x: -34.30000001192093
  y: 96.0
  z: 28.30000001192093
  yaw: -310.43317
  pitch: 20.814661
lastlocation:
  world: overvoid
  x: -34.30000001192093
  y: 96.0
  z: 28.30000001192093
  yaw: -323.35773
  pitch: 6.749605
money: '0'
