geolocation: Canada
lastAccountName: GTA_V_PLAYER
timestamps:
  login: 1504151003747
  lastteleport: 1503800211386
  logout: 1504151012814
ipAddress: 96.48.113.21
lastlocation:
  world: survival112
  x: 1244.5
  y: 66.0
  z: 41.5
  yaw: -101.70091
  pitch: 2.5500293
money: '0'
logoutlocation:
  world: survival112
  x: 1266.7574863942195
  y: 66.0
  z: 29.548974350536668
  yaw: -117.89927
  pitch: 40.49996
teleportenabled: true
godmode: false
homes:
  home:
    world: survival112
    x: 1244.8684939374298
    y: 65.0
    z: 41.82136061929754
    yaw: -101.70091
    pitch: 2.5500293
  nether:
    world: survival112_nether
    x: -106.4993015963592
    y: 72.0
    z: 890.0354816108371
    yaw: 172.94965
    pitch: 29.69998
  cool:
    world: survival112
    x: 513.2362599735075
    y: 61.0
    z: 410.340851445711
    yaw: 180.30283
    pitch: 24.146076
afk: false
