lastAccountName: MinionOliver
timestamps:
  login: 1501740207162
  lastteleport: 1501740759495
  logout: 1501740773362
ipAddress: 90.64.2.103
geolocation: Slovakia
lastlocation:
  world: greenfield
  x: -5.5
  y: 123.0625
  z: -198.5
  yaw: 97.9233
  pitch: 15.143359
money: '0'
logoutlocation:
  world: spawn
  x: -0.9364337761191206
  y: 9.0
  z: -19.56457488910233
  yaw: -191.365
  pitch: 7.824253
