lastAccountName: FoxGirl_04
timestamps:
  login: 1493360955629
  lastteleport: 1493361168858
  logout: 1493361180537
ipAddress: 212.120.226.10
geolocation: Gibraltar
lastlocation:
  world: greenfield
  x: -1071.1351409477645
  y: 69.0
  z: -56.09777896131923
  yaw: -252.9195
  pitch: 35.700005
logoutlocation:
  world: greenfield
  x: -1708.095583148934
  y: 70.0
  z: 135.36610607882625
  yaw: 103.4742
  pitch: -27.45843
money: '0'
