lastAccountName: 44Kittenboy44
timestamps:
  login: 1508612799167
  lastteleport: 1508614972283
  logout: 1508615050891
ipAddress: 37.209.19.155
geolocation: Germany
lastlocation:
  world: survival112
  x: -595.5177947762187
  y: 63.0
  z: 2329.5347596014717
  yaw: 45.57794
  pitch: 5.8499923
godmode: false
teleportenabled: true
logoutlocation:
  world: lexstarklabs
  x: 2.4918776757193735
  y: 59.0
  z: 35.27268299889874
  yaw: 183.73831
  pitch: 90.0
afk: false
