geolocation: United States
lastAccountName: TrashBarry
timestamps:
  login: 1509320499219
  logout: 1509320793052
ipAddress: 172.101.167.22
lastlocation:
  world: survival112
  x: -116.5
  y: 70.0
  z: 79.5
  yaw: 0.0
  pitch: 0.0
logoutlocation:
  world: lexstarklabs
  x: -11.981923801826417
  y: 59.0625
  z: -0.1501307129658403
  yaw: 173.55107
  pitch: -19.725876
