lastAccountName: Kinris
timestamps:
  login: 1498506310529
  logout: 1498506687125
  lastteleport: 1498506530121
ipAddress: 69.136.94.195
geolocation: United States
lastlocation:
  world: greenfield
  x: -5.475016479187137
  y: 123.0
  z: -200.21546611883775
  yaw: -186.38052
  pitch: 38.549995
logoutlocation:
  world: spawn
  x: 2.483972459112432
  y: 10.0
  z: 6.344152691762243
  yaw: -4.959442
  pitch: 17.4
money: '0'
