geolocation: United States
lastAccountName: TechnawBlade
timestamps:
  login: 1494966465035
  logout: 1494966586526
ipAddress: 72.186.81.61
lastlocation:
  world: survival
  x: 86.5
  y: 91.0
  z: -109.5
  yaw: -180.32117
  pitch: 0.8999815
logoutlocation:
  world: greenfield
  x: -1724.0345126214777
  y: 70.0
  z: 146.44271774570313
  yaw: -0.23398513
  pitch: 1.3415639
money: '0'
