geolocation: United States
lastAccountName: poisonings
timestamps:
  login: 1500927820838
  lastteleport: 1500927488399
  logout: 1500929505125
ipAddress: 69.4.108.217
lastlocation:
  world: greenfield
  x: -1712.569643149445
  y: 70.0
  z: 129.7826739425756
  yaw: -180.4361
  pitch: 13.649984
logoutlocation:
  world: greenfield
  x: -2.7446688501932868
  y: 124.0625
  z: -177.0372215799936
  yaw: -95.180725
  pitch: 26.849997
afk: false
money: '0'
