geolocation: United States
lastAccountName: fireking4532
timestamps:
  login: 1501710191106
  lastteleport: 1501710221089
  logout: 1501710271814
ipAddress: 71.117.148.174
lastlocation:
  world: greenfield
  x: -1712.6358055081578
  y: 70.0
  z: 129.65705989247792
  yaw: -178.13388
  pitch: 41.54156
logoutlocation:
  world: greenfield
  x: -5.699999988079071
  y: 119.0
  z: -179.36641711934809
  yaw: -185.63043
  pitch: 45.449978
money: '0'
