geolocation: Germany
lastAccountName: Jesse_Wells
timestamps:
  login: 1505568378933
  lastteleport: 1505568418388
  logout: 1505568493625
ipAddress: 46.5.16.46
lastlocation:
  world: lexstarklabs
  x: 0.5815032192252552
  y: 59.0
  z: 1.0730450760921184
  yaw: 183.70798
  pitch: 33.250763
money: '0'
teleportenabled: true
logoutlocation:
  world: greenfield
  x: -22.647340971312307
  y: 69.0
  z: -184.3013111560886
  yaw: 51.069305
  pitch: 69.299995
