lastAccountName: xX_W_C_Xx
timestamps:
  login: 1509898613663
  logout: 1509899169644
  lastteleport: 1509899029751
ipAddress: 72.192.166.95
geolocation: United States
lastlocation:
  world: spawn
  x: 305.0036313420386
  y: 65.0
  z: -31.06228940484189
  yaw: -280.95917
  pitch: 1.9500073
godmode: false
logoutlocation:
  world: survival112
  x: -161.01537166965147
  y: 74.9787520099163
  z: 253.28922403458975
  yaw: 54.36371
  pitch: 11.100027
teleportenabled: true
