lastAccountName: FuryFighter5
timestamps:
  login: 1504434802208
  logout: 1504434839470
ipAddress: 151.229.17.41
geolocation: United Kingdom
lastlocation:
  world: survival112
  x: -116.5
  y: 70.0
  z: 79.5
  yaw: 0.0
  pitch: 0.0
logoutlocation:
  world: lexstarklabs
  x: 0.5
  y: 59.0
  z: 1.5
  yaw: -0.64209455
  pitch: 0.7007774
money: '0'
