geolocation: United States
lastAccountName: asf_batman
timestamps:
  login: 1505603444620
  logout: 1505603582976
  lastteleport: 1505603458021
ipAddress: 24.205.131.97
lastlocation:
  world: greenfield
  x: -4.349780474323545
  y: 123.0625
  z: -193.93112657756032
  yaw: -14.930715
  pitch: 16.8
logoutlocation:
  world: lexstarklabs
  x: -10.80202650555967
  y: 59.0
  z: 41.757489896459994
  yaw: -7.541997
  pitch: -24.94921
money: '0'
