lastAccountName: TheMarscactus
timestamps:
  login: 1494255959887
  lastteleport: 1494256402972
  logout: 1494256589380
ipAddress: 176.248.147.2
geolocation: United Kingdom
lastlocation:
  world: greenfield
  x: -1727.0080577042718
  y: 69.0
  z: 173.5600158265352
  yaw: -261.6714
  pitch: 40.860683
teleportenabled: true
logoutlocation:
  world: greenfield
  x: -1696.5
  y: 70.0
  z: 136.5
  yaw: 112.75906
  pitch: 15.028724
money: '0'
