geolocation: United States
lastAccountName: KyosTechYT
timestamps:
  login: 1503871467920
  logout: 1503871633149
ipAddress: 68.41.247.235
lastlocation:
  world: survival112
  x: -116.5
  y: 70.0
  z: 79.5
  yaw: 0.0
  pitch: 0.0
logoutlocation:
  world: greenfield
  x: -1724.9810004798112
  y: 70.0
  z: 133.55290978274337
  yaw: 184.11589
  pitch: -7.658435
money: '0'
