lastAccountName: Linen_Rose
timestamps:
  login: 1493569884864
  logout: 1493570156533
  lastteleport: 1493570109030
ipAddress: 81.141.109.189
geolocation: United Kingdom
lastlocation:
  world: greenfield
  x: -5.499736922385637
  y: 123.0625
  z: -198.07310991425464
  yaw: -1.8807124
  pitch: -0.29999998
logoutlocation:
  world: greenfield
  x: -1726.4593108584213
  y: 70.0
  z: 132.66567711395265
  yaw: -37.284184
  pitch: 21.291538
money: '0'
