geolocation: United States
lastAccountName: Fisheye1954
timestamps:
  login: 1506820965997
  logout: 1506821079302
ipAddress: 24.60.21.122
lastlocation:
  world: survival112
  x: -116.5
  y: 70.0
  z: 79.5
  yaw: 0.0
  pitch: 0.0
logoutlocation:
  world: lexstarklabs
  x: 2.130389849573215
  y: 59.0
  z: 28.299941888936626
  yaw: 176.81828
  pitch: 17.249428
