geolocation: United States
lastAccountName: Knightwalker_01
timestamps:
  login: 1508193910420
  logout: 1508194423697
  lastteleport: 1508194416519
ipAddress: 207.210.148.202
lastlocation:
  world: spawn
  x: 304.02521501859013
  y: 65.0
  z: -27.829241165296775
  yaw: -226.20906
  pitch: 7.0500116
godmode: false
teleportenabled: true
logoutlocation:
  world: plots
  x: 270.30000001192093
  y: 65.0
  z: 268.71899224562594
  yaw: 79.708984
  pitch: -4.5299234
