lastAccountName: mariolover011
timestamps:
  login: 1501893380054
  logout: 1501893456719
ipAddress: 70.117.6.117
geolocation: United States
lastlocation:
  world: survival112
  x: -116.5
  y: 70.0
  z: 79.5
  yaw: 0.0
  pitch: 0.0
logoutlocation:
  world: greenfield
  x: -1720.956997036951
  y: 70.0
  z: 145.03650748390868
  yaw: -34.583992
  pitch: 26.091537
money: '0'
