lastAccountName: PsycOWats
timestamps:
  login: 1495856084869
  lastteleport: 1495856391235
  logout: 1495856423648
ipAddress: 49.176.113.28
geolocation: Australia
lastlocation:
  world: greenfield
  x: -1712.9013704994325
  y: 70.0
  z: 129.96270178827248
  yaw: -183.76389
  pitch: 54.63558
logoutlocation:
  world: greenfield
  x: -15.300000011920929
  y: 69.0
  z: -190.43345570078353
  yaw: -280.94183
  pitch: 86.67228
money: '0'
