lastAccountName: factahd
timestamps:
  login: 1493342904923
  lastteleport: 1491691064517
  logout: 1493342946478
ipAddress: 68.148.57.44
geolocation: Canada
lastlocation:
  world: greenfield
  x: -1712.0855913632702
  y: 70.0
  z: 129.75976937796136
  yaw: -190.19115
  pitch: 21.500797
logoutlocation:
  world: greenfield
  x: -1074.400591738178
  y: 69.0
  z: -53.305054251224234
  yaw: 284.9016
  pitch: 20.347267
money: '0'
