geolocation: United States
lastAccountName: FeelinDumb
timestamps:
  login: 1507513986866
  logout: 1507515360939
  lastteleport: 1507515214270
ipAddress: 24.125.234.32
lastlocation:
  world: lexstarklabs
  x: -10.905603217051459
  y: 59.0
  z: 3.131881363618716
  yaw: -185.50012
  pitch: 26.326422
logoutlocation:
  world: greenfield
  x: -28.332368636810248
  y: 69.0
  z: 72.7703436328325
  yaw: -35.210964
  pitch: 65.92778
teleportenabled: true
godmode: false
