lastAccountName: Mentyr
timestamps:
  login: 1500606907904
  lastteleport: 1500006798223
  logout: 1500606946628
ipAddress: 73.255.164.171
geolocation: United States
lastlocation:
  world: greenfield
  x: -1712.0798230451664
  y: 70.0
  z: 129.85473355251887
  yaw: 163.21402
  pitch: 49.19007
logoutlocation:
  world: greenfield
  x: -13.699999988079071
  y: 118.0
  z: -184.84874120946185
  yaw: -249.08067
  pitch: 22.949993
money: '0'
