geolocation: United States
lastAccountName: hdtman123
timestamps:
  login: 1507161078210
  logout: 1507161162975
  lastteleport: 1507160028598
ipAddress: 24.151.220.133
lastlocation:
  world: lexstarklabs
  x: 1.052321446701383
  y: 59.0
  z: 0.12514160633536808
  yaw: 170.64134
  pitch: 9.474945
logoutlocation:
  world: spawn
  x: 308.00971866569205
  y: 65.0
  z: -19.69758353392593
  yaw: -105.70209
  pitch: 24.1087
money: '4.80'
