lastAccountName: Cookies226
timestamps:
  login: 1510011567749
  logout: 1510012015493
  lastteleport: 1510011878065
ipAddress: 104.249.227.255
geolocation: Canada
lastlocation:
  world: spawn
  x: 308.46175126410816
  y: 65.0
  z: -23.077531965189497
  yaw: -277.20895
  pitch: 19.500008
logoutlocation:
  world: greenfield
  x: -25.5
  y: 69.0
  z: -215.5
  yaw: 47.98839
  pitch: 53.867783
godmode: false
teleportenabled: true
