lastAccountName: rodrigo69dj
timestamps:
  login: 1495130626779
  lastteleport: 1495130704333
  logout: 1495130725112
ipAddress: 71.196.31.57
geolocation: United States
lastlocation:
  world: spawn
  x: -0.43493723683730934
  y: 9.0
  z: -42.036799767176085
  yaw: -171.15921
  pitch: 30.749987
logoutlocation:
  world: anarchy
  x: 31.973482290396177
  y: 59.96200203408964
  z: 53.05985990197141
  yaw: -115.05014
  pitch: 4.34999
money: '0'
