geolocation: Italy
lastAccountName: potoo199
timestamps:
  login: 1500458206624
  logout: 1500458211084
  lastteleport: 1500418015421
ipAddress: 93.41.44.226
lastlocation:
  world: greenfield
  x: 90.88585513889002
  y: 69.0
  z: -218.21352226119188
  yaw: 183.07335
  pitch: -34.80003
godmode: false
teleportenabled: true
logoutlocation:
  world: greenfield
  x: -4.567301482832188
  y: 123.0
  z: -195.63187718518333
  yaw: -18.080713
  pitch: 27.15
money: '0'
afk: false
homes:
  esz:
    world: greenfield
    x: 14.699999988079071
    y: 84.0
    z: -241.69999998807907
    yaw: 66.51926
    pitch: 9.150018
  ez:
    world: greenfield
    x: 14.699999988079071
    y: 84.0
    z: -241.69999998807907
    yaw: 66.51926
    pitch: 9.150018
  e:
    world: greenfield
    x: 14.699999988079071
    y: 84.0
    z: -241.69999998807907
    yaw: 66.66925
    pitch: 9.150018
