lastAccountName: 1CaptainDane
timestamps:
  login: 1500146445471
  lastteleport: 1500148627120
  logout: 1500148636440
ipAddress: 75.83.25.0
geolocation: United States
lastlocation:
  world: greenfield
  x: -4.920277466086253
  y: 123.0625
  z: -194.15112801494294
  yaw: -82.2807
  pitch: 19.950003
godmode: false
teleportenabled: true
logoutlocation:
  world: greenfield
  x: -1723.9612032625337
  y: 70.0
  z: 135.56562528817432
  yaw: -219.73593
  pitch: 11.990067
money: '0'
