geolocation: United States
lastAccountName: SlingingLotus
timestamps:
  login: 1498318899240
  lastteleport: 1498319015014
  logout: 1498319112196
ipAddress: 74.101.127.125
lastlocation:
  world: greenfield
  x: -1727.116266167229
  y: 69.0
  z: 173.44326639195685
  yaw: 93.01386
  pitch: -5.5500236
logoutlocation:
  world: greenfield
  x: -1721.3174386194526
  y: 69.0625
  z: 174.83287278546783
  yaw: 66.46411
  pitch: -0.009903019
money: '0'
