lastAccountName: _Rossi_
timestamps:
  login: 1510004625151
  lastteleport: 1510004722259
  logout: 1510004896048
ipAddress: 84.203.1.247
geolocation: Ireland
lastlocation:
  world: lexstarklabs
  x: 1.0257190280146993
  y: 59.0
  z: -1.699999988079071
  yaw: 194.3884
  pitch: 17.976961
money: '20.00'
logoutlocation:
  world: spawn
  x: 316.3352922032977
  y: 65.0
  z: -25.869099071617704
  yaw: -245.10918
  pitch: 16.499998
godmode: false
teleportenabled: true
afk: false
homes:
  home:
    world: survival112
    x: -2100.9611193914975
    y: 82.0
    z: 1147.450073676994
    yaw: 290.7001
    pitch: 14.399978
  treehouse2:
    world: survival112
    x: -2262.9334862897836
    y: 112.0
    z: 1162.300484339651
    yaw: -245.60437
    pitch: 16.350002
  mansion:
    world: survival112
    x: -1030.295985989488
    y: 73.0625
    z: 424.18455072454356
    yaw: -83.549995
    pitch: 13.499993
