lastAccountName: da_enderskull
timestamps:
  login: 1509707391308
  lastteleport: 1509707783915
  logout: 1509707959580
ipAddress: 119.236.95.61
geolocation: Hong Kong
lastlocation:
  world: spawn
  x: 304.453454331669
  y: 65.0
  z: -30.479148862488632
  yaw: -273.45874
  pitch: 5.550006
godmode: false
teleportenabled: true
logoutlocation:
  world: survival112_the_end
  x: 63.78226506352529
  y: 53.0
  z: -10.556728546401729
  yaw: 35.01407
  pitch: 32.850044
