lastAccountName: dead059
timestamps:
  login: 1500478073474
  lastteleport: 1500478340327
  logout: 1500478490339
ipAddress: 107.12.81.130
geolocation: United States
lastlocation:
  world: greenfield
  x: -5.0903305440551305
  y: 123.0625
  z: -193.57495447211218
  yaw: -21.080713
  pitch: 25.949999
teleportenabled: true
logoutlocation:
  world: greenfield
  x: -1701.1954177653365
  y: 70.0
  z: 136.7942696560364
  yaw: 81.31356
  pitch: 16.499998
money: '0'
