geolocation: United States
lastAccountName: dmanspeedy
timestamps:
  login: 1503424154860
  lastteleport: 1503274575439
  logout: 1503424194010
ipAddress: 47.33.146.89
lastlocation:
  world: lasertag
  x: 37.948796695151636
  y: 97.0
  z: -7.679426806403732
  yaw: -89.2501
  pitch: 24.599977
logoutlocation:
  world: lasertag
  x: 87.55360651957665
  y: 88.0
  z: 24.567947941813888
  yaw: 194.85092
  pitch: 5.249978
money: '0'
