lastAccountName: _The__Flash_
timestamps:
  login: 1510067825517
  logout: 1510068015341
  lastteleport: 1510067996016
ipAddress: 51.175.184.104
geolocation: Norway
lastlocation:
  world: survival112
  x: -94.44973433230551
  y: 75.0
  z: 79.10553410756607
  yaw: -102.536194
  pitch: 3.7751102
logoutlocation:
  world: spawn
  x: 319.9028714325584
  y: 65.0
  z: -38.065834314703146
  yaw: -179.08795
  pitch: 0.093701504
godmode: false
teleportenabled: true
