geolocation: Belgium
lastAccountName: Duggie
timestamps:
  login: 1507477932607
  lastteleport: 1507478361708
  logout: 1507478365224
ipAddress: 81.165.206.224
lastlocation:
  world: theworldroom
  x: -7.116350989009495
  y: 100.0
  z: -3.570252206355978
  yaw: 201.44626
  pitch: 3.788101
godmode: false
teleportenabled: true
logoutlocation:
  world: spawn
  x: 318.5
  y: 65.0
  z: -25.5
  yaw: -270.00903
  pitch: 0.45000514
