geolocation: United States
lastAccountName: 8lx
timestamps:
  login: 1508536394084
  lastteleport: 1508537233174
  logout: 1508537589830
ipAddress: 76.26.20.212
lastlocation:
  world: lexstarklabs
  x: 1.1258519417395492
  y: 59.0
  z: 31.243229385607712
  yaw: 336.15262
  pitch: 4.7711086
godmode: false
teleportenabled: true
logoutlocation:
  world: lexstarklabs
  x: 8.090690082328525
  y: 59.0
  z: 9.52596834761474
  yaw: 252.88861
  pitch: 73.32712
