geolocation: United States
lastAccountName: Ninjawolf3738
timestamps:
  login: 1505330537281
  logout: 1505330607278
ipAddress: 205.123.71.7
lastlocation:
  world: survival112
  x: -116.5
  y: 70.0
  z: 79.5
  yaw: 0.0
  pitch: 0.0
logoutlocation:
  world: lexstarklabs
  x: 0.7820651725248752
  y: 59.0
  z: 23.23810998859777
  yaw: 6.158906
  pitch: 2.1123044
money: '0'
