lastAccountName: Ardeathguy3000
timestamps:
  login: 1498370208630
  lastteleport: 1498369827372
  logout: 1498370232450
ipAddress: 73.215.70.100
geolocation: United States
lastlocation:
  world: greenfield
  x: -5.5291930522281385
  y: 124.08692408821369
  z: -179.7843543471183
  yaw: -3.530813
  pitch: 12.150009
logoutlocation:
  world: survival112
  x: -146.20802838839896
  y: 80.0
  z: 75.32692266268391
  yaw: 197.70001
  pitch: 31.950003
money: '0'
