lastAccountName: gaminganator2
timestamps:
  login: 1501622885855
  lastteleport: 1501622988225
  logout: 1501623023224
ipAddress: 70.121.70.191
geolocation: United States
lastlocation:
  world: greenfield
  x: -5.479162820547436
  y: 124.22860926093821
  z: -179.93206667006132
  yaw: -6.1753426
  pitch: 48.269196
logoutlocation:
  world: survival112
  x: -97.30000001192093
  y: 75.0
  z: 70.86669685658815
  yaw: 181.602
  pitch: 33.761856
money: '0'
