geolocation: N/A
lastAccountName: MissingName
timestamps:
  login: 1509844297110
  logout: 1509844315562
ipAddress: 127.0.0.1
lastlocation:
  world: survival112
  x: -116.5
  y: 70.0
  z: 79.5
  yaw: 0.0
  pitch: 0.0
logoutlocation:
  world: lexstarklabs
  x: -9.351443577348364
  y: 59.0
  z: 5.273554941834644
  yaw: -36.85898
  pitch: 10.255822
