geolocation: United States
lastAccountName: RevanOrder
timestamps:
  login: 1493863758654
  lastteleport: 1493863871656
  logout: 1493863903644
ipAddress: 108.66.65.196
lastlocation:
  world: greenfield
  x: -1712.614294961899
  y: 70.0
  z: 129.88697470121127
  yaw: -173.03375
  pitch: 34.191593
logoutlocation:
  world: greenfield
  x: -1075.699999988079
  y: 69.0
  z: -51.30000001192093
  yaw: 38.080498
  pitch: 29.699976
money: '0'
