geolocation: United States
lastAccountName: KJ42
timestamps:
  login: 1494973131171
  lastteleport: 1488730445419
  logout: 1494973199179
ipAddress: 167.160.113.62
lastlocation:
  world: greenfield
  x: -5.5366047647271355
  y: 124.0
  z: -211.01290209681548
  yaw: -177.68045
  pitch: 48.74996
logoutlocation:
  world: survival
  x: 85.191373458833
  y: 84.0
  z: -170.0511029373283
  yaw: 186.27873
  pitch: 17.549967
money: '0'
