lastAccountName: CuteGirlWaffle
timestamps:
  login: 1508469999539
  lastteleport: 1508471175204
  logout: 1508471275802
ipAddress: 174.23.1.154
geolocation: United States
lastlocation:
  world: overvoid
  x: -40.05100494051537
  y: 96.0
  z: 40.05470080464014
  yaw: 104.50021
  pitch: -0.7499956
godmode: false
teleportenabled: true
logoutlocation:
  world: spawn
  x: 22.55390753642218
  y: 9.0
  z: -39.49288015646008
  yaw: -183.78053
  pitch: -0.4500217
