lastAccountName: TerrorDismay
timestamps:
  login: 1509837335913
  lastteleport: 1509837376446
  logout: 1509837416683
ipAddress: 66.108.253.85
geolocation: United States
lastlocation:
  world: survival112
  x: -28.70325558903672
  y: 93.94739945322927
  z: -53.28453119269364
  yaw: 70.1616
  pitch: 12.829258
godmode: false
teleportenabled: true
logoutlocation:
  world: survival112
  x: -2322.3097025467205
  y: 89.40655373217875
  z: 401.2229442266305
  yaw: 155.72694
  pitch: 41.726112
homes:
  home:
    world: survival112
    x: -2333.0565884652897
    y: 256.0
    z: 462.5753999706545
    yaw: -67.414795
    pitch: 58.274864
