lastAccountName: Skye_08
timestamps:
  login: 1508713180977
  lastteleport: 1508690582601
  logout: 1508713339205
  lastheal: 1503069839036
ipAddress: 76.8.200.156
geolocation: United States
lastlocation:
  world: lexstarklabs
  x: 0.7476009049384604
  y: 59.0
  z: -1.0955985366883958
  yaw: 179.93013
  pitch: 7.072013
godmode: false
teleportenabled: true
logoutlocation:
  world: lexstarklabs
  x: 9.968457397012667
  y: 59.0625
  z: 40.26998635311858
  yaw: 337.85754
  pitch: 10.912781
money: '0'
afk: false
homes:
  home:
    world: survival112
    x: 1916.866213831139
    y: 69.0
    z: -1060.1274806185936
    yaw: 268.6524
    pitch: 12.660127
  war:
    world: survival112
    x: 1208.9767667911717
    y: 70.0
    z: -159.99168559714818
    yaw: -128.58801
    pitch: -12.322595
  bar:
    world: survival112
    x: 1829.4719877920504
    y: 63.0
    z: -1256.008213978994
    yaw: 3.7102866
    pitch: 10.275187
  myles:
    world: survival112
    x: -1037.4666520968785
    y: 67.81097808506773
    z: 680.8918303975748
    yaw: -23.699585
    pitch: 1.1641936
  woodhouse:
    world: survival112
    x: -1026.8823486181475
    y: 67.0
    z: 436.4734625190108
    yaw: -87.775635
    pitch: 9.342702
