lastAccountName: barney7
timestamps:
  login: 1509086298874
  lastteleport: 1508853648747
  logout: 1509086383290
  lastheal: 1508592410373
ipAddress: 101.183.66.52
geolocation: Australia
lastlocation:
  world: lexstarklabs
  x: 2.0508829177415566
  y: 59.0625
  z: 35.52916002832353
  yaw: 107.83832
  pitch: 17.676981
teleportenabled: true
godmode: false
logoutlocation:
  world: survival112
  x: -108.47496986879051
  y: 73.0
  z: 79.818394703248
  yaw: -111.74997
  pitch: 6.7499924
homes:
  base:
    world: survival112
    x: -289.2691695387958
    y: 57.0
    z: -50.52130720532676
    yaw: 195.21309
    pitch: 78.9
  home:
    world: survival112
    x: -1428.7281880479406
    y: 229.0
    z: -378.8770492115841
    yaw: -348.5288
    pitch: 27.45
  olympus:
    world: survival112
    x: -1427.6114793526724
    y: 229.0
    z: -371.6978715992887
    yaw: 188.16748
    pitch: 16.80015
