geolocation: Canada
lastAccountName: legolasmjw
timestamps:
  login: 1506170760884
  lastteleport: 1506170777808
  logout: 1506170858199
ipAddress: 64.231.34.60
lastlocation:
  world: greenfield
  x: -25.527138952237692
  y: 69.0
  z: -219.78008216079985
  yaw: -278.4453
  pitch: 18.082209
logoutlocation:
  world: lexstarklabs
  x: -9.110735187545334
  y: 59.0
  z: 42.22171853859935
  yaw: -87.3954
  pitch: 18.032595
money: '0'
