lastAccountName: AutumnMarie23
timestamps:
  login: 1509928367097
  lastteleport: 1509807406503
  logout: 1509929062091
ipAddress: 99.90.200.14
geolocation: United States
lastlocation:
  world: survival112
  x: -59.39749977145765
  y: 77.0
  z: 83.48989478365677
  yaw: -79.95
  pitch: 9.900001
logoutlocation:
  world: survival112
  x: -404.34883767148597
  y: 62.0
  z: -49.12348339103779
  yaw: 223.81354
  pitch: 19.79997
