lastAccountName: RedRainer
timestamps:
  login: 1497308669186
  logout: 1497308726462
  lastteleport: 1497308709455
ipAddress: 58.179.70.145
geolocation: Australia
lastlocation:
  world: greenfield
  x: -1712.5
  y: 70.0
  z: 130.5
  yaw: -0.23398513
  pitch: 1.3415639
logoutlocation:
  world: speedforce
  x: -1.5
  y: 80.0
  z: -185.5
  yaw: -180.14998
  pitch: 0.1500003
money: '0'
