geolocation: Brazil
lastAccountName: Dr_KillerBR
timestamps:
  login: 1503009483422
  logout: 1503009825267
ipAddress: 177.195.63.120
lastlocation:
  world: survival112
  x: -116.5
  y: 70.0
  z: 79.5
  yaw: 0.0
  pitch: 0.0
logoutlocation:
  world: greenfield
  x: -1712.5331436228632
  y: 70.0
  z: 141.25015582193478
  yaw: 63.366016
  pitch: -24.00843
money: '0'
