geolocation: Belgium
lastAccountName: Ai_Ai_The_Wizard
timestamps:
  login: 1508068077779
  lastteleport: 1508068731889
  logout: 1508068802413
ipAddress: 91.181.43.36
lastlocation:
  world: plots
  x: 288.2552964487328
  y: 65.0
  z: 227.73803520789494
  yaw: -29.99999
  pitch: 2.5500011
godmode: false
teleportenabled: true
logoutlocation:
  world: shootingrange
  x: 24.33558391176311
  y: 78.0
  z: 17.47803800762508
  yaw: 340.92554
  pitch: 11.225489
