lastAccountName: Ksoler
timestamps:
  login: 1509890180409
  lastteleport: 1509262831841
  logout: 1509890221129
ipAddress: 83.23.35.209
geolocation: Poland
lastlocation:
  world: plots
  x: 286.99451769962116
  y: 65.0
  z: 237.2428686395415
  yaw: -82.04011
  pitch: -2.193086
afk: false
logoutlocation:
  world: wallenpole
  x: 4.91646923529588
  y: 89.34322136502902
  z: 35.51249998807907
  yaw: 0.50052845
  pitch: -2.3830538
