geolocation: Netherlands
lastAccountName: Trinn_
timestamps:
  login: 1506708096545
  lastteleport: 1506708831940
  logout: 1506708916898
ipAddress: 213.127.17.233
lastlocation:
  world: plots
  x: 235.8150954864449
  y: 65.0
  z: 236.49421234382316
  yaw: 90.42615
  pitch: 2.0988503
godmode: false
teleportenabled: true
logoutlocation:
  world: survival112
  x: -40.655451917155574
  y: 111.36774540333361
  z: 165.1804968166711
  yaw: 323.01367
  pitch: 73.896355
