geolocation: United States
lastAccountName: Kstar2856
timestamps:
  login: 1495380221088
  lastteleport: 1492967478814
  logout: 1495380239890
ipAddress: 71.93.40.230
lastlocation:
  world: greenfield
  x: -1727.104846247295
  y: 69.0
  z: 173.67660348374338
  yaw: 82.26594
  pitch: 49.041565
logoutlocation:
  world: greenfield
  x: -1708.472701553697
  y: 70.0
  z: 135.37210246546073
  yaw: -75.23402
  pitch: 10.791561
money: '0'
