lastAccountName: sutrin
timestamps:
  login: 1503039430559
  logout: 1503039580933
ipAddress: 58.179.33.252
geolocation: Australia
lastlocation:
  world: survival112
  x: -116.5
  y: 70.0
  z: 79.5
  yaw: 0.0
  pitch: 0.0
logoutlocation:
  world: greenfield
  x: -1712.492907924141
  y: 70.0
  z: 149.72800994304745
  yaw: 178.56602
  pitch: 32.4
money: '0'
