lastAccountName: kretzcraft
timestamps:
  login: 1509888889666
  logout: 1509890016265
  lastteleport: 1509889015415
ipAddress: 174.60.164.96
geolocation: United States
lastlocation:
  world: spawn
  x: 305.08662442483984
  y: 65.0
  z: -28.928644054888004
  yaw: 84.1413
  pitch: 5.099996
logoutlocation:
  world: plots
  x: 400.07030213618356
  y: 13.0
  z: 371.69999998807907
  yaw: -91.95265
  pitch: 16.650003
teleportenabled: true
godmode: false
