lastAccountName: tourick123
timestamps:
  login: 1495166077802
  logout: 1495166091940
ipAddress: 98.220.148.134
geolocation: United States
lastlocation:
  world: survival
  x: 86.5
  y: 91.0
  z: -109.5
  yaw: -180.32117
  pitch: 0.8999815
logoutlocation:
  world: greenfield
  x: -1701.556219345023
  y: 70.0
  z: 141.27673276620988
  yaw: 67.08039
  pitch: 9.962768
money: '0'
