geolocation: United States
lastAccountName: Choobsy
timestamps:
  login: 1504244756090
  lastteleport: 1504244875104
  logout: 1504244922968
ipAddress: 99.182.18.76
lastlocation:
  world: spawn
  x: -9.511572897934178
  y: 9.0
  z: -42.32950021852949
  yaw: -182.1093
  pitch: 25.199991
logoutlocation:
  world: greenfield
  x: -5.49921076715691
  y: 123.0625
  z: -197.24598315336735
  yaw: -0.080712534
  pitch: 0.9000001
money: '0'
