geolocation: Israel
lastAccountName: xSlimer_
timestamps:
  login: 1497966915588
  lastteleport: 1497968935592
  logout: 1497968938931
ipAddress: 213.57.148.72
lastlocation:
  world: greenfield
  x: -1711.8237145758965
  y: 70.0
  z: 129.75377121945132
  yaw: -177.13599
  pitch: 14.85002
afk: false
logoutlocation:
  world: greenfield
  x: -5.4996843068583985
  y: 123.0625
  z: -198.05827658795852
  yaw: -0.53071254
  pitch: 9.536743E-8
money: '0'
