geolocation: United States
lastAccountName: Ginganinja_ed
timestamps:
  login: 1497102154506
  logout: 1497102361018
ipAddress: 75.118.248.142
lastlocation:
  world: survival112
  x: -116.5
  y: 70.0
  z: 79.5
  yaw: 0.0
  pitch: 0.0
logoutlocation:
  world: greenfield
  x: -1712.619183361181
  y: 70.0
  z: 139.28918606496825
  yaw: 78.81608
  pitch: -0.30843982
money: '0'
