geolocation: United States
lastAccountName: TwinCrafters29
timestamps:
  login: 1499481850188
  lastteleport: 1499481906793
  logout: 1499481908874
ipAddress: 24.13.61.198
lastlocation:
  world: greenfield
  x: -1727.187822706589
  y: 69.0
  z: 173.2810188116752
  yaw: 92.76648
  pitch: 51.89156
logoutlocation:
  world: greenfield
  x: -1712.5257505788477
  y: 70.0
  z: 147.2959609081804
  yaw: -171.88599
  pitch: 13.640062
money: '0'
