lastAccountName: golden_seal
timestamps:
  login: 1498632480504
  lastteleport: 1498634460898
  logout: 1498634581418
ipAddress: 141.226.174.17
geolocation: Israel
lastlocation:
  world: greenfield
  x: -48.16118434003502
  y: 110.0
  z: -193.64139433708772
  yaw: 84.88516
  pitch: 43.30289
money: '0'
logoutlocation:
  world: office
  x: -0.4099711919815091
  y: 134.0
  z: 4.739053871437087
  yaw: 82.35274
  pitch: 17.28924
