geolocation: United States
lastAccountName: PinkiePie411
timestamps:
  login: 1499305499860
  lastteleport: 1499305503716
  logout: 1499305524651
ipAddress: 174.52.53.8
lastlocation:
  world: greenfield
  x: -1712.4921270326013
  y: 70.0
  z: 129.87321809954
  yaw: 1.2660148
  pitch: 0.741564
logoutlocation:
  world: greenfield
  x: -2.7447240283158316
  y: 123.0
  z: -197.03966597713028
  yaw: -295.43066
  pitch: -1.6500189
money: '0'
