geolocation: United States
lastAccountName: Green__Lightning
timestamps:
  login: 1506396476765
  lastteleport: 1493509432248
  logout: 1506396635064
ipAddress: 71.196.131.228
lastlocation:
  world: survival112
  x: -116.5
  y: 70.0
  z: 79.5
  yaw: 0.0
  pitch: 0.0
logoutlocation:
  world: greenfield
  x: -23.01497525336297
  y: 69.0
  z: -216.8979824062458
  yaw: 132.73854
  pitch: -6.2822104
money: '0'
