lastAccountName: Po1104
timestamps:
  login: 1509898959426
  logout: 1509901059153
  lastteleport: 1509901054828
ipAddress: 72.218.121.42
geolocation: United States
lastlocation:
  world: pvpworldsforest
  x: 3.5
  y: 75.0
  z: 4.5
  yaw: -175.35013
  pitch: 9.749915
godmode: false
teleportenabled: true
logoutlocation:
  world: spawn
  x: 315.7097151844416
  y: 65.0
  z: -25.435586741539336
  yaw: -87.45906
  pitch: 12.000008
