geolocation: United States
lastAccountName: Fantom012
timestamps:
  login: 1507736972159
  logout: 1507737521417
ipAddress: 75.27.232.119
lastlocation:
  world: survival112
  x: -116.5
  y: 70.0
  z: 79.5
  yaw: 0.0
  pitch: 0.0
logoutlocation:
  world: lexstarklabs
  x: -10.5
  y: 59.0
  z: 0.5
  yaw: -330.55893
  pitch: -19.144175
afk: false
