lastAccountName: Demon_X123
timestamps:
  login: 1508700978474
  lastteleport: 1508701239760
  logout: 1508701254529
ipAddress: 86.134.162.95
geolocation: United Kingdom
lastlocation:
  world: greenfield
  x: 18.854648594268753
  y: 5.305438451751212
  z: 136.00657008163168
  yaw: -180.01161
  pitch: 0.46778247
godmode: false
teleportenabled: true
logoutlocation:
  world: greenfield
  x: 16.5
  y: 8.0
  z: 140.5
  yaw: -130.55173
  pitch: 23.388807
