geolocation: United States
lastAccountName: ttbarri092
timestamps:
  login: 1500140804661
  lastteleport: 1500141245508
  logout: 1500142710308
ipAddress: 99.11.142.129
lastlocation:
  world: spawn
  x: -9.627296987580378
  y: 9.0
  z: -42.261305446381165
  yaw: -192.07047
  pitch: 9.627198
afk: false
logoutlocation:
  world: greenfield
  x: -26.09850783854486
  y: 79.7215999507904
  z: -159.36396650994283
  yaw: 84.367676
  pitch: -11.67296
money: '0'
