lastAccountName: GoldBlooded_
timestamps:
  login: 1498043456892
  lastteleport: 1497051993128
  logout: 1498043461239
ipAddress: 72.235.10.38
geolocation: United States
lastlocation:
  world: greenfield
  x: -1712.9373117928858
  y: 70.0
  z: 129.7564405070809
  yaw: 177.3894
  pitch: 35.700146
logoutlocation:
  world: greenfield
  x: -0.8051693644617162
  y: 123.1837968405392
  z: -200.30000001192093
  yaw: -5.3307347
  pitch: 39.450016
afk: false
money: '0'
