geolocation: United States
lastAccountName: ChildOfTheKorn
timestamps:
  login: 1497405284714
  logout: 1497405558057
  lastteleport: 1497405537406
ipAddress: 73.171.22.143
lastlocation:
  world: greenfield
  x: -4.625903095689156
  y: 123.0625
  z: -193.96225317706987
  yaw: -5.200993
  pitch: -4.311714
logoutlocation:
  world: greenfield
  x: -1711.300000011921
  y: 70.0
  z: 135.5468733676945
  yaw: -348.94806
  pitch: 14.093558
money: '0'
