geolocation: United States
lastAccountName: surferboy2004
timestamps:
  login: 1509931840121
  lastteleport: 1509932316002
  logout: 1509932331125
ipAddress: 47.208.132.233
lastlocation:
  world: greenfield
  x: 23.053737044515994
  y: 5.157922736128776
  z: 137.71310913914454
  yaw: -180.01161
  pitch: 0.46778247
godmode: false
teleportenabled: true
logoutlocation:
  world: greenfield
  x: 18.56857612014651
  y: 5.305438451751212
  z: 137.22046751065363
  yaw: -180.01161
  pitch: 0.46778247
homes:
  biome:
    world: survival
    x: -415.77653270523393
    y: 67.0
    z: -2040.8420304602832
    yaw: 175.78749
    pitch: 0.3000339
  throneroom:
    world: survival
    x: 1323.300000011921
    y: 77.0
    z: -109.35584234315846
    yaw: 230.08398
    pitch: 22.049976
  info:
    world: plots
    x: 161.09495432099385
    y: 65.0
    z: 121.2393092954619
    yaw: 270.67108
    pitch: 0.20252925
money: '0'
afk: false
