geolocation: United States
lastAccountName: Diosita
timestamps:
  login: 1498033388752
  logout: 1498033407895
ipAddress: 74.74.91.7
lastlocation:
  world: survival112
  x: -116.5
  y: 70.0
  z: 79.5
  yaw: 0.0
  pitch: 0.0
logoutlocation:
  world: greenfield
  x: -1712.5
  y: 70.0
  z: 130.5
  yaw: -115.13394
  pitch: 23.241566
money: '0'
