lastAccountName: kingopizza
timestamps:
  login: 1496616519430
  lastteleport: 1496616553783
  logout: 1496616641924
ipAddress: 68.109.195.182
geolocation: United States
lastlocation:
  world: deathrun
  x: 45.34490720095728
  y: 84.0
  z: -5.134130654285811
  yaw: -173.85081
  pitch: 38.099983
logoutlocation:
  world: deathrun
  x: 45.6644927078412
  y: 84.0625
  z: -1.8358107290461576
  yaw: -53.250732
  pitch: 12.900005
money: '0'
