geolocation: Italy
lastAccountName: BigGato23
timestamps:
  login: 1499586049659
  lastteleport: 1499586051963
  logout: 1499604586805
ipAddress: 93.41.44.226
lastlocation:
  world: spawn
  x: 0.5
  y: 10.0
  z: 0.5
  yaw: -178.6593
  pitch: 1.3499979
logoutlocation:
  world: spawn
  x: 0.5
  y: 10.0
  z: 0.5
  yaw: -178.6593
  pitch: 1.3499979
afk: false
money: '0'
