lastAccountName: Mac_Maker
timestamps:
  login: 1509846883583
  logout: 1509846934928
  lastteleport: 1509846915300
ipAddress: 68.96.142.52
geolocation: United States
lastlocation:
  world: overvoid
  x: -34.841901835789756
  y: 96.0
  z: 38.784688672900074
  yaw: -83.30003
  pitch: -0.14999479
logoutlocation:
  world: spawn
  x: 318.5500364684388
  y: 65.0
  z: -25.50758133501625
  yaw: -49.05963
  pitch: 69.29995
