geolocation: United States
lastAccountName: buzzwerm
timestamps:
  login: 1499816751789
  logout: 1499816764799
ipAddress: 69.144.58.172
lastlocation:
  world: survival112
  x: -116.5
  y: 70.0
  z: 79.5
  yaw: 0.0
  pitch: 0.0
logoutlocation:
  world: greenfield
  x: -1723.300000011921
  y: 69.0625
  z: 175.5741420871839
  yaw: 283.1162
  pitch: -3.4584477
money: '0'
