lastAccountName: 2legotwins4111
timestamps:
  login: 1509919776151
  logout: 1509920585514
  lastteleport: 1509920553986
ipAddress: 68.10.254.247
geolocation: United States
lastlocation:
  world: survival112
  x: -131.8773870174559
  y: 73.0
  z: 82.30000001192093
  yaw: 22.04989
  pitch: -1.6856193E-5
money: '0'
logoutlocation:
  world: spawn
  x: 316.98378277320404
  y: 65.0
  z: -23.920808446735744
  yaw: -199.35922
  pitch: 23.850004
godmode: false
teleportenabled: true
afk: false
