geolocation: United States
lastAccountName: MadmanX26
timestamps:
  login: 1500127141716
  lastteleport: 1500127516986
  logout: 1500127759251
ipAddress: 98.250.82.90
lastlocation:
  world: survival112
  x: -330.11102700794714
  y: 50.0
  z: 75.90244317124663
  yaw: -287.8338
  pitch: 55.05002
homes:
  home:
    world: survival112
    x: -330.8996478181166
    y: 64.0
    z: 59.80173276836466
    yaw: -252.25623
    pitch: 13.050284
logoutlocation:
  world: survival112
  x: -325.5
  y: 50.775000023841855
  z: 76.5
  yaw: 37.959137
  pitch: 60.00073
money: '0'
