lastAccountName: noahdent613
timestamps:
  login: 1504389403815
  logout: 1504389614351
ipAddress: 70.173.95.70
geolocation: United States
lastlocation:
  world: survival112
  x: -116.5
  y: 70.0
  z: 79.5
  yaw: 0.0
  pitch: 0.0
logoutlocation:
  world: lexstarklabs
  x: 17.323362220753754
  y: 59.0
  z: 27.111648302379503
  yaw: -273.3446
  pitch: 4.90079
money: '0'
