geolocation: United States
lastAccountName: hallucinationman
timestamps:
  login: 1502411570485
  logout: 1502411575751
  lastteleport: 1502410672396
ipAddress: 68.229.205.31
lastlocation:
  world: greenfield
  x: -5.499710614611104
  y: 123.0625
  z: -197.7382904102976
  yaw: -0.080712534
  pitch: 0.9000001
money: '0'
logoutlocation:
  world: lexstarklabs
  x: -3.0500000119209285
  y: 59.0
  z: 38.862168428600064
  yaw: -103.99214
  pitch: 19.600758
