geolocation: United States
lastAccountName: JHyre0406
timestamps:
  login: 1510099731226
  logout: 1510100720722
  lastteleport: 1510100541929
ipAddress: 204.111.79.174
lastlocation:
  world: survival112
  x: 1.3483273286675614
  y: 63.0
  z: -25.79178697358773
  yaw: -171.05121
  pitch: 85.79068
godmode: false
teleportenabled: true
homes:
  team:
    world: survival112
    x: -982.3641359984252
    y: 112.0
    z: 1373.6022549287225
    yaw: -269.1333
    pitch: 21.50301
  myhome:
    world: survival112
    x: -955.4081796767098
    y: 67.0
    z: 1392.8292975192987
    yaw: -19.723866
    pitch: 40.827614
  base:
    world: survival112
    x: -916.0225605063788
    y: 39.11650136792814
    z: 1707.8142686377098
    yaw: 267.75
    pitch: 58.091373
afk: false
logoutlocation:
  world: lexstarklabs
  x: 20.487724507791565
  y: 59.0
  z: 36.02361963916361
  yaw: 3.369812
  pitch: 40.25358
