lastAccountName: TokyoJake
timestamps:
  login: 1496932903069
  lastteleport: 1496932931185
  logout: 1496932939964
ipAddress: 81.170.62.228
geolocation: United Kingdom
lastlocation:
  world: greenfield
  x: -1712.4431816804367
  y: 70.0
  z: 129.88430941653303
  yaw: 185.76596
  pitch: 38.69156
logoutlocation:
  world: greenfield
  x: -6.032365169759314
  y: 123.0625
  z: -190.58421406945732
  yaw: -3.9807186
  pitch: 14.849996
money: '0'
