lastAccountName: IlostYou_
timestamps:
  login: 1502966297718
  lastteleport: 1502966353589
  logout: 1502966420260
ipAddress: 94.224.143.139
geolocation: Belgium
lastlocation:
  world: greenfield
  x: -5.559868620106888
  y: 124.08692408821369
  z: -179.89976695981366
  yaw: 4.4192867
  pitch: 5.2500157
logoutlocation:
  world: survival112
  x: -38.41118404328829
  y: 56.0
  z: -0.30000001192094
  yaw: -194.39978
  pitch: 38.850006
money: '0'
