lastAccountName: TortoiseBoii
timestamps:
  login: 1508949289940
  lastteleport: 1508950250713
  logout: 1508950262230
ipAddress: 95.147.57.104
geolocation: United Kingdom
lastlocation:
  world: spawn
  x: 303.30000001192093
  y: 65.0
  z: -22.402752797595976
  yaw: -267.00934
  pitch: 10.199985
godmode: false
teleportenabled: true
logoutlocation:
  world: theworldroom
  x: -4.255554693310824
  y: 100.0
  z: 7.809354448791153
  yaw: -21.603851
  pitch: 14.4381075
