geolocation: United States
lastAccountName: MrGrapeJelly
timestamps:
  login: 1503244667994
  lastteleport: 1503245035315
  logout: 1503245038232
ipAddress: 108.210.72.26
lastlocation:
  world: lexstarklabs
  x: 0.9600162954905265
  y: 59.0
  z: 0.8891054100692745
  yaw: 178.9079
  pitch: 55.000774
money: '0'
logoutlocation:
  world: greenfield
  x: -5.5
  y: 123.0625
  z: -198.5
  yaw: -0.080712534
  pitch: 0.9000001
