lastAccountName: Azndragon242
timestamps:
  login: 1501884896742
  logout: 1501884925687
ipAddress: 104.222.149.123
geolocation: France
lastlocation:
  world: survival112
  x: -116.5
  y: 70.0
  z: 79.5
  yaw: 0.0
  pitch: 0.0
logoutlocation:
  world: greenfield
  x: -1712.5
  y: 70.0
  z: 130.5
  yaw: -0.23398513
  pitch: 1.3415639
money: '0'
