geolocation: Belgium
lastAccountName: swagmaster1606
timestamps:
  login: 1509288948306
  lastteleport: 1509220048312
  logout: 1509288972062
  lastheal: 1509190074895
ipAddress: 141.134.152.54
lastlocation:
  world: lexstarklabs
  x: 18.38790561994451
  y: 59.0625
  z: 40.85594675111646
  yaw: -270.15472
  pitch: 10.149596
teleportenabled: true
godmode: false
afk: false
logoutlocation:
  world: infinitycity
  x: -1242.5409009684367
  y: 28.0
  z: 477.86250001192093
  yaw: -181.90697
  pitch: 58.49468
