geolocation: New Zealand
lastAccountName: Little_Tiger1
timestamps:
  login: 1509166700747
  lastteleport: 1497075598168
  logout: 1509167180672
ipAddress: 121.99.205.252
lastlocation:
  world: greenfield
  x: -5.623151274478699
  y: 124.25220334025373
  z: -179.9859609259914
  yaw: 350.76907
  pitch: 54.75004
logoutlocation:
  world: greenfield
  x: -34.159401413120285
  y: 76.0
  z: -281.69999998807907
  yaw: -93.161804
  pitch: 18.317768
money: '0'
