lastAccountName: lemler33
timestamps:
  login: 1501273918626
  logout: 1501274344967
  lastteleport: 1501274010901
ipAddress: 74.211.49.51
geolocation: United States
lastlocation:
  world: greenfield
  x: -5.686303794912109
  y: 124.0
  z: -179.8941524384084
  yaw: 12.969278
  pitch: 7.950001
logoutlocation:
  world: survival112
  x: -169.03925641457386
  y: 63.0
  z: 132.70250924197464
  yaw: 141.59937
  pitch: 4.2000217
money: '0'
