geolocation: Mexico
lastAccountName: GhostAxolotl
timestamps:
  login: 1507407363211
  logout: 1507408324205
  lastteleport: 1507407846201
ipAddress: 189.159.38.2
lastlocation:
  world: lexstarklabs
  x: 11.749539214969422
  y: 59.0
  z: 4.2735920478503715
  yaw: -64.13995
  pitch: 14.092443
godmode: false
teleportenabled: true
money: '0'
logoutlocation:
  world: survival112
  x: -6.520400637596302
  y: 59.0
  z: 42.81087302771253
  yaw: -185.33382
  pitch: 9.253442
afk: false
homes:
  lol:
    world: survival112
    x: -66.8719879745608
    y: 58.55343268943618
    z: -213.8758204319101
    yaw: 48.58532
    pitch: 23.442154
  sgsa:
    world: survival112
    x: -177.52194323273775
    y: 69.06445828009534
    z: -249.04246858802418
    yaw: 60.746674
    pitch: 60.839638
  loot:
    world: survival112
    x: -11.114695548017448
    y: 63.000705735383754
    z: -19.870332028573678
    yaw: 179.409
    pitch: 19.092113
  kill:
    world: survival112
    x: 467.98363612153804
    y: 71.65874951299782
    z: 501.5159191007062
    yaw: -3.9713135
    pitch: 10.071321
