geolocation: United States
lastAccountName: minimoore5
timestamps:
  login: 1503845341857
  lastteleport: 1503844549775
  logout: 1503845346629
ipAddress: 72.198.113.58
lastlocation:
  world: greenfield
  x: -1712.3649002359523
  y: 70.0
  z: 129.84845188437413
  yaw: -171.684
  pitch: 61.191578
money: '0'
logoutlocation:
  world: greenfield
  x: 35.30000001192093
  y: 67.82203881664866
  z: -245.49099876008123
  yaw: -234.53285
  pitch: 90.0
