lastAccountName: Coolboy5432
timestamps:
  login: 1496093081294
  lastteleport: 1496022222793
  logout: 1496093146228
ipAddress: 73.124.31.84
geolocation: United States
lastlocation:
  world: anarchy
  x: 1.6672580354521616
  y: 72.0
  z: 69.32909322665705
  yaw: 166.79991
  pitch: 47.100006
logoutlocation:
  world: spawn
  x: 22.505474702474036
  y: 10.0
  z: 57.573103968357586
  yaw: 4.4906983
  pitch: 88.50001
teleportenabled: true
money: '0'
