lastAccountName: FogGiant_
timestamps:
  login: 1508039581715
  logout: 1508039611842
ipAddress: 99.237.226.229
geolocation: Canada
lastlocation:
  world: survival112
  x: -116.5
  y: 70.0
  z: 79.5
  yaw: 0.0
  pitch: 0.0
logoutlocation:
  world: lexstarklabs
  x: -11.018276996772638
  y: 59.0
  z: 0.5790535011943918
  yaw: -181.87334
  pitch: -4.894539
