lastAccountName: kalani_likes_art
timestamps:
  login: 1500979195661
  logout: 1500979602019
ipAddress: 120.154.107.243
geolocation: Australia
lastlocation:
  world: survival112
  x: -116.5
  y: 70.0
  z: 79.5
  yaw: 0.0
  pitch: 0.0
logoutlocation:
  world: greenfield
  x: -1705.1530737863056
  y: 70.0
  z: 141.73281659368814
  yaw: 162.39543
  pitch: 14.002011
money: '0'
