lastAccountName: Zario888
timestamps:
  login: 1499009868960
  logout: 1499010600901
  lastteleport: 1499010102349
ipAddress: 47.16.216.210
geolocation: United States
lastlocation:
  world: greenfield
  x: -5.576064358891975
  y: 124.08692408821369
  z: -179.79299455023897
  yaw: -6.230684
  pitch: 83.1
logoutlocation:
  world: survival112
  x: -120.20793681273508
  y: 72.0
  z: 80.62118541222408
  yaw: -287.84982
  pitch: 50.549995
afk: false
money: '0'
