geolocation: United States
lastAccountName: joshking78
timestamps:
  login: 1501518027491
  logout: 1501518216659
  lastteleport: 1501518095092
ipAddress: 24.5.56.58
lastlocation:
  world: greenfield
  x: -5.4982636877430195
  y: 123.0625
  z: -195.5958025772719
  yaw: -0.080712534
  pitch: 1.0500001
logoutlocation:
  world: lexstarklabs
  x: 17.791450573024562
  y: 59.0
  z: 40.94441112686625
  yaw: 23.957869
  pitch: -14.449215
afk: false
money: '0'
