lastAccountName: Sky_Gamer02
timestamps:
  login: 1509154303262
  logout: 1509155668737
  lastteleport: 1509155408825
ipAddress: 189.91.28.84
geolocation: Brazil
lastlocation:
  world: survival112
  x: -278.3958469586664
  y: 63.328183855490636
  z: -767.4498595448478
  yaw: -320.18674
  pitch: 30.846457
logoutlocation:
  world: survival112
  x: -109.04688006653507
  y: 104.84514316128792
  z: 2277.1379132870334
  yaw: -328.87823
  pitch: 40.649986
teleportenabled: true
godmode: false
