geolocation: United States
lastAccountName: SuperBruin
timestamps:
  login: 1501721264353
  logout: 1501723009537
  lastteleport: 1501722998383
ipAddress: 172.89.43.128
lastlocation:
  world: deathdrop
  x: -2.393396026255478
  y: 1.0
  z: -27.877645390113667
  yaw: -115.19971
  pitch: 1.7999618
logoutlocation:
  world: deathdrop
  x: 0.5470086143719789
  y: 253.0
  z: 3.076439453517744
  yaw: -170.84976
  pitch: 34.499992
money: '0'
afk: false
