geolocation: Canada
lastAccountName: ferrari_mc_12
timestamps:
  login: 1494806238516
  lastteleport: 1492718485313
  logout: 1494806370268
ipAddress: 173.177.153.186
lastlocation:
  world: greenfield
  x: -1696.300000011921
  y: 70.0
  z: 142.30000001192093
  yaw: 90.21605
  pitch: 35.991566
teleportenabled: true
logoutlocation:
  world: greenfield
  x: -1702.4768806141224
  y: 70.0
  z: 142.48651414588676
  yaw: -239.33401
  pitch: 7.9499917
money: '0'
