geolocation: United States
lastAccountName: matthewpchen
timestamps:
  login: 1496286466505
  lastteleport: 1496286763155
  logout: 1496286772617
ipAddress: 72.197.237.123
lastlocation:
  world: survival
  x: 103.64365536590871
  y: 71.0
  z: -223.86196312853076
  yaw: -192.35008
  pitch: 41.90471
logoutlocation:
  world: spawn
  x: 0.5
  y: 10.0
  z: 0.5
  yaw: -209.3998
  pitch: 4.948379
money: '0'
