geolocation: Israel
lastAccountName: tomeremergy
timestamps:
  login: 1508859678930
  lastteleport: 1508860079500
  logout: 1508860105208
ipAddress: 77.139.202.188
lastlocation:
  world: survival112
  x: -191.30000001192093
  y: 63.0
  z: -33.30000001192093
  yaw: -331.15503
  pitch: 35.72432
logoutlocation:
  world: spawn
  x: 317.8196373296389
  y: 66.0
  z: -17.879687504389118
  yaw: -159.02081
  pitch: 6.5916424
