geolocation: United States
lastAccountName: zombiewolfman23
timestamps:
  login: 1503256782651
  lastteleport: 1503256805490
  logout: 1503256907945
ipAddress: 73.167.85.212
lastlocation:
  world: greenfield
  x: -4.4602108664304
  y: 123.0625
  z: -193.8792517471623
  yaw: 357.81943
  pitch: 44.4
logoutlocation:
  world: lexstarklabs
  x: -14.184835622002602
  y: 59.0
  z: 28.087175708255447
  yaw: -121.24217
  pitch: 7.0008745
money: '0'
