geolocation: Lithuania
lastAccountName: TheBrowniedog
timestamps:
  login: 1500981475931
  logout: 1500982362367
  lastteleport: 1500981517537
ipAddress: 87.247.103.163
lastlocation:
  world: greenfield
  x: -5.073509133841991
  y: 123.0625
  z: -193.9549125857987
  yaw: -9.530713
  pitch: 12.450001
money: '0'
logoutlocation:
  world: greenfield
  x: -1723.6460494553266
  y: 77.0
  z: 139.92002750918138
  yaw: 181.81519
  pitch: 35.699917
