geolocation: United Kingdom
lastAccountName: WILDDOG21091
timestamps:
  login: 1508617804485
  lastteleport: 1508618066390
  logout: 1508618324273
ipAddress: 77.97.56.238
lastlocation:
  world: lexstarklabs
  x: -15.501248547123424
  y: 59.0
  z: 42.29944527439071
  yaw: -354.10934
  pitch: 14.999954
logoutlocation:
  world: greenfield
  x: -4.599538529336243
  y: 69.0
  z: -217.09199225061184
  yaw: -82.36163
  pitch: 7.9677854
