geolocation: United States
lastAccountName: ShookieB
timestamps:
  login: 1504391293342
  logout: 1504391409834
ipAddress: 64.134.230.210
lastlocation:
  world: survival112
  x: -116.5
  y: 70.0
  z: 79.5
  yaw: 0.0
  pitch: 0.0
logoutlocation:
  world: lexstarklabs
  x: -0.9097675107176486
  y: 59.0
  z: 10.220689225991379
  yaw: -290.7421
  pitch: 11.950785
money: '0'
