geolocation: Canada
lastAccountName: HotNurseMom
timestamps:
  login: 1501205003081
  logout: 1501207973210
  lastteleport: 1501207803529
  lastheal: 1501202636942
ipAddress: 99.235.144.236
lastlocation:
  world: greenfield
  x: -1711.8447401913431
  y: 70.0
  z: 130.1560890007217
  yaw: 152.86409
  pitch: 8.690054
money: '0'
logoutlocation:
  world: greenfield
  x: -29.30000001192093
  y: 133.73141280084602
  z: -178.4721733049744
  yaw: -69.53055
  pitch: 46.20001
godmode: false
teleportenabled: true
