lastAccountName: commandoboss3000
timestamps:
  login: 1500921437884
  lastteleport: 1500921466257
  logout: 1500921563696
ipAddress: 68.105.129.33
geolocation: United States
lastlocation:
  world: greenfield
  x: -1727.0118304600678
  y: 69.0
  z: 173.5297543095863
  yaw: 69.66602
  pitch: 51.44156
money: '0'
logoutlocation:
  world: greenfield
  x: -1712.9685272849533
  y: 70.0
  z: 137.74488856724332
  yaw: -77.68713
  pitch: 31.040068
