lastAccountName: KaptainKevinHD
timestamps:
  login: 1499126955146
  lastteleport: 1498713778056
  logout: 1499127196329
ipAddress: 71.197.244.74
geolocation: United States
lastlocation:
  world: greenfield
  x: -1727.1023169791438
  y: 69.0
  z: 173.7052683965303
  yaw: -273.08432
  pitch: -1.0584292
logoutlocation:
  world: greenfield
  x: -1696.5
  y: 70.0
  z: 136.5
  yaw: -261.28693
  pitch: 35.690056
teleportenabled: true
money: '0'
