lastAccountName: StarryBoy_0619
timestamps:
  login: 1509851704515
  logout: 1509851711331
ipAddress: 63.143.226.100
geolocation: United States
lastlocation:
  world: survival112
  x: -116.5
  y: 70.0
  z: 79.5
  yaw: 0.0
  pitch: 0.0
logoutlocation:
  world: lexstarklabs
  x: -10.5
  y: 59.0625
  z: 0.5
  yaw: -179.80899
  pitch: -8.794178
