geolocation: United States
lastAccountName: respirationfive
timestamps:
  login: 1501863180003
  logout: 1501863383025
ipAddress: 75.136.77.25
lastlocation:
  world: survival112
  x: -116.5
  y: 70.0
  z: 79.5
  yaw: 0.0
  pitch: 0.0
logoutlocation:
  world: greenfield
  x: -1724.9353911539686
  y: 69.0625
  z: 173.60907171459183
  yaw: -56.184055
  pitch: -2.4000213
money: '0'
