lastAccountName: Silentcheetah123
timestamps:
  login: 1508078626396
  logout: 1508078641563
  lastteleport: 1507998258399
ipAddress: 108.249.109.176
geolocation: United States
lastlocation:
  world: theworldroom
  x: -5.110386486421636
  y: 103.0
  z: 7.241715126116594
  yaw: 274.19647
  pitch: 12.0381155
godmode: false
teleportenabled: true
logoutlocation:
  world: hallofjustice
  x: 70.96167848344452
  y: 4.0
  z: -38.684477590118746
  yaw: -249.1503
  pitch: 4.500003
