geolocation: United States
lastAccountName: NiteOwls
timestamps:
  login: 1500916743382
  logout: 1500916807378
ipAddress: 70.191.170.125
lastlocation:
  world: survival112
  x: -116.5
  y: 70.0
  z: 79.5
  yaw: 0.0
  pitch: 0.0
logoutlocation:
  world: greenfield
  x: -1714.1100470606286
  y: 70.0
  z: 140.75589434227925
  yaw: 74.916016
  pitch: -8.708436
money: '0'
