lastAccountName: The_Creator2235
timestamps:
  login: 1509668617017
  lastteleport: 1509668987045
  logout: 1509669009843
ipAddress: 96.250.123.248
geolocation: United States
lastlocation:
  world: splegg
  x: -7.267020209610206
  y: 43.0
  z: 4.562576420456358
  yaw: -260.40204
  pitch: 42.15005
teleportenabled: true
godmode: false
logoutlocation:
  world: splegg
  x: 1.4471317883621513
  y: 29.0
  z: 26.831066153801263
  yaw: 1.1981201
  pitch: 5.6999907
