lastAccountName: Bob_Pants
timestamps:
  login: 1501036347563
  lastteleport: 1501036485293
  logout: 1501036505553
ipAddress: 23.240.166.106
geolocation: United States
lastlocation:
  world: greenfield
  x: -1712.6125933027786
  y: 70.0
  z: 129.879572162155
  yaw: -162.23396
  pitch: 36.141533
logoutlocation:
  world: greenfield
  x: -5.5
  y: 123.0625
  z: -198.5
  yaw: -1.4307126
  pitch: 0.7500001
money: '0'
