lastAccountName: Jayax123
timestamps:
  login: 1509327829558
  lastteleport: 1509328322139
  logout: 1509328364909
ipAddress: 97.89.229.216
geolocation: United States
lastlocation:
  world: lexstarklabs
  x: 0.4246820344696274
  y: 59.0
  z: 0.2947617355552168
  yaw: -173.20483
  pitch: 6.5056777
godmode: false
teleportenabled: true
logoutlocation:
  world: spawn
  x: 319.14568619817203
  y: 65.0
  z: -27.41807496890649
  yaw: -170.25908
  pitch: 25.200018
