lastAccountName: Superwolfx
timestamps:
  login: 1509657652959
  lastteleport: 1509660290872
  logout: 1509660764026
ipAddress: 24.189.13.148
geolocation: United States
lastlocation:
  world: lexstarklabs
  x: 0.7914237709714265
  y: 59.0625
  z: 23.628210432700495
  yaw: 180.88841
  pitch: 19.176954
godmode: false
teleportenabled: true
logoutlocation:
  world: survival112
  x: 1142.8757100378227
  y: 77.0
  z: 221.16132185717004
  yaw: 350.74292
  pitch: 13.35001
