lastAccountName: xoxolucy15
timestamps:
  login: 1504143980410
  lastteleport: 1504143902335
  logout: 1504144144213
ipAddress: 216.201.24.125
geolocation: United States
lastlocation:
  world: gotham
  x: 319.4467441735249
  y: 79.0
  z: 214.69999998807907
  yaw: -44.549652
  pitch: -6.4500103
logoutlocation:
  world: metropolis
  x: 497.36187697884947
  y: 31.5
  z: 190.69999998807907
  yaw: 21.600424
  pitch: 30.600058
money: '0'
