lastAccountName: AstroBoomin
timestamps:
  login: 1500255357765
  logout: 1500255564206
  lastteleport: 1500255484956
ipAddress: 93.41.44.226
geolocation: Italy
lastlocation:
  world: survival112
  x: 517.6930844734344
  y: 75.0
  z: 10.277234264393648
  yaw: 189.75682
  pitch: 31.366035
logoutlocation:
  world: greenfield
  x: -1719.8065985585247
  y: 70.0
  z: 135.14761936834725
  yaw: 30.314018
  pitch: -10.509922
afk: false
money: '0'
godmode: false
teleportenabled: true
homes:
  home:
    world: survival112
    x: 488.14373208248753
    y: 70.0
    z: -266.4538485131425
    yaw: 173.54846
    pitch: 25.136099
  ez:
    world: survival112
    x: -1645.699999988079
    y: 63.0
    z: -824.1712157058801
    yaw: 62.275146
    pitch: 10.799933
  pen:
    world: survival112
    x: 507.27522366915696
    y: 79.32020911491614
    z: -3.7657931957742434
    yaw: 32.522583
    pitch: 15.150013
