geolocation: Germany
lastAccountName: Goldface2004
timestamps:
  login: 1508024477519
  lastteleport: 1508024742654
  logout: 1508024750445
ipAddress: 87.177.82.26
lastlocation:
  world: lexstarklabs
  x: -10.321717957809165
  y: 64.0
  z: -2.570212478494243
  yaw: -157.75897
  pitch: 31.499945
godmode: false
teleportenabled: true
logoutlocation:
  world: spawn
  x: 317.6665411169291
  y: 65.0
  z: -25.30323217872389
  yaw: -6.6089783
  pitch: 39.600002
