lastAccountName: ThePainServer
timestamps:
  login: 1499032903973
  logout: 1499032912857
ipAddress: 24.115.35.65
lastlocation:
  world: survival112
  x: -116.5
  y: 70.0
  z: 79.5
  yaw: 0.0
  pitch: 0.0
geolocation: United States
logoutlocation:
  world: greenfield
  x: -1695.300000011921
  y: 70.0
  z: 141.62265664613653
  yaw: 76.56657
  pitch: 29.099993
money: '0'
