geolocation: United States
lastAccountName: brother_4123
timestamps:
  login: 1496595023133
  lastteleport: 1496595095552
  logout: 1496595257274
ipAddress: 75.134.201.86
lastlocation:
  world: greenfield
  x: -4.980929129437324
  y: 123.0625
  z: -194.81036683880998
  yaw: -6.08071
  pitch: 14.099999
logoutlocation:
  world: greenfield
  x: -1719.0667287106899
  y: 70.0
  z: 136.2773358613863
  yaw: -83.83728
  pitch: 2.0900717
money: '0'
