lastAccountName: _RedTiger
timestamps:
  login: 1494422697361
  lastteleport: 1494423010996
  logout: 1494423067715
ipAddress: 78.204.218.30
geolocation: France
lastlocation:
  world: greenfield
  x: -4.79054145075631
  y: 123.0625
  z: -193.9124009037771
  yaw: -12.849021
  pitch: 33.666866
logoutlocation:
  world: greenfield
  x: -1720.7705797655153
  y: 70.0
  z: 139.67011380840918
  yaw: -339.6551
  pitch: 11.158667
money: '0'
