lastAccountName: Benguinian
timestamps:
  login: 1509051646945
  lastteleport: 1507950090776
  logout: 1509051806727
ipAddress: 99.28.8.31
geolocation: United States
lastlocation:
  world: lexstarklabs
  x: 1.4083720340819503
  y: 59.0
  z: 33.01542804572744
  yaw: -172.81335
  pitch: 12.7499895
godmode: false
teleportenabled: true
logoutlocation:
  world: techcombatknockbackgame
  x: -0.21050020297937072
  y: 112.0
  z: -12.070487766067801
  yaw: -218.55048
  pitch: 33.300037
