lastAccountName: MeghanMistSavage
timestamps:
  login: 1493260916026
  lastteleport: 1493260932246
  logout: 1493260942659
ipAddress: 67.182.71.137
geolocation: United States
lastlocation:
  world: greenfield
  x: -1712.5
  y: 70.0
  z: 130.5
  yaw: 31.116014
  pitch: 6.291563
logoutlocation:
  world: greenfield
  x: -1723.9352987353786
  y: 70.0
  z: 138.15346209835778
  yaw: -48.08395
  pitch: 12.441561
money: '0'
