geolocation: United States
lastAccountName: RYAN__Alvarez
timestamps:
  login: 1500668150736
  logout: 1500668285404
  lastteleport: 1500668258054
ipAddress: 142.129.16.42
lastlocation:
  world: spawn
  x: -9.235081285010398
  y: 9.0
  z: -42.319444098037295
  yaw: -190.93
  pitch: 20.028074
teleportenabled: true
logoutlocation:
  world: greenfield
  x: -5.76488522203757
  y: 123.0625
  z: -193.69646712084102
  yaw: -3.8284607
  pitch: 16.995852
money: '0'
