geolocation: United States
lastAccountName: drewfree1
timestamps:
  login: 1498330926610
  logout: 1498330940892
ipAddress: 73.30.156.228
lastlocation:
  world: survival112
  x: -116.5
  y: 70.0
  z: 79.5
  yaw: 0.0
  pitch: 0.0
logoutlocation:
  world: greenfield
  x: -1712.5
  y: 70.0
  z: 130.5
  yaw: 56.316006
  pitch: -1.5084319
money: '0'
