geolocation: United States
lastAccountName: CrystalMoon7
timestamps:
  login: 1496774630047
  lastteleport: 1496773948706
  logout: 1496774640762
ipAddress: 75.148.129.73
lastlocation:
  world: greenfield
  x: -1712.6964470372263
  y: 70.0
  z: 140.32244721955257
  yaw: 125.44101
  pitch: 9.37259
logoutlocation:
  world: greenfield
  x: -55.72090950536268
  y: 105.0
  z: -183.2884010911381
  yaw: 69.808426
  pitch: 15.787619
money: '0'
