geolocation: Australia
lastAccountName: TPGTR
timestamps:
  login: 1494032287555
  lastteleport: 1494032375378
  logout: 1494032388846
ipAddress: 49.190.85.220
lastlocation:
  world: greenfield
  x: -5.448675939556102
  y: 124.02442408821369
  z: -179.94513176127833
  yaw: -2.1807241
  pitch: 29.55
logoutlocation:
  world: survival
  x: 88.5
  y: 84.0
  z: -121.5
  yaw: 180.1341
  pitch: 1.4999973
money: '0'
