geolocation: United States
lastAccountName: LuminousBlaize
timestamps:
  login: 1500751384101
  logout: 1500751590790
ipAddress: 108.64.186.43
lastlocation:
  world: survival112
  x: -116.5
  y: 70.0
  z: 79.5
  yaw: 0.0
  pitch: 0.0
logoutlocation:
  world: greenfield
  x: -1718.7090807318739
  y: 70.0
  z: 145.11839302955954
  yaw: -87.56677
  pitch: -1.0634531
money: '0'
