geolocation: United States
lastAccountName: Crafters112
timestamps:
  login: 1502493467354
  lastteleport: 1502492022520
  logout: 1502493479301
ipAddress: 73.90.210.174
lastlocation:
  world: spawn
  x: -9.174323280242673
  y: 9.0
  z: -42.078721095994865
  yaw: -204.62332
  pitch: 17.872545
logoutlocation:
  world: greenfield
  x: -5.5
  y: 123.0625
  z: -198.5
  yaw: -36.988228
  pitch: 26.864002
money: '0'
