geolocation: United Kingdom
lastAccountName: COBRA1988
timestamps:
  login: 1496679347535
  lastteleport: 1496679523087
  logout: 1496679565580
ipAddress: 77.101.245.241
lastlocation:
  world: spawn
  x: -42.289324623617034
  y: 9.0
  z: -5.0248337564436145
  yaw: 69.14067
  pitch: -11.400004
logoutlocation:
  world: plots
  x: 214.88544947991434
  y: 65.0
  z: 380.9442822312775
  yaw: 107.99873
  pitch: 14.849916
money: '0'
