lastAccountName: TheAnimeTimelord
timestamps:
  login: 1504299863624
  logout: 1504299958159
ipAddress: 173.63.214.173
geolocation: United States
lastlocation:
  world: survival112
  x: -116.5
  y: 70.0
  z: 79.5
  yaw: 0.0
  pitch: 0.0
logoutlocation:
  world: lexstarklabs
  x: -11.07930428516218
  y: 59.0
  z: 3.506300690269509
  yaw: -103.092224
  pitch: 14.350794
money: '0'
