geolocation: United States
lastAccountName: Trendulous
timestamps:
  login: 1504052302937
  logout: 1504052504009
ipAddress: 67.170.89.91
lastlocation:
  world: survival112
  x: -116.5
  y: 70.0
  z: 79.5
  yaw: 0.0
  pitch: 0.0
logoutlocation:
  world: lexstarklabs
  x: 16.77671693616125
  y: 59.0
  z: 40.165426669708864
  yaw: -3.3413131
  pitch: -29.899208
money: '0'
