geolocation: Morocco
lastAccountName: lucasmoar
timestamps:
  login: 1501061474127
  lastteleport: 1501061592748
  logout: 1501061598681
ipAddress: 41.249.20.17
lastlocation:
  world: greenfield
  x: -5.5
  y: 123.0625
  z: -198.5
  yaw: -0.080712534
  pitch: 0.9000001
money: '0'
logoutlocation:
  world: speedforce
  x: -1.5
  y: 80.0
  z: -185.5
  yaw: -180.14998
  pitch: 0.1500003
