lastAccountName: cxndyomnii
timestamps:
  login: 1509483535292
  lastteleport: 1509483623041
  logout: 1509483700824
  lastheal: 1498380851910
ipAddress: 109.150.133.236
geolocation: United Kingdom
lastlocation:
  world: lexstarklabs
  x: 0.9679317494978086
  y: 62.30591321608182
  z: 35.311218965885175
  yaw: 161.2384
  pitch: 49.026978
godmode: false
teleportenabled: true
money: '1.60'
logoutlocation:
  world: greenfield
  x: -22.141460906451492
  y: 69.0
  z: -239.73807218188296
  yaw: -162.4616
  pitch: 14.417772
homes:
  home:
    world: survival112
    x: -18.942081040870153
    y: 47.0
    z: 133.98992091146135
    yaw: -98.39955
    pitch: 22.499903
  rent:
    world: survival112
    x: -388.4997976567764
    y: 67.0
    z: -515.6006685611413
    yaw: -261.44482
    pitch: 26.399977
  lab:
    world: greenfield
    x: -1709.2246309915786
    y: 74.58382626344866
    z: 145.54163041287532
    yaw: -129.98416
    pitch: 41.691486
afk: false
