lastAccountName: pinner2003
timestamps:
  login: 1507423789005
  logout: 1507424134741
ipAddress: 207.47.206.249
geolocation: Canada
lastlocation:
  world: survival112
  x: -116.5
  y: 70.0
  z: 79.5
  yaw: 0.0
  pitch: 0.0
logoutlocation:
  world: lexstarklabs
  x: -15.288113217922666
  y: 59.0
  z: 41.39998854003906
  yaw: -34.009033
  pitch: 3.9558256
