geolocation: United States
lastAccountName: martiniman14
timestamps:
  login: 1501993712414
  lastteleport: 1501993715191
  logout: 1501997148873
ipAddress: 162.254.201.249
lastlocation:
  world: spawn
  x: 0.5
  y: 10.0
  z: 0.5
  yaw: -178.6593
  pitch: 1.3499979
afk: false
logoutlocation:
  world: greenfield
  x: -5.5
  y: 124.0
  z: -198.5
  yaw: -0.080712534
  pitch: 0.9000001
money: '0'
