lastAccountName: cffields101
timestamps:
  login: 1509927828420
  lastteleport: 1498023363069
  logout: 1509927978776
ipAddress: 104.220.129.146
geolocation: United States
lastlocation:
  world: greenfield
  x: -3.9809741565096313
  y: 123.0625
  z: -193.97144672346408
  yaw: 51.66913
  pitch: 27.149967
logoutlocation:
  world: greenfield
  x: -32.26446666781907
  y: 69.0
  z: -191.0556578380608
  yaw: -94.81183
  pitch: 13.067783
money: '0'
