lastAccountName: TFNAknightsYT
timestamps:
  login: 1498368730354
  logout: 1498368882566
ipAddress: 219.79.244.184
geolocation: Hong Kong
lastlocation:
  world: survival112
  x: -116.5
  y: 70.0
  z: 79.5
  yaw: 0.0
  pitch: 0.0
logoutlocation:
  world: greenfield
  x: -1721.96041445539
  y: 70.0
  z: 144.19142906409598
  yaw: 61.565735
  pitch: -21.758444
money: '0'
