lastAccountName: DJCREEPER90
timestamps:
  login: 1509895960594
  lastteleport: 1509896214616
  logout: 1509896248196
ipAddress: 73.169.106.187
geolocation: United States
lastlocation:
  world: survival112
  x: -136.22367716680648
  y: 69.0
  z: 99.1164665588941
  yaw: 3.01273
  pitch: -2.7365308
godmode: false
teleportenabled: true
homes:
  home:
    world: survival112
    x: 490.0471575700319
    y: 88.0
    z: -1045.8348631820556
    yaw: -267.63202
    pitch: 22.755867
logoutlocation:
  world: survival112
  x: 490.8864384483559
  y: 88.0
  z: -1045.4184677725025
  yaw: -224.87025
  pitch: 21.210272
