geolocation: United States
lastAccountName: Dacookieone
timestamps:
  login: 1501188913390
  logout: 1501189173968
  lastteleport: 1501188929607
ipAddress: 74.194.169.71
lastlocation:
  world: greenfield
  x: -1727.699999988079
  y: 69.0
  z: 173.5342942885095
  yaw: -345.6849
  pitch: 34.191494
logoutlocation:
  world: greenfield
  x: -1707.7907110304013
  y: 70.0
  z: 134.88750158146647
  yaw: -265.81372
  pitch: 9.220005
money: '0'
