geolocation: United States
lastAccountName: _bisexuwhale
timestamps:
  login: 1506880153264
  lastteleport: 1506880642538
  logout: 1506880731989
ipAddress: 76.184.130.124
lastlocation:
  world: spawn
  x: 317.54222644051373
  y: 65.0
  z: -25.879763776216638
  yaw: 34.491028
  pitch: 19.05001
godmode: false
teleportenabled: true
logoutlocation:
  world: lexstarklabs
  x: 0.9320331835829583
  y: 59.0
  z: 3.9262296968978045
  yaw: 173.3882
  pitch: 13.776898
