geolocation: United States
lastAccountName: primesheep
timestamps:
  login: 1503267742906
  lastteleport: 1503268747242
  logout: 1503268979936
ipAddress: 69.130.107.100
lastlocation:
  world: gotham
  x: 296.8814429101031
  y: 79.0
  z: 214.68860408087258
  yaw: -268.0495
  pitch: 6.1500273
money: '0'
logoutlocation:
  world: gotham
  x: -38.69666536991584
  y: 30.0
  z: 357.9565717082448
  yaw: -309.90314
  pitch: 41.4001
