lastAccountName: 4kidsplay
timestamps:
  login: 1509991406238
  logout: 1509991420375
ipAddress: 72.185.200.167
geolocation: United States
lastlocation:
  world: survival112
  x: -116.5
  y: 70.0
  z: 79.5
  yaw: 0.0
  pitch: 0.0
logoutlocation:
  world: lexstarklabs
  x: -10.909634324488296
  y: 59.0625
  z: 1.0834095500535823
  yaw: -194.65897
  pitch: -4.9499936
