geolocation: United States
lastAccountName: 22remster
timestamps:
  login: 1509919673137
  lastteleport: 1502503248240
  logout: 1509919696395
ipAddress: 68.4.96.246
lastlocation:
  world: greenfield
  x: -4.775078711965718
  y: 123.0625
  z: -194.04239547026623
  yaw: -8.330715
  pitch: 9.449999
godmode: false
teleportenabled: true
money: '0'
logoutlocation:
  world: lexstarklabs
  x: 4.808952291255608
  y: 59.557700877005914
  z: 40.86494855887464
  yaw: 281.50723
  pitch: 10.900765
