lastAccountName: Whovian_Gamer_
timestamps:
  login: 1501046887000
  lastteleport: 1501047457853
  logout: 1501047723569
ipAddress: 104.15.6.139
geolocation: United States
lastlocation:
  world: parkourhub
  x: 0.3193787923731659
  y: 120.0
  z: 21.961527538239125
  yaw: 5.023592
  pitch: 30.176579
logoutlocation:
  world: deathmachine
  x: 23.37693142318378
  y: 165.2948571753078
  z: -15.975980517880256
  yaw: 180.7475
  pitch: 49.01043
money: '0'
