lastAccountName: ToxicNebula77
timestamps:
  login: 1509912310914
  lastteleport: 1509913057313
  logout: 1509914068946
ipAddress: 66.227.150.25
geolocation: United States
lastlocation:
  world: theworldroom
  x: -4.8405677849666295
  y: 103.0
  z: 7.512001515274664
  yaw: -90.90377
  pitch: 13.5381365
godmode: false
teleportenabled: true
logoutlocation:
  world: greenfield
  x: -3.944919897814126
  y: 94.375
  z: -152.00366478906633
  yaw: 282.28745
  pitch: 46.500042
