lastAccountName: ZyzCombo
timestamps:
  login: 1506700661263
  logout: 1506700799578
  lastteleport: 1506700787539
ipAddress: 82.181.184.61
geolocation: Finland
lastlocation:
  world: colosseumlobby
  x: -5.21185826652387
  y: 88.0
  z: -23.574055193472915
  yaw: 94.29559
  pitch: 40.474033
logoutlocation:
  world: colosseum
  x: 2.3000000119209294
  y: 77.0
  z: 33.58960817377316
  yaw: -355.3007
  pitch: 31.91784
