geolocation: United States
lastAccountName: 190snake
timestamps:
  login: 1505145512924
  lastteleport: 1505146036994
  logout: 1505146194076
ipAddress: 24.214.53.35
lastlocation:
  world: lexstarklabs
  x: -0.2548110488527597
  y: 59.0
  z: 35.285617487318746
  yaw: -81.04208
  pitch: 25.450771
godmode: false
teleportenabled: true
logoutlocation:
  world: survival112
  x: -444.4772674266209
  y: 31.2769135108683
  z: 425.69999998807907
  yaw: -8.854401
  pitch: 62.549988
money: '0'
homes:
  home:
    world: survival112
    x: -458.5
    y: 167.0
    z: 1203.5
    yaw: -180.00293
    pitch: 21.900002
