geolocation: United States
lastAccountName: OldPizza3805
timestamps:
  login: 1504917675607
  lastteleport: 1504917554410
  logout: 1504917997394
ipAddress: 73.48.162.123
lastlocation:
  world: greenfield
  x: -5.65430061373707
  y: 124.02442408821369
  z: -179.95655887964352
  yaw: 5.4692817
  pitch: 25.499985
afk: false
logoutlocation:
  world: survival112
  x: -141.39526419066587
  y: 67.0
  z: 127.16982456078925
  yaw: 301.94952
  pitch: 1.6500144
money: '0'
