lastAccountName: SasukeUchiha09
timestamps:
  login: 1509669590501
  lastteleport: 1509670816184
  logout: 1509671044102
ipAddress: 70.170.4.186
geolocation: United States
lastlocation:
  world: lexstarklabs
  x: -10.072366563179992
  y: 59.0625
  z: 3.8802215789773538
  yaw: 332.23862
  pitch: 11.076944
godmode: false
teleportenabled: true
logoutlocation:
  world: greenfield
  x: -25.5
  y: 69.0
  z: -215.5
  yaw: -180.01161
  pitch: 0.46778247
