geolocation: United States
lastAccountName: DeadDj5
timestamps:
  login: 1507250007995
  logout: 1507250053165
ipAddress: 172.5.236.186
lastlocation:
  world: survival112
  x: -116.5
  y: 70.0
  z: 79.5
  yaw: 0.0
  pitch: 0.0
logoutlocation:
  world: lexstarklabs
  x: -10.5
  y: 59.0
  z: 0.5
  yaw: -81.25899
  pitch: 5.7558236
