lastAccountName: VortexPrimes
timestamps:
  login: 1501673407566
  lastteleport: 1501673508470
  logout: 1501673644707
ipAddress: 69.123.107.26
geolocation: United States
lastlocation:
  world: greenfield
  x: -1724.9609165104316
  y: 69.0625
  z: 177.64656842511332
  yaw: -210.698
  pitch: 16.003008
logoutlocation:
  world: spawn
  x: 0.7888111935667185
  y: 9.5
  z: 10.930612590350812
  yaw: 6.346863
  pitch: 24.808214
money: '0'
