geolocation: United States
lastAccountName: Nyatro
timestamps:
  login: 1506272944438
  logout: 1506272965990
  lastteleport: 1505169375387
ipAddress: 74.76.253.43
lastlocation:
  world: greenfield
  x: -4.996518557074613
  y: 123.0625
  z: -193.7774898743973
  yaw: 229.74014
  pitch: 15.395564
money: '0'
logoutlocation:
  world: lexstarklabs
  x: 2.8303524696647995
  y: 59.0
  z: 35.46358646842418
  yaw: -267.95587
  pitch: 21.87069
teleportenabled: true
