lastAccountName: IsoCat
timestamps:
  login: 1495254098152
  logout: 1495254137339
ipAddress: 100.16.125.67
geolocation: United States
lastlocation:
  world: survival
  x: 86.5
  y: 91.0
  z: -109.5
  yaw: -180.32117
  pitch: 0.8999815
logoutlocation:
  world: greenfield
  x: -1711.94072399987
  y: 70.0
  z: 141.23671831190364
  yaw: 171.066
  pitch: 3.4415674
money: '0'
