lastAccountName: Sorcrux
timestamps:
  login: 1506463368023
  lastteleport: 1506463426757
  logout: 1506463635498
ipAddress: 202.159.179.154
geolocation: Australia
lastlocation:
  world: greenfield
  x: -45.00574983203527
  y: 70.0
  z: -250.79597411203952
  yaw: 181.93837
  pitch: 27.317774
logoutlocation:
  world: lexstarklabs
  x: 0.5130784497596323
  y: 73.0
  z: 4.086393078618412
  yaw: -0.64209455
  pitch: 0.7007774
money: '0'
