lastAccountName: legoduy
timestamps:
  login: 1497153554964
  logout: 1497153585959
ipAddress: 12.36.237.3
geolocation: United States
lastlocation:
  world: survival112
  x: -116.5
  y: 70.0
  z: 79.5
  yaw: 0.0
  pitch: 0.0
logoutlocation:
  world: greenfield
  x: -1722.810975232579
  y: 69.0625
  z: 178.2673216837282
  yaw: -58.886143
  pitch: 7.6911387
money: '0'
