geolocation: United States
lastAccountName: Boney137
timestamps:
  login: 1498521477261
  lastteleport: 1498521490199
  logout: 1498521525626
ipAddress: 76.179.55.238
lastlocation:
  world: greenfield
  x: -1712.4984895040266
  y: 70.0
  z: 129.86321031420326
  yaw: -180.68402
  pitch: 28.491552
logoutlocation:
  world: greenfield
  x: -6.251100369082033
  y: 123.0625
  z: -197.23241964611478
  yaw: 3.9692416
  pitch: 5.400018
money: '0'
