lastAccountName: edfiw
timestamps:
  login: 1496476377735
  lastteleport: 1496475129742
  logout: 1496476511435
ipAddress: 77.187.234.47
geolocation: Germany
lastlocation:
  world: wooftywoo
  x: 1196.2230034659706
  y: 64.0
  z: -6481.237500011921
  yaw: -356.14337
  pitch: 59.97724
godmode: false
logoutlocation:
  world: greenfield
  x: -5.5
  y: 123.0625
  z: -198.5
  yaw: -0.080712534
  pitch: 0.9000001
money: '0'
