lastAccountName: Steve_Da_Flash
timestamps:
  login: 1499823137115
  logout: 1499823281919
ipAddress: 73.25.141.29
geolocation: United States
lastlocation:
  world: survival112
  x: -116.5
  y: 70.0
  z: 79.5
  yaw: 0.0
  pitch: 0.0
logoutlocation:
  world: greenfield
  x: -1712.700245863011
  y: 70.0
  z: 147.91509890438888
  yaw: -11.333984
  pitch: 26.691559
money: '0'
