lastAccountName: KawaiiWonder
timestamps:
  login: 1497328344278
  lastteleport: 1497328843837
  logout: 1497328909711
ipAddress: 86.99.80.17
geolocation: United Arab Emirates
lastlocation:
  world: greenfield
  x: -47.89603295961694
  y: 110.0
  z: -193.4605513270645
  yaw: -284.0643
  pitch: 36.014053
logoutlocation:
  world: office
  x: 7.226960106513525
  y: 134.0
  z: 5.281992542285169
  yaw: 71.03682
  pitch: 12.568284
money: '0'
