geolocation: New Zealand
lastAccountName: ProfessorPuggy
timestamps:
  login: 1494583184639
  lastteleport: 1494583355961
  logout: 1494583591543
ipAddress: 203.118.173.3
lastlocation:
  world: greenfield
  x: -1711.7181160360358
  y: 70.0
  z: 136.40900826393272
  yaw: -201.73582
  pitch: 34.340042
logoutlocation:
  world: survival_nether
  x: -140.51083638780946
  y: 129.0
  z: -93.2869635541307
  yaw: 157.78484
  pitch: 43.19998
godmode: false
teleportenabled: true
money: '0'
homes:
  end:
    world: survival_the_end
    x: 58.69737610898594
    y: 58.0
    z: -20.073551630786344
    yaw: 83.100464
    pitch: 3.4500213
  base:
    world: survival_the_end
    x: 418.69999998807907
    y: 60.0
    z: -726.8197273177351
    yaw: 278.40002
    pitch: 58.949852
  lol:
    world: survival
    x: -2424.539901985679
    y: 102.0
    z: 2025.5807122523004
    yaw: 187.92973
    pitch: 47.549854
  home:
    world: survival
    x: 1532.694210359752
    y: 79.95086041424835
    z: -289.69999998807907
    yaw: -222.27904
    pitch: 46.61028
afk: false
