lastAccountName: iFancyToast
timestamps:
  login: 1500078177896
  lastteleport: 1500078061129
  logout: 1500078230149
ipAddress: 68.69.193.174
geolocation: Canada
lastlocation:
  world: spawn
  x: 0.03892766521203672
  y: 10.0
  z: -1.5079072357855325
  yaw: 10.040722
  pitch: 26.1
money: '0'
logoutlocation:
  world: spawn
  x: 1.5847850173392177
  y: 10.0
  z: 0.33417676783092704
  yaw: -148.209
  pitch: 28.800013
