geolocation: Israel
lastAccountName: iBukkit
timestamps:
  login: 1493388609506
  lastteleport: 1493388833762
  logout: 1493389011275
ipAddress: 77.139.29.4
lastlocation:
  world: greenfield
  x: -1727.0605182863355
  y: 69.0
  z: 173.46868760648348
  yaw: -266.49622
  pitch: 48.139286
godmode: false
teleportenabled: true
logoutlocation:
  world: greenfield
  x: -1696.7259218214379
  y: 70.0
  z: 142.31959410804615
  yaw: -1.0455369
  pitch: 18.115158
money: '0'
homes:
  troll:
    world: survival
    x: 2302.5
    y: 68.0
    z: -999.5
    yaw: 31.086706
    pitch: 12.909859
  base:
    world: survival
    x: 1995.3464477703658
    y: 69.0
    z: -464.9107631891514
    yaw: 28.05776
    pitch: 50.266945
