lastAccountName: PlasBoltz
timestamps:
  login: 1508485105120
  logout: 1508485183679
  lastteleport: 1508485160714
ipAddress: 219.78.39.68
geolocation: Hong Kong
lastlocation:
  world: lexstarklabs
  x: 0.8788719243678844
  y: 59.0
  z: 40.378103828343434
  yaw: 1.4543762
  pitch: 5.6201596
logoutlocation:
  world: spawn
  x: 305.19811845441967
  y: 65.0
  z: -24.58716736982577
  yaw: -269.2222
  pitch: 19.498888
