geolocation: Canada
lastAccountName: oculus13
timestamps:
  login: 1500234649215
  lastteleport: 1500237483429
  logout: 1500238019158
ipAddress: 173.246.7.36
lastlocation:
  world: survival112
  x: 1243.462059056219
  y: 74.0
  z: 70.20494415623484
  yaw: 151.33287
  pitch: 69.847626
money: '0'
godmode: false
teleportenabled: true
logoutlocation:
  world: survival112
  x: -257.67688902218
  y: 40.08240710983457
  z: 75.34148962733858
  yaw: 322.92004
  pitch: 13.349987
afk: false
homes:
  cave:
    world: survival112
    x: -250.50236634204396
    y: 38.0
    z: 84.81753432475861
    yaw: 7.1700053
    pitch: 34.050007
  chest:
    world: survival112
    x: -377.23750001192093
    y: 76.0
    z: 694.3319863171038
    yaw: -184.86041
    pitch: 45.40953
