geolocation: United States
lastAccountName: LoveNiya
timestamps:
  login: 1503532141414
  lastteleport: 1503532186795
  logout: 1503532266346
ipAddress: 73.10.253.57
lastlocation:
  world: greenfield
  x: -3.5592250549491453
  y: 123.0625
  z: -195.2200904549002
  yaw: 20.019274
  pitch: 9.45
logoutlocation:
  world: lexstarklabs
  x: -8.646515605273276
  y: 59.0
  z: 7.553548756430325
  yaw: -48.19211
  pitch: 7.9008203
money: '0'
