geolocation: Mexico
lastAccountName: AbsurdDirectorYT
timestamps:
  login: 1509642774296
  lastteleport: 1509643273156
  logout: 1509643458145
ipAddress: 187.202.231.246
lastlocation:
  world: spawn
  x: 304.60732727436454
  y: 65.0
  z: -29.883945839243577
  yaw: -253.0589
  pitch: 6.30001
godmode: false
teleportenabled: true
logoutlocation:
  world: survival112
  x: -92.4453564353535
  y: 74.0
  z: 146.30000001192093
  yaw: -182.24963
  pitch: -57.450096
