geolocation: United States
lastAccountName: 374avenger
timestamps:
  login: 1496175356866
  logout: 1496176378126
  lastteleport: 1496176280811
ipAddress: 24.194.112.122
lastlocation:
  world: greenfield
  x: -1727.699999988079
  y: 69.0
  z: 174.04186188569554
  yaw: 82.51507
  pitch: 71.7001
logoutlocation:
  world: greenfield
  x: -1710.6924059156574
  y: 73.0
  z: 142.52538952904692
  yaw: -99.58624
  pitch: 28.499983
godmode: false
teleportenabled: true
money: '0'
homes:
  home:
    world: survival
    x: 119.60085411787347
    y: 82.0
    z: -1320.4808096799843
    yaw: 262.78687
    pitch: 36.150013
