geolocation: Italy
lastAccountName: RobinHood3000
timestamps:
  login: 1500816067666
  lastteleport: 1500816069987
  logout: 1500816083121
ipAddress: 93.41.44.226
lastlocation:
  world: spawn
  x: 0.5
  y: 10.0
  z: 0.5
  yaw: -178.6593
  pitch: 1.3499979
logoutlocation:
  world: spawn
  x: 0.5
  y: 10.0
  z: 0.5
  yaw: -178.6593
  pitch: 1.3499979
afk: false
money: '0'
