geolocation: United States
lastAccountName: Lucy_Keys
timestamps:
  login: 1497058719550
  lastteleport: 1497058742470
  logout: 1497059833534
ipAddress: 50.137.182.180
lastlocation:
  world: greenfield
  x: -1712.4954526163638
  y: 70.0
  z: 129.87313587968313
  yaw: 0.6661377
  pitch: 22.041565
logoutlocation:
  world: greenfield
  x: -98.62675858783871
  y: 69.0
  z: 355.3322542154906
  yaw: -149.32613
  pitch: 18.149935
money: '0'
