lastAccountName: ZombieHunter182
timestamps:
  login: 1509900826613
  lastteleport: 1509902188209
  logout: 1509902417644
ipAddress: 68.39.6.55
geolocation: United States
lastlocation:
  world: survival112
  x: -141.04392248698872
  y: 64.0
  z: -31.493064586592986
  yaw: -186.98697
  pitch: 21.396402
godmode: false
teleportenabled: true
logoutlocation:
  world: lexstarklabs
  x: 5.050000011920929
  y: 59.0
  z: 28.30000001192093
  yaw: 116.68834
  pitch: 33.426903
