geolocation: Australia
lastAccountName: bigbenbuilder
timestamps:
  login: 1506075839220
  lastteleport: 1506076173263
  logout: 1506076179665
ipAddress: 101.191.65.174
lastlocation:
  world: straightlineparkour
  x: -11.699999988079071
  y: 2.419999986886978
  z: 3.450870028300103
  yaw: 127.650024
  pitch: 40.64998
logoutlocation:
  world: straightlineparkour
  x: -0.7425876395187219
  y: 4.0
  z: -1.1905475992882264
  yaw: 315.9
  pitch: 3.599998
money: '0'
