geolocation: United Kingdom
lastAccountName: Blaziken1234567
timestamps:
  login: 1494340184575
  logout: 1494340206868
  lastteleport: 1494256428383
ipAddress: 82.30.115.38
lastlocation:
  world: greenfield
  x: -1071.4750104473374
  y: 69.0
  z: -56.093835943157515
  yaw: -209.2695
  pitch: 20.399979
logoutlocation:
  world: greenfield
  x: -1703.8428194213234
  y: 70.0
  z: 134.4521207873486
  yaw: 268.4743
  pitch: 49.950012
money: '0'
teleportenabled: true
