geolocation: United States
lastAccountName: RedBandit21
timestamps:
  login: 1507501197145
  lastteleport: 1507502362165
  logout: 1507502454940
ipAddress: 100.36.65.162
lastlocation:
  world: spawn
  x: 304.95023783712224
  y: 65.0
  z: -23.592697518354093
  yaw: -293.109
  pitch: 1.950005
teleportenabled: true
godmode: false
logoutlocation:
  world: theworldroom
  x: 8.468893315412515
  y: 103.0
  z: 8.483591837471298
  yaw: 3.746246
  pitch: 9.03811
