geolocation: South Africa
lastAccountName: Dreamt1me
timestamps:
  login: 1503662854393
  logout: 1503662930771
  lastteleport: 1503662924223
ipAddress: 105.227.18.92
lastlocation:
  world: greenfield
  x: -4.151275284373838
  y: 123.0625
  z: -193.97469664631274
  yaw: -14.695007
  pitch: 26.828583
logoutlocation:
  world: lexstarklabs
  x: -0.0019313449934841576
  y: 59.0
  z: 6.406055983235726
  yaw: 191.7009
  pitch: 3.3429074
money: '0'
