geolocation: Canada
lastAccountName: spiritmiller
timestamps:
  login: 1507163337936
  logout: 1507163368052
ipAddress: 104.205.3.89
lastlocation:
  world: survival112
  x: -116.5
  y: 70.0
  z: 79.5
  yaw: 0.0
  pitch: 0.0
logoutlocation:
  world: lexstarklabs
  x: -11.942281819876458
  y: 59.0
  z: 0.6452766175181894
  yaw: -206.80896
  pitch: 2.6058226
