lastAccountName: KoenigMC
timestamps:
  login: 1507486092189
  lastteleport: 1507486445728
  logout: 1507486501237
ipAddress: 79.225.16.231
geolocation: Germany
lastlocation:
  world: spawn
  x: 305.6101986538254
  y: 65.0
  z: -18.438039274432334
  yaw: -345.45886
  pitch: 9.299988
godmode: false
teleportenabled: true
logoutlocation:
  world: overvoid
  x: -29.516043873491586
  y: 96.0
  z: 38.664984106181535
  yaw: 222.55005
  pitch: 18.149967
