geolocation: United States
lastAccountName: Rhysmc16
timestamps:
  login: 1494709510335
  logout: 1494709574220
ipAddress: 73.88.81.104
lastlocation:
  world: survival
  x: 86.5
  y: 91.0
  z: -109.5
  yaw: -180.32117
  pitch: 0.8999815
logoutlocation:
  world: greenfield
  x: -1712.5
  y: 70.0
  z: 130.5
  yaw: -0.23398513
  pitch: 1.3415639
money: '0'
