lastAccountName: CuziMine
timestamps:
  login: 1508007270140
  logout: 1508007285311
  lastteleport: 1508007177135
ipAddress: 77.125.77.192
geolocation: Israel
lastlocation:
  world: theworldroom
  x: -3.3000000119209316
  y: 103.0
  z: 7.298997365853719
  yaw: -72.003235
  pitch: 34.088146
logoutlocation:
  world: atlantis
  x: -131.5
  y: 6.0
  z: -718.5
  yaw: 179.8783
  pitch: -0.2912563
godmode: false
teleportenabled: true
