lastAccountName: trentypoo
timestamps:
  login: 1501116273096
  lastteleport: 1501116330716
  logout: 1501116615936
ipAddress: 173.218.243.36
geolocation: United States
lastlocation:
  world: greenfield
  x: -5.429483880459884
  y: 123.0
  z: -198.90390108210573
  yaw: -0.080712534
  pitch: 0.9000001
logoutlocation:
  world: spawn
  x: 44.75230519566071
  y: 9.0
  z: -5.479145640285461
  yaw: -157.06116
  pitch: 15.750016
money: '0'
