lastAccountName: _DrDoge_
timestamps:
  login: 1509058796269
  lastteleport: 1509059318863
  logout: 1509059497233
ipAddress: 173.73.206.152
geolocation: United States
lastlocation:
  world: spawn
  x: 304.5788982384606
  y: 65.0
  z: -28.788938102914024
  yaw: -220.90265
  pitch: 3.904383
godmode: false
teleportenabled: true
logoutlocation:
  world: survival112
  x: -186.61792873792993
  y: 76.0
  z: -120.03494976323334
  yaw: -242.30684
  pitch: 2.5509837
