geolocation: Australia
lastAccountName: DracoMalfey
timestamps:
  login: 1503646595454
  lastteleport: 1503646749800
  logout: 1503646786249
ipAddress: 124.169.133.193
lastlocation:
  world: greenfield
  x: -1723.2091425567223
  y: 70.0
  z: 142.87970578425805
  yaw: 70.416504
  pitch: 27.899984
godmode: false
logoutlocation:
  world: greenfield
  x: -5.5195999797433615
  y: 123.0
  z: -198.49997369223638
  yaw: -0.080712534
  pitch: 0.9000001
money: '0'
