geolocation: United States
lastAccountName: ven687
timestamps:
  login: 1495138531064
  logout: 1495139240855
  lastteleport: 1495139164666
ipAddress: 74.140.193.193
lastlocation:
  world: greenfield
  x: -11.278026960533868
  y: 70.0
  z: -188.21180049463706
  yaw: -109.280205
  pitch: 5.700048
logoutlocation:
  world: greenfield
  x: -1705.5990930522478
  y: 70.0
  z: 142.91539191892474
  yaw: -224.23578
  pitch: -90.0
teleportenabled: true
money: '0'
