geolocation: Serbia
lastAccountName: vitore21
timestamps:
  login: 1493461599005
  lastteleport: 1493461925562
  logout: 1493462582734
ipAddress: 178.148.57.118
lastlocation:
  world: greenfield
  x: -1071.1771318056112
  y: 69.0
  z: -56.17548787441514
  yaw: 98.38051
  pitch: 40.799984
logoutlocation:
  world: greenfield
  x: -1712.1568181482014
  y: 70.0
  z: 142.98290254994174
  yaw: 54.424183
  pitch: 69.74995
afk: false
money: '0'
