geolocation: Australia
lastAccountName: SNIP3R_X_KILL3R
timestamps:
  login: 1507968139528
  logout: 1507968226345
  lastteleport: 1507968197827
ipAddress: 58.109.139.242
lastlocation:
  world: lexstarklabs
  x: 0.5959753075626065
  y: 59.0
  z: 0.2281269866490619
  yaw: -180.04207
  pitch: 2.700024
logoutlocation:
  world: spawn
  x: 324.40305798644636
  y: 65.0
  z: -38.277232405605545
  yaw: -178.50894
  pitch: 9.150004
money: '1.80'
