lastAccountName: SaveYourBasil
timestamps:
  login: 1496665924299
  lastteleport: 1496665931354
  logout: 1496665980440
ipAddress: 73.245.237.83
geolocation: United States
lastlocation:
  world: greenfield
  x: -4.822558258806247
  y: 123.0625
  z: -193.9088565142931
  yaw: -18.980726
  pitch: 27.149988
logoutlocation:
  world: greenfield
  x: -1713.349896788907
  y: 70.0
  z: 141.08807385600744
  yaw: -265.93625
  pitch: -14.850005
money: '0'
