lastAccountName: Sweeper001
timestamps:
  login: 1507377448002
  lastteleport: 1506719489301
  logout: 1507377457252
ipAddress: 92.0.167.225
geolocation: United Kingdom
lastlocation:
  world: plots
  x: 216.87471143061393
  y: 65.0
  z: 218.68555837055186
  yaw: 4.056122
  pitch: 0.8710884
godmode: false
teleportenabled: true
logoutlocation:
  world: chess
  x: -1.1595610551031394
  y: 92.0
  z: -5.754783920260361
  yaw: -260.2641
  pitch: 14.399985
