geolocation: United States
lastAccountName: AzuleMC
timestamps:
  login: 1500512025251
  lastteleport: 1500512148212
  logout: 1500512248728
ipAddress: 108.233.205.149
lastlocation:
  world: greenfield
  x: -1723.6153757186933
  y: 70.0
  z: 134.17922847307233
  yaw: 14.869476
  pitch: -0.52530617
logoutlocation:
  world: speedforce
  x: 0.5918660484417821
  y: 80.0
  z: -153.8791958249213
  yaw: -152.65234
  pitch: 34.25989
money: '0'
