lastAccountName: Miyako_Dragneel
timestamps:
  login: 1504909435522
  logout: 1504910845726
  lastteleport: 1504908832773
ipAddress: 65.32.105.217
geolocation: United States
lastlocation:
  world: survival112
  x: -1582.8836122142825
  y: 65.0
  z: -750.3388204907498
  yaw: 205.20972
  pitch: -89.55
logoutlocation:
  world: survival112_the_end
  x: 27.84630979555572
  y: -196.09135129546684
  z: -98.414929918563
  yaw: 219.15009
  pitch: 86.69999
godmode: false
teleportenabled: true
homes:
  sucks:
    world: survival112
    x: -1594.9555786188573
    y: 53.0
    z: -756.1369799179188
    yaw: -93.13969
    pitch: 8.849979
  cool:
    world: survival112
    x: -1679.699999988079
    y: 65.0
    z: -780.5983442419445
    yaw: 117.91034
    pitch: 23.85
money: '0'
