lastAccountName: TensaEriol
timestamps:
  login: 1501031192430
  lastteleport: 1498594273067
  logout: 1501031279305
ipAddress: 93.41.44.226
geolocation: Italy
lastlocation:
  world: spawn
  x: 22.600781929301586
  y: 10.024424088213681
  z: -15.947114053176186
  yaw: 6.4407043
  pitch: 6.1499977
logoutlocation:
  world: torture
  x: -9.5
  y: 69.0
  z: -4.5
  yaw: -270.00122
  pitch: 14.549996
money: '0'
