geolocation: France
lastAccountName: Sizerk_Lucifer
timestamps:
  login: 1500993466818
  lastteleport: 1500994128163
  logout: 1500994245009
ipAddress: 90.101.49.217
lastlocation:
  world: spawn
  x: -9.526106211992552
  y: 9.0
  z: -42.12117546687814
  yaw: -181.50893
  pitch: 25.799961
money: '0'
logoutlocation:
  world: greenfield
  x: -159.4048484506137
  y: 60.0
  z: -292.6852247251056
  yaw: -291.9911
  pitch: 67.64992
