geolocation: United States
lastAccountName: NoDabsJustWolfy
timestamps:
  login: 1495331784679
  lastteleport: 1495298593506
  logout: 1495331812510
ipAddress: 98.223.86.10
lastlocation:
  world: greenfield
  x: -5.093062351403754
  y: 123.0625
  z: -193.67353956453687
  yaw: 229.86993
  pitch: 41.10004
logoutlocation:
  world: greenfield
  x: -1708.9684137630268
  y: 70.0
  z: 134.1620226980422
  yaw: 264.01453
  pitch: 17.690052
money: '0'
