lastAccountName: Awesomeperson122
timestamps:
  login: 1494723427360
  logout: 1494723457966
  lastteleport: 1491778581181
ipAddress: 108.219.175.181
geolocation: United States
logoutlocation:
  world: greenfield
  x: -1715.9483604133516
  y: 70.0
  z: 133.66669597368858
  yaw: -45.233597
  pitch: 10.64999
lastlocation:
  world: greenfield
  x: -4.5383736075792545
  y: 123.0625
  z: -193.9282957159967
  yaw: 2.6192875
  pitch: -2.5499997
teleportenabled: true
money: '0'
