lastAccountName: EnderTyanKawaii
timestamps:
  login: 1500052499461
  logout: 1500052619643
ipAddress: 51.7.17.167
geolocation: United Kingdom
lastlocation:
  world: survival112
  x: -116.5
  y: 70.0
  z: 79.5
  yaw: 0.0
  pitch: 0.0
money: '0'
logoutlocation:
  world: greenfield
  x: -1696.9852933338796
  y: 70.0
  z: 136.6988729462129
  yaw: -300.20297
  pitch: 27.608158
