lastAccountName: Wally_WestCW
timestamps:
  login: 1510072238631
  logout: 1510075516052
  lastteleport: 1510074797364
ipAddress: 207.172.183.50
geolocation: United States
logoutlocation:
  world: survival112
  x: -667.516449389627
  y: 74.91598891655082
  z: -600.8154203185062
  yaw: 140.10689
  pitch: 44.99996
lastlocation:
  world: survival112
  x: -686.5682857088582
  y: 41.0
  z: -626.6999999880791
  yaw: -357.6607
  pitch: 5.0999675
godmode: false
teleportenabled: true
money: '0'
homes:
  home:
    world: survival112
    x: -672.1558824996476
    y: 63.0
    z: -603.2530739607954
    yaw: -91.9436
    pitch: 33.1501
  zoo:
    world: survival112
    x: -679.5030201963724
    y: 41.0
    z: -615.4642725173501
    yaw: -132.594
    pitch: 1.4999801
  treehouse:
    world: survival112
    x: -2264.507284906614
    y: 107.0
    z: 1160.6588875972348
    yaw: -152.47656
    pitch: 8.399994
  movies:
    world: survival112
    x: -2265.264445432216
    y: 112.0
    z: 1164.5058233586699
    yaw: -331.12665
    pitch: 34.349987
afk: false
mail:
- §6[§rnightghost2_§6] §rr u 10?
