geolocation: Canada
lastAccountName: Zacjop
timestamps:
  login: 1507227766826
  logout: 1507229151328
  lastteleport: 1507229072630
ipAddress: 67.193.152.11
lastlocation:
  world: spawn
  x: 304.9041347398657
  y: 65.0
  z: -23.522983243920734
  yaw: -274.95895
  pitch: 4.9500055
logoutlocation:
  world: lexstarklabs
  x: 14.465564699148201
  y: 59.0
  z: 20.64542423338395
  yaw: 99.138916
  pitch: 34.627007
godmode: false
teleportenabled: true
