geolocation: United States
lastAccountName: TheSexyLlamaFTW
timestamps:
  login: 1504550118070
  logout: 1504550242220
  lastteleport: 1504550236676
ipAddress: 76.103.112.125
lastlocation:
  world: greenfield
  x: -4.103139262279063
  y: 123.0625
  z: -194.08829217328903
  yaw: -43.58072
  pitch: 14.699994
logoutlocation:
  world: lexstarklabs
  x: 0.3276388618313908
  y: 59.0
  z: 11.614769684934942
  yaw: -18.792067
  pitch: 3.85079
godmode: false
money: '0'
