geolocation: United States
lastAccountName: HarryPanda14
timestamps:
  login: 1508793116900
  logout: 1508793430584
  lastteleport: 1508793288913
ipAddress: 192.81.47.167
lastlocation:
  world: spawn
  x: 304.52203414134874
  y: 65.0
  z: -23.361343277682757
  yaw: -301.05902
  pitch: 1.9500057
logoutlocation:
  world: theworldroom
  x: -4.049693038930621
  y: 103.0
  z: 7.351455865346736
  yaw: 275.69476
  pitch: 21.449953
money: '0'
