lastAccountName: Dragonmaster1442
timestamps:
  login: 1509862613570
  lastteleport: 1509862657348
  logout: 1509863086181
ipAddress: 98.210.97.228
geolocation: United States
lastlocation:
  world: spawn
  x: 303.7531283224347
  y: 65.0
  z: -23.30132091231713
  yaw: -263.25558
  pitch: 1.9102101
godmode: false
teleportenabled: true
logoutlocation:
  world: lexstarklabs
  x: 2.650001427285315
  y: 59.0625
  z: 40.0976346520288
  yaw: -71.77728
  pitch: 19.150326
