geolocation: United States
lastAccountName: dragonite711
timestamps:
  login: 1503541518146
  logout: 1503541537164
ipAddress: 73.36.240.51
lastlocation:
  world: survival112
  x: -116.5
  y: 70.0
  z: 79.5
  yaw: 0.0
  pitch: 0.0
logoutlocation:
  world: greenfield
  x: -1712.4511573748314
  y: 70.0
  z: 146.99259498084163
  yaw: 114.366
  pitch: 33.141563
money: '0'
