geolocation: United States
lastAccountName: ImAPleb69
timestamps:
  login: 1506991541549
  lastteleport: 1506993004478
  logout: 1506993153640
ipAddress: 76.26.197.107
lastlocation:
  world: survival112
  x: -508.1068620452728
  y: 70.0
  z: 255.6999999880791
  yaw: -305.63516
  pitch: 6.900002
godmode: false
teleportenabled: true
logoutlocation:
  world: infinitycity
  x: -157.31441362229683
  y: 33.255543169750446
  z: -267.25294970297637
  yaw: -176.23059
  pitch: 5.3041205
