lastAccountName: louauther
timestamps:
  login: 1508686154482
  logout: 1508688012399
  lastteleport: 1508687701946
ipAddress: 68.174.3.250
geolocation: United States
lastlocation:
  world: lexstarklabs
  x: -16.86953784515554
  y: 59.5
  z: 8.035803956637643
  yaw: -177.61043
  pitch: 16.650015
godmode: false
teleportenabled: true
logoutlocation:
  world: survival112
  x: 196.0761355046944
  y: 98.0
  z: 300.19228337652675
  yaw: -135.15
  pitch: 42.899982
