lastAccountName: Jester_ninja1
timestamps:
  login: 1501203151743
  lastteleport: 1501203495191
  logout: 1501203513254
ipAddress: 67.165.200.76
geolocation: United States
lastlocation:
  world: greenfield
  x: -5.599272290066786
  y: 124.31168707874468
  z: -179.98874130529492
  yaw: 8.46936
  pitch: 39.15
logoutlocation:
  world: survival112
  x: -123.40082268170966
  y: 75.0
  z: 92.37965055687314
  yaw: 123.89995
  pitch: 10.05
money: '0'
