lastAccountName: redhoodsnake12
timestamps:
  login: 1495300999471
  logout: 1495301077886
ipAddress: 73.182.134.87
geolocation: United States
lastlocation:
  world: survival
  x: 86.5
  y: 91.0
  z: -109.5
  yaw: -180.32117
  pitch: 0.8999815
logoutlocation:
  world: greenfield
  x: -1725.283180461402
  y: 70.0
  z: 138.40418128914945
  yaw: 70.871796
  pitch: -52.628807
money: '0'
