geolocation: Italy
lastAccountName: trexdan
timestamps:
  login: 1501033291414
  logout: 1501033315759
ipAddress: 93.41.44.226
lastlocation:
  world: greenfield
  x: -1717.5020807867127
  y: 70.0
  z: 144.568457807557
  yaw: 94.41611
  pitch: 15.891568
logoutlocation:
  world: torture
  x: -9.5
  y: 69.0
  z: -4.5
  yaw: -91.1044
  pitch: 13.807311
money: '0'
