lastAccountName: '3893675'
timestamps:
  login: 1501035489746
  lastteleport: 1501035519349
  logout: 1501035617914
ipAddress: 184.146.75.64
geolocation: Canada
lastlocation:
  world: greenfield
  x: -1712.7519937096329
  y: 70.0
  z: 129.67370818460822
  yaw: -184.80956
  pitch: 33.695892
money: '0'
logoutlocation:
  world: greenfield
  x: -19.097519857685583
  y: 69.0
  z: -204.73127839962902
  yaw: 8.223572
  pitch: 13.675482
