lastAccountName: ldrago0821
timestamps:
  login: 1509682542357
  lastteleport: 1509683512969
  logout: 1509683581554
ipAddress: 70.170.4.186
geolocation: United States
lastlocation:
  world: spawn
  x: 318.5
  y: 65.0
  z: -25.5
  yaw: -270.00903
  pitch: 0.45000514
godmode: false
teleportenabled: true
logoutlocation:
  world: lexstarklabs
  x: 18.70423201887159
  y: 59.0
  z: 43.69999998807907
  yaw: 16.488647
  pitch: 17.526953
