lastAccountName: FrederikDue
timestamps:
  login: 1502089663774
  logout: 1502089701672
ipAddress: 152.115.82.74
geolocation: Denmark
lastlocation:
  world: survival112
  x: -116.5
  y: 70.0
  z: 79.5
  yaw: 0.0
  pitch: 0.0
logoutlocation:
  world: greenfield
  x: -1703.4502156166557
  y: 70.0
  z: 138.6798354762454
  yaw: 7.266026
  pitch: 7.6415653
money: '0'
