geolocation: United States
lastAccountName: xiHateYou_
timestamps:
  login: 1506118981496
  logout: 1506118999521
  lastteleport: 1506118624964
  lastheal: 1505165875543
ipAddress: 47.196.185.243
lastlocation:
  world: greenfield
  x: -5.513244986837168
  y: 123.0625
  z: -198.30407801945742
  yaw: 5.0192876
  pitch: 25.35
logoutlocation:
  world: overvoid
  x: -38.30000001192093
  y: 96.0
  z: 34.13749998807907
  yaw: 354.84494
  pitch: 7.950006
godmode: false
teleportenabled: false
money: '0'
homes:
  home:
    world: survival112
    x: -1400.2626362095905
    y: 95.0
    z: 586.5550309761086
    yaw: 103.87457
    pitch: 7.799994
  chest:
    world: survival112
    x: -1407.2895916560583
    y: 83.0
    z: 596.2424675003011
    yaw: 225.28809
    pitch: 53.10001
  wolf:
    world: survival112
    x: -1586.6422478497425
    y: 64.0
    z: 651.3540808833518
    yaw: -142.57558
    pitch: 20.700071
  boys:
    world: titanstower
    x: -15.182537440123262
    y: 170.0
    z: 161.92994585595298
    yaw: 319.1875
    pitch: 18.594097
afk: false
