geolocation: United States
lastAccountName: Chewmax
timestamps:
  login: 1497306985038
  logout: 1497307084312
  lastteleport: 1497307077751
ipAddress: 76.91.86.222
lastlocation:
  world: greenfield
  x: -1727.1575504307962
  y: 69.0
  z: 173.59872844715355
  yaw: 94.73314
  pitch: 52.72247
logoutlocation:
  world: greenfield
  x: -1715.30418707046
  y: 70.0
  z: 133.30000001192093
  yaw: -285.19763
  pitch: 5.3129196
money: '0'
