lastAccountName: monkeyman2520
timestamps:
  login: 1502788636460
  lastteleport: 1502726788058
  logout: 1502789125791
ipAddress: 134.228.135.146
geolocation: United States
lastlocation:
  world: greenfield
  x: -5.300000011920929
  y: 124.02442408821369
  z: -179.977066173953
  yaw: -4.280707
  pitch: 8.850018
logoutlocation:
  world: survival112
  x: -98.68337448533475
  y: 73.0
  z: 75.33259108505307
  yaw: -107.99988
  pitch: 4.649999
money: '0'
