lastAccountName: NinjaBlaster_56
timestamps:
  login: 1508287165695
  lastteleport: 1508287535254
  logout: 1508287543038
ipAddress: 24.175.240.55
geolocation: United States
lastlocation:
  world: spawn
  x: 307.15739462844084
  y: 65.0
  z: -19.554505732085254
  yaw: -350.54037
  pitch: 5.4416127
godmode: false
teleportenabled: true
logoutlocation:
  world: spawn
  x: 313.2710308282534
  y: 66.0
  z: -18.30000001192093
  yaw: -198.1804
  pitch: 13.77985
