lastAccountName: andrewcoolboy
timestamps:
  login: 1498245939087
  logout: 1498246050945
ipAddress: 99.45.172.33
geolocation: United States
lastlocation:
  world: survival112
  x: -116.5
  y: 70.0
  z: 79.5
  yaw: 0.0
  pitch: 0.0
logoutlocation:
  world: greenfield
  x: -1719.3503621539621
  y: 70.0
  z: 136.95062664426095
  yaw: 219.5162
  pitch: 26.091602
money: '0'
