geolocation: United States
lastAccountName: jpan01
timestamps:
  login: 1494721471609
  logout: 1494721506203
ipAddress: 50.80.46.94
lastlocation:
  world: survival
  x: 86.5
  y: 91.0
  z: -109.5
  yaw: -180.32117
  pitch: 0.8999815
logoutlocation:
  world: greenfield
  x: -1712.5
  y: 70.0
  z: 130.5
  yaw: 2.766016
  pitch: 20.241562
money: '0'
