lastAccountName: Cactus_Can_Dab2K
timestamps:
  login: 1500124847320
  logout: 1500124947281
ipAddress: 94.204.148.223
geolocation: United Arab Emirates
lastlocation:
  world: survival112
  x: -116.5
  y: 70.0
  z: 79.5
  yaw: 0.0
  pitch: 0.0
logoutlocation:
  world: greenfield
  x: -21.39217604021753
  y: 171.6686103981691
  z: -170.465214882537
  yaw: -88.54622
  pitch: 62.363216
money: '0'
