geolocation: United States
lastAccountName: GreenArrow2322
timestamps:
  login: 1503280569343
  lastteleport: 1503280610466
  logout: 1503280713746
ipAddress: 73.162.93.219
lastlocation:
  world: greenfield
  x: -5.500301665697419
  y: 124.22860926093821
  z: -180.11438988590913
  yaw: 6.21932
  pitch: 8.700008
logoutlocation:
  world: survival112
  x: -46.66531774635144
  y: 66.0
  z: 114.69999998807907
  yaw: 252.29971
  pitch: -3.8999927
money: '0'
