geolocation: United States
lastAccountName: justhatcrazygurl
timestamps:
  login: 1500162127934
  logout: 1500162175374
ipAddress: 69.250.165.34
lastlocation:
  world: survival112
  x: -116.5
  y: 70.0
  z: 79.5
  yaw: 0.0
  pitch: 0.0
logoutlocation:
  world: greenfield
  x: -1713.381542118316
  y: 70.0
  z: 145.23246122787833
  yaw: 46.115936
  pitch: 6.7415648
money: '0'
