geolocation: Australia
lastAccountName: CharlesTheLegend
timestamps:
  login: 1496646222766
  lastteleport: 1496646470274
  logout: 1496646476155
ipAddress: 60.229.116.215
lastlocation:
  world: greenfield
  x: -4.828187111733267
  y: 123.0625
  z: -194.14865974740746
  yaw: -18.980717
  pitch: 10.2
logoutlocation:
  world: greenfield
  x: -1712.5
  y: 70.0
  z: 149.5
  yaw: -189.73598
  pitch: 2.6900625
money: '0'
