geolocation: United States
lastAccountName: mikemoore41
timestamps:
  login: 1503844447874
  lastteleport: 1503844466897
  logout: 1503845310230
ipAddress: 72.198.113.58
lastlocation:
  world: greenfield
  x: -1712.2858280207215
  y: 70.0
  z: 130.15634444619425
  yaw: 164.26007
  pitch: 59.061924
money: '0'
logoutlocation:
  world: greenfield
  x: 99.109998118231
  y: 53.0
  z: -736.5563685991408
  yaw: 180.35742
  pitch: 2.417264
