lastAccountName: Djredduck27
timestamps:
  login: 1497659738826
  lastteleport: 1497659855527
  logout: 1497660909960
ipAddress: 68.39.97.154
geolocation: United States
lastlocation:
  world: spawn
  x: -42.21874021616994
  y: 9.0
  z: -5.426554542025583
  yaw: 13.619643
  pitch: 24.357828
logoutlocation:
  world: plots
  x: 423.1608160670777
  y: 69.01679108089678
  z: 510.55957582361725
  yaw: -93.49237
  pitch: 33.21548
money: '0'
