lastAccountName: PandaHug
timestamps:
  login: 1493570699978
  logout: 1493570753484
ipAddress: 50.108.94.250
geolocation: United States
lastlocation:
  world: survival
  x: 86.5
  y: 91.0
  z: -109.5
  yaw: -180.32117
  pitch: 0.8999815
logoutlocation:
  world: greenfield
  x: -1724.9534632619268
  y: 70.0
  z: 132.48750001192093
  yaw: 198.66605
  pitch: -16.808435
money: '0'
