geolocation: Australia
lastAccountName: Blaze_King205
timestamps:
  login: 1497434819316
  logout: 1497434961979
  lastteleport: 1497434915561
ipAddress: 115.64.48.47
lastlocation:
  world: greenfield
  x: -1727.101653642608
  y: 69.0
  z: 173.69386212541295
  yaw: -279.9832
  pitch: 54.45001
logoutlocation:
  world: greenfield
  x: -1723.862500011921
  y: 76.0
  z: 143.0345865783245
  yaw: -290.3859
  pitch: 7.490098
money: '0'
