lastAccountName: Wowcraftman
timestamps:
  login: 1509842603628
  logout: 1509842609903
ipAddress: 127.0.0.1
geolocation: N/A
lastlocation:
  world: survival112
  x: -116.5
  y: 70.0
  z: 79.5
  yaw: 0.0
  pitch: 0.0
logoutlocation:
  world: lexstarklabs
  x: -10.5
  y: 59.0625
  z: 0.5
  yaw: -179.80899
  pitch: -8.794178
