geolocation: Australia
lastAccountName: RyanPlaysMine
timestamps:
  login: 1506496342263
  logout: 1506496430482
ipAddress: 121.220.38.40
lastlocation:
  world: survival112
  x: -116.5
  y: 70.0
  z: 79.5
  yaw: 0.0
  pitch: 0.0
logoutlocation:
  world: greenfield
  x: -53.16249768663874
  y: 69.0
  z: -298.5982094223014
  yaw: -125.81207
  pitch: -7.9424686
money: '0'
