geolocation: United States
lastAccountName: YaBoiDoge
timestamps:
  login: 1509397874710
  lastteleport: 1509298510662
  logout: 1509397917843
ipAddress: 173.27.58.44
lastlocation:
  world: survival112
  x: -128.2277525968163
  y: 73.0
  z: 82.54416037750148
  yaw: -84.99619
  pitch: 17.135828
godmode: false
teleportenabled: true
afk: false
logoutlocation:
  world: survival112
  x: -562.2221271102353
  y: 162.0
  z: 2397.6427815946886
  yaw: -283.5274
  pitch: 28.327173
homes:
  base:
    world: survival112
    x: -674.5794721627589
    y: 121.0
    z: 2070.893736521344
    yaw: -330.39606
    pitch: 5.83724
  olympus:
    world: survival112
    x: -534.1624750247619
    y: 162.0
    z: 2387.4873282814256
    yaw: -252.50894
    pitch: 19.126879
