lastAccountName: RileyGamer123
timestamps:
  login: 1501068820203
  lastteleport: 1501068873974
  logout: 1501068882781
ipAddress: 125.161.87.152
geolocation: Indonesia
lastlocation:
  world: greenfield
  x: -5.3946008862460015
  y: 124.0
  z: -179.92516298374932
  yaw: -7.7238364
  pitch: 3.9308941
logoutlocation:
  world: survival112
  x: -94.30000001192093
  y: 75.0
  z: 79.68611856003687
  yaw: -82.624756
  pitch: 4.4804535
money: '0'
