lastAccountName: MasterPostal
timestamps:
  login: 1508234784442
  lastteleport: 1508235848306
  logout: 1508235976874
ipAddress: 94.245.135.125
geolocation: Russian Federation
lastlocation:
  world: theworldroom
  x: -4.268534445712877
  y: 103.0
  z: 7.519074856409295
  yaw: -90.60376
  pitch: 19.38811
godmode: false
teleportenabled: true
logoutlocation:
  world: metropolis
  x: 70.73437125017246
  y: 83.0
  z: 457.57720657799075
  yaw: 100.35016
  pitch: 41.100018
