lastAccountName: 321frederick123
timestamps:
  login: 1495387213717
  lastteleport: 1495387906345
  logout: 1495387911232
ipAddress: 95.96.120.206
geolocation: Netherlands
lastlocation:
  world: greenfield
  x: -4.94114871149581
  y: 123.0625
  z: -193.47123723713847
  yaw: 293.16916
  pitch: 39.75
godmode: false
teleportenabled: true
logoutlocation:
  world: greenfield
  x: -1704.8454836019705
  y: 70.0
  z: 141.9795656354634
  yaw: -168.43599
  pitch: 16.040064
money: '0'
