geolocation: United States
lastAccountName: Swagnezone
timestamps:
  login: 1498337140151
  logout: 1498337180042
  lastteleport: 1498337108845
ipAddress: 68.84.139.34
lastlocation:
  world: greenfield
  x: -5.423861021173132
  y: 124.0
  z: -179.96397063247477
  yaw: 7.869681
  pitch: 19.950005
logoutlocation:
  world: survival112
  x: -115.84136560880607
  y: 66.0
  z: 54.58933595188772
  yaw: 129.90027
  pitch: 87.45
money: '0'
