lastAccountName: Pulowski_
timestamps:
  login: 1501260566354
  logout: 1501260708582
  lastteleport: 1501260569147
ipAddress: 81.7.3.175
geolocation: Germany
lastlocation:
  world: spawn
  x: 0.5
  y: 10.0
  z: 0.5
  yaw: -178.6593
  pitch: 1.3499979
logoutlocation:
  world: spawn
  x: 0.5
  y: 10.0
  z: 0.5
  yaw: -178.6593
  pitch: 1.3499979
money: '0'
