geolocation: United States
lastAccountName: NikkiSays
timestamps:
  login: 1509220652997
  lastteleport: 1502720276594
  lastheal: 1502718288263
  logout: 1509220684071
ipAddress: 47.185.248.158
lastlocation:
  world: survival112
  x: 56.42551336246548
  y: 79.21484301007128
  z: 299.69968369787495
  yaw: 194.39987
  pitch: 86.699905
godmode: false
teleportenabled: true
logoutlocation:
  world: survival112_the_end
  x: -86.93682796894716
  y: 53.0
  z: -59.613930256773884
  yaw: 25.349895
  pitch: 31.349985
money: '0'
homes:
  home:
    world: survival112_the_end
    x: -87.69999998807907
    y: 54.414002008121116
    z: -60.58195464822241
    yaw: 269.39975
    pitch: -12.90002
