geolocation: United Kingdom
lastAccountName: 11Shadow11
timestamps:
  login: 1508063828428
  lastteleport: 1508065283342
  logout: 1508065403698
ipAddress: 86.152.216.168
lastlocation:
  world: theworldroom
  x: -4.96588203126596
  y: 103.0
  z: 7.658971059412973
  yaw: -94.440735
  pitch: 12.754468
godmode: false
teleportenabled: true
money: '1.00'
logoutlocation:
  world: nyc
  x: 49.30000001192093
  y: 20.5
  z: -1794.4517192360079
  yaw: -25.908813
  pitch: 13.161325
afk: false
