geolocation: Netherlands
lastAccountName: Keessos
timestamps:
  login: 1501769427053
  logout: 1501769581276
ipAddress: 82.74.237.47
lastlocation:
  world: survival112
  x: -116.5
  y: 70.0
  z: 79.5
  yaw: 0.0
  pitch: 0.0
money: '0'
logoutlocation:
  world: greenfield
  x: -1723.6901755506988
  y: 70.0
  z: 146.01271824460235
  yaw: 0.5163621
  pitch: -38.558487
