lastAccountName: x_Frostburn_x
timestamps:
  login: 1508534880976
  logout: 1508536677067
  lastteleport: 1508535927511
  lastheal: 1505004857394
ipAddress: 47.196.185.243
geolocation: United States
lastlocation:
  world: lexstarklabs
  x: 14.803942938449584
  y: 59.0
  z: 29.673638085690065
  yaw: 38.088196
  pitch: 44.976955
logoutlocation:
  world: survival112_the_end
  x: 671.0565714661607
  y: 63.0
  z: -2466.195319992816
  yaw: -21.685669
  pitch: 21.449953
money: '0'
godmode: false
teleportenabled: true
afk: false
homes:
  home:
    world: titanstower
    x: -8.300000011920929
    y: 166.0
    z: 121.30000001192093
    yaw: 3.5894514E-4
    pitch: 3.6000228
  starfire:
    world: titanstower
    x: -13.914204074175212
    y: 166.0
    z: 114.34649112217237
    yaw: 181.6497
    pitch: 10.949949
  gas:
    world: greenfield
    x: -1.5
    y: 69.0
    z: 102.5
    yaw: -358.88034
    pitch: 4.2000127
