geolocation: Bermuda
lastAccountName: Commandtitan14
timestamps:
  login: 1508700852798
  lastteleport: 1508702647791
  logout: 1508702810723
ipAddress: 142.54.197.175
lastlocation:
  world: survival112
  x: -160.02170528104233
  y: 59.0
  z: 134.75332364596136
  yaw: 339.93243
  pitch: 23.541971
godmode: false
teleportenabled: true
logoutlocation:
  world: spawn
  x: 318.5
  y: 65.0
  z: -25.5
  yaw: -225.15906
  pitch: 43.649963
