geolocation: Germany
lastAccountName: gaty1121
timestamps:
  login: 1499457763503
  lastteleport: 1499457514279
  logout: 1499457777472
ipAddress: 88.71.36.15
lastlocation:
  world: greenfield
  x: -5.411886683375032
  y: 124.02442408821369
  z: -180.06383418204214
  yaw: 8.16929
  pitch: 22.05
logoutlocation:
  world: survival112
  x: -132.603567856262
  y: 70.0
  z: 90.68041807593856
  yaw: 20.700014
  pitch: 90.0
money: '0'
