geolocation: United States
lastAccountName: TekSepport
timestamps:
  login: 1505150324713
  logout: 1505150587468
ipAddress: 173.91.154.86
lastlocation:
  world: survival112
  x: -116.5
  y: 70.0
  z: 79.5
  yaw: 0.0
  pitch: 0.0
logoutlocation:
  world: lexstarklabs
  x: 0.23459296394210163
  y: 59.0
  z: 5.47602832820237
  yaw: 62.811127
  pitch: 11.468995
money: '0'
