geolocation: Denmark
lastAccountName: TherkildMC
timestamps:
  login: 1502356740409
  logout: 1502356981104
ipAddress: 176.67.189.148
lastlocation:
  world: survival112
  x: -116.5
  y: 70.0
  z: 79.5
  yaw: 0.0
  pitch: 0.0
logoutlocation:
  world: greenfield
  x: -1708.8040475136788
  y: 70.0
  z: 134.49235183027358
  yaw: 329.25623
  pitch: 1.787767
money: '0'
