geolocation: France
lastAccountName: jawy95
timestamps:
  login: 1504186247827
  logout: 1504186332355
  lastteleport: 1504186325780
ipAddress: 83.204.227.229
lastlocation:
  world: greenfield
  x: -5.300000011920929
  y: 124.0
  z: -180.0098023827262
  yaw: -23.036255
  pitch: 15.841972
logoutlocation:
  world: survival112
  x: -118.30000001192093
  y: 71.0
  z: 77.69999998807907
  yaw: 62.60605
  pitch: -40.735645
money: '0'
