geolocation: United Kingdom
lastAccountName: Luxumeta
timestamps:
  login: 1504641283394
  logout: 1504641352529
  lastteleport: 1504641302850
ipAddress: 82.26.8.124
lastlocation:
  world: spawn
  x: -9.310256535489863
  y: 9.0
  z: -42.17366181159141
  yaw: 174.29068
  pitch: 23.250008
godmode: false
teleportenabled: true
logoutlocation:
  world: greenfield
  x: -1.4008702794609151
  y: 124.0
  z: -181.37936265550684
  yaw: 156.21935
  pitch: 33.9
money: '0'
homes:
  end:
    world: survival112
    x: -155.9311747857028
    y: 65.0
    z: -55.76096673619763
    yaw: -215.40027
    pitch: 33.600002
  endd:
    world: survival112_the_end
    x: 3.48667184342524
    y: 63.0
    z: 0.20570102533479925
    yaw: 295.20142
    pitch: -26.699968
afk: false
