lastAccountName: DoctorWho1
timestamps:
  login: 1509933202881
  logout: 1509933206327
  lastteleport: 1509929373636
  lastheal: 1508743835354
ipAddress: 101.173.144.170
geolocation: Australia
lastlocation:
  world: broville
  x: 1144.1591441094656
  y: 68.0
  z: 815.2630691282345
  yaw: 181.50038
  pitch: 36.300003
logoutlocation:
  world: survival112
  x: -622.2235230619253
  y: 64.0
  z: -1685.0120866913574
  yaw: 57.064228
  pitch: 64.350044
godmode: false
teleportenabled: true
homes:
  home:
    world: survival112
    x: -609.6446898585655
    y: 64.0
    z: -1610.7374782886936
    yaw: 46.414124
    pitch: 35.250103
