geolocation: Bahamas
lastAccountName: CommanderKawaii
timestamps:
  login: 1500741985214
  logout: 1500742671916
ipAddress: 24.244.179.156
lastlocation:
  world: survival112
  x: -116.5
  y: 70.0
  z: 79.5
  yaw: 0.0
  pitch: 0.0
money: '0'
logoutlocation:
  world: greenfield
  x: -1721.7554588561325
  y: 70.0
  z: 135.46143925899162
  yaw: -24.233843
  pitch: -17.25
