geolocation: Canada
lastAccountName: hudsonmakka
timestamps:
  login: 1496790134327
  lastteleport: 1496790173185
  logout: 1496790254350
ipAddress: 64.110.199.230
lastlocation:
  world: greenfield
  x: -1712.890432515173
  y: 70.0
  z: 129.56323131271114
  yaw: -145.28387
  pitch: 18.591562
logoutlocation:
  world: greenfield
  x: -4.300000011920929
  y: 69.0
  z: -189.94965594234915
  yaw: 149.46944
  pitch: 3.4500136
money: '0'
