geolocation: United States
lastAccountName: HP36
timestamps:
  login: 1500243682100
  lastteleport: 1500244017333
  logout: 1500244044433
ipAddress: 173.31.115.227
lastlocation:
  world: anarchy
  x: 1.6768400686408624
  y: 72.0
  z: 70.01008233357038
  yaw: 1.6498817
  pitch: 24.89998
money: '0'
logoutlocation:
  world: spawn
  x: 1.1124915202148504
  y: 10.0
  z: 1.4401411620197686
  yaw: -98.259346
  pitch: 14.999984
