lastAccountName: definder
timestamps:
  login: 1509313722914
  logout: 1509314773930
  lastteleport: 1509314757986
ipAddress: 107.147.154.24
geolocation: United States
lastlocation:
  world: lexstarklabs
  x: 1.5218545228047067
  y: 59.0625
  z: 33.63665710027903
  yaw: -183.91132
  pitch: 14.076951
logoutlocation:
  world: spawn
  x: 318.5
  y: 65.0
  z: -25.5
  yaw: -353.10907
  pitch: -34.499992
godmode: false
teleportenabled: true
