lastAccountName: MewVu
timestamps:
  login: 1502593167640
  lastteleport: 1502593275069
  logout: 1502593307241
ipAddress: 142.129.77.241
geolocation: United States
lastlocation:
  world: greenfield
  x: -1726.9504212891402
  y: 69.0
  z: 173.40386707933578
  yaw: 93.816025
  pitch: 82.19159
money: '0'
logoutlocation:
  world: lexstarklabs
  x: 12.392189853812658
  y: 59.0
  z: -2.4601261757731696
  yaw: -75.34217
  pitch: 66.90002
