lastAccountName: GreyRMiller
timestamps:
  login: 1500470736795
  lastteleport: 1500472696544
  logout: 1500472702186
ipAddress: 89.245.125.130
geolocation: Germany
lastlocation:
  world: greenfield
  x: -1712.58408216652
  y: 70.0
  z: 129.64464756142178
  yaw: 184.28506
  pitch: 17.442244
afk: false
logoutlocation:
  world: greenfield
  x: -5.497619147852674
  y: 123.0625
  z: -194.5392214444668
  yaw: -0.080712534
  pitch: 0.9000001
money: '0'
