geolocation: Netherlands
lastAccountName: RainbowMiku
timestamps:
  login: 1498577202814
  logout: 1498577359264
ipAddress: 80.57.91.184
lastlocation:
  world: survival112
  x: -116.5
  y: 70.0
  z: 79.5
  yaw: 0.0
  pitch: 0.0
logoutlocation:
  world: greenfield
  x: -1721.699206240821
  y: 70.0
  z: 136.97272782882433
  yaw: -159.68567
  pitch: 31.20001
money: '0'
