geolocation: France
lastAccountName: RaymanPotatoes
timestamps:
  login: 1501410258323
  lastteleport: 1501410714446
  logout: 1501410737496
ipAddress: 92.139.50.237
lastlocation:
  world: spawn
  x: 0.5
  y: 10.0
  z: 0.5
  yaw: -241.65933
  pitch: 15.899996
teleportenabled: true
logoutlocation:
  world: lexstarklabs
  x: 0.5
  y: 59.0
  z: 1.5
  yaw: 28.907898
  pitch: 22.750774
money: '0'
