lastAccountName: RobotMonkey7
timestamps:
  login: 1497827345318
  logout: 1497827385137
ipAddress: 73.12.247.88
geolocation: United States
lastlocation:
  world: survival112
  x: -116.5
  y: 70.0
  z: 79.5
  yaw: 0.0
  pitch: 0.0
logoutlocation:
  world: greenfield
  x: -1705.0620991646065
  y: 70.0
  z: 134.32109072268167
  yaw: 45.96597
  pitch: 3.441538
money: '0'
