lastAccountName: gummypanda28
timestamps:
  login: 1499596858371
  logout: 1499597651845
ipAddress: 68.97.181.93
geolocation: United States
lastlocation:
  world: survival112
  x: -116.5
  y: 70.0
  z: 79.5
  yaw: 0.0
  pitch: 0.0
logoutlocation:
  world: greenfield
  x: -1722.5332677198744
  y: 70.0
  z: 138.99213950533928
  yaw: 189.17822
  pitch: 84.13546
money: '0'
