geolocation: United States
lastAccountName: Squiddy52
timestamps:
  login: 1509892989454
  logout: 1509893747014
  lastteleport: 1509893724318
ipAddress: 108.31.232.130
lastlocation:
  world: survival112
  x: -100.58981748672156
  y: 72.0
  z: 14.061534483108096
  yaw: 23.613071
  pitch: 19.29637
logoutlocation:
  world: lexstarklabs
  x: 1.1913287687270375
  y: 59.0625
  z: 35.41163723822683
  yaw: -87.011665
  pitch: 10.476963
godmode: false
teleportenabled: true
