lastAccountName: TheWhiteFoxxx
timestamps:
  login: 1509224377812
  lastteleport: 1509225373396
  logout: 1509225396661
ipAddress: 73.242.207.225
geolocation: United States
lastlocation:
  world: lexstarklabs
  x: 17.63320029424567
  y: 59.0625
  z: 23.67344526030801
  yaw: -181.6616
  pitch: 2.826969
godmode: false
teleportenabled: true
logoutlocation:
  world: greenfield
  x: 18.179800452178032
  y: 5.305438451751212
  z: 134.99456003743126
  yaw: -180.01161
  pitch: 0.46778247
