lastAccountName: BzkitBall_Hero
timestamps:
  login: 1495337883020
  lastteleport: 1495337912364
  logout: 1495338014874
ipAddress: 65.27.110.7
geolocation: United States
lastlocation:
  world: greenfield
  x: -3.8776477684729516
  y: 123.0625
  z: -193.99282736594037
  yaw: -13.73073
  pitch: 6.1500015
logoutlocation:
  world: greenfield
  x: -1713.1473729829431
  y: 70.0
  z: 139.95056023790238
  yaw: -274.48575
  pitch: 5.6900554
money: '0'
