lastAccountName: jjman199515
timestamps:
  login: 1505176097669
  logout: 1505176327404
ipAddress: 166.175.191.201
geolocation: United States
lastlocation:
  world: survival112
  x: -116.5
  y: 70.0
  z: 79.5
  yaw: 0.0
  pitch: 0.0
logoutlocation:
  world: lexstarklabs
  x: -12.48059515456067
  y: 59.0
  z: -0.49617492877531755
  yaw: -161.4425
  pitch: -22.500006
money: '0'
