geolocation: United States
lastAccountName: eliu1100
timestamps:
  login: 1508804685105
  logout: 1508804719359
  lastteleport: 1508715267503
  lastheal: 1508714962728
ipAddress: 96.239.22.67
lastlocation:
  world: survival112
  x: -1280.509919335309
  y: 71.0
  z: -2208.4196753639867
  yaw: -144.00351
  pitch: 39.44996
godmode: false
teleportenabled: true
logoutlocation:
  world: survival112
  x: -2333.7351714211136
  y: 254.0
  z: 463.64797175687767
  yaw: -349.84497
  pitch: 61.049984
homes:
  home:
    world: survival112
    x: -2334.3010696745428
    y: 253.0
    z: 463.2921693563455
    yaw: -343.69287
    pitch: 63.00027
