lastAccountName: swagranger0211
timestamps:
  login: 1506830163119
  logout: 1506830823029
  lastteleport: 1506830660883
ipAddress: 108.21.55.180
geolocation: United States
lastlocation:
  world: survival112_nether
  x: -0.019734468466989896
  y: 62.875
  z: -4.558025538904408
  yaw: 190.52934
  pitch: -27.555721
logoutlocation:
  world: survival112_nether
  x: 19.29216203447445
  y: 29.312538612647057
  z: 35.585569701733334
  yaw: -178.57024
  pitch: -17.47498
