lastAccountName: 3RD_Division
timestamps:
  login: 1498668888042
  lastteleport: 1498668319311
  logout: 1498668892427
ipAddress: 107.212.252.11
geolocation: United States
lastlocation:
  world: greenfield
  x: -5.5965698982583625
  y: 124.0
  z: -179.98459344067214
  yaw: 4.419263
  pitch: 22.04997
logoutlocation:
  world: survival112
  x: -14.5048459674133
  y: 62.55000001192093
  z: -41.10705399376279
  yaw: 166.91254
  pitch: 18.599987
money: '0'
