lastAccountName: MZBgamer
timestamps:
  login: 1508559811707
  lastteleport: 1508560626569
  logout: 1508560673661
ipAddress: 174.205.20.252
geolocation: United States
lastlocation:
  world: lasertag
  x: 38.0571590421502
  y: 97.0
  z: -8.699999988079071
  yaw: -47.711113
  pitch: 19.973307
godmode: false
teleportenabled: true
afk: false
money: '0'
logoutlocation:
  world: lasertag
  x: 95.62300711480174
  y: 85.0
  z: -21.299997706606433
  yaw: 177.61356
  pitch: 11.43558
homes:
  home:
    world: survival
    x: 1162.1482692774575
    y: 84.0
    z: 2285.892142947579
    yaw: 306.77847
    pitch: -13.833583
  mine:
    world: survival
    x: 792.7557484954016
    y: 30.0
    z: -408.0257340690687
    yaw: 194.5376
    pitch: 19.958433
