lastAccountName: Sparkleteacup
timestamps:
  login: 1500596114971
  logout: 1500596655115
  lastteleport: 1500596134345
ipAddress: 24.11.96.168
geolocation: United States
lastlocation:
  world: greenfield
  x: -5.5
  y: 123.0625
  z: -198.5
  yaw: 27.369293
  pitch: 2.549999
logoutlocation:
  world: greenfield
  x: -1703.5444740731064
  y: 70.0
  z: 139.69212762482618
  yaw: 222.01396
  pitch: 5.9999924
money: '0'
teleportenabled: true
