lastAccountName: TokidokiChan
timestamps:
  login: 1508427321363
  logout: 1508427827652
ipAddress: 89.99.86.36
geolocation: Netherlands
lastlocation:
  world: survival112
  x: -116.5
  y: 70.0
  z: 79.5
  yaw: 0.0
  pitch: 0.0
logoutlocation:
  world: lexstarklabs
  x: -9.123884824517194
  y: 59.0
  z: 2.283789544867532
  yaw: -200.35817
  pitch: 8.155728
