geolocation: United States
lastAccountName: AtheistJew
timestamps:
  login: 1498597881168
  lastteleport: 1498598331228
  logout: 1498598347882
ipAddress: 99.101.61.249
lastlocation:
  world: pvpparkourlobby
  x: -3.097746997329094
  y: 71.0
  z: 4.3259761286871505
  yaw: 49.198544
  pitch: 8.453704
logoutlocation:
  world: pvpparkour
  x: -2.479309203549941
  y: -204.69292728103852
  z: 19.11722860593109
  yaw: -5.6997867
  pitch: -90.0
money: '0'
