geolocation: United States
lastAccountName: XPhantomPigX
timestamps:
  login: 1499139497199
  lastteleport: 1499139953803
  logout: 1499139995335
ipAddress: 76.204.212.71
lastlocation:
  world: office
  x: -4.939700480599389
  y: 134.0
  z: 10.699999988079071
  yaw: 147.53693
  pitch: 8.518267
teleportenabled: true
logoutlocation:
  world: greenfield
  x: -5.5
  y: 123.0625
  z: -198.5
  yaw: -0.53071254
  pitch: 1.6500001
money: '0'
