lastAccountName: ELX_Striker
timestamps:
  login: 1498280246434
  lastteleport: 1498280266058
  logout: 1498280314273
ipAddress: 175.33.151.158
geolocation: Australia
lastlocation:
  world: greenfield
  x: -4.4390654951399915
  y: 123.0625
  z: -194.07566841909184
  yaw: 30.51921
  pitch: 46.79998
teleportenabled: true
logoutlocation:
  world: greenfield
  x: -1722.665081299477
  y: 70.0
  z: 144.92934169350423
  yaw: -272.08636
  pitch: -12.15996
money: '0'
