geolocation: United States
lastAccountName: fluffypants01
timestamps:
  login: 1500514791189
  lastteleport: 1500514883545
  logout: 1500515071815
ipAddress: 47.152.26.217
lastlocation:
  world: greenfield
  x: -4.419587515232391
  y: 123.0625
  z: -193.95395731783788
  yaw: -8.480714
  pitch: 9.899998
logoutlocation:
  world: greenfield
  x: -1724.699999988079
  y: 70.0
  z: 132.49890228989452
  yaw: -82.936066
  pitch: 52.940037
money: '0'
