geolocation: United States
lastAccountName: Moodeng
timestamps:
  login: 1504916439657
  lastteleport: 1504916527678
  logout: 1504916551079
ipAddress: 108.51.75.198
lastlocation:
  world: greenfield
  x: -4.63700221775479
  y: 123.0625
  z: -193.86446032602265
  yaw: -18.112816
  pitch: 12.97047
logoutlocation:
  world: lexstarklabs
  x: -0.04964003539122591
  y: 59.0
  z: 15.895963882795014
  yaw: 357.18286
  pitch: 26.387362
money: '0'
