geolocation: United States
lastAccountName: Prestacular
timestamps:
  login: 1497410139094
  logout: 1497410312669
  lastteleport: 1497410308592
ipAddress: 73.252.62.189
lastlocation:
  world: greenfield
  x: -1712.6815012444993
  y: 70.0
  z: 129.84361580162363
  yaw: -183.13599
  pitch: 9.590061
logoutlocation:
  world: greenfield
  x: -5.499868461192818
  y: 123.0
  z: -198.40200010687113
  yaw: 0.069287464
  pitch: 0.3000001
money: '0'
