lastAccountName: CarbonWarrior
timestamps:
  login: 1508346055565
  lastteleport: 1508347260722
  logout: 1508347527374
ipAddress: 95.8.213.202
geolocation: Turkey
lastlocation:
  world: spawn
  x: 303.7414635228443
  y: 65.0
  z: -30.203446633383734
  yaw: -253.95905
  pitch: 14.400018
godmode: false
teleportenabled: true
logoutlocation:
  world: survival112
  x: -752.442448800319
  y: 79.0
  z: 470.61728835213466
  yaw: -288.54236
  pitch: 21.39664
