geolocation: Morocco
lastAccountName: Natsu_RuLeZz
timestamps:
  login: 1501061319629
  logout: 1501061451444
ipAddress: 41.249.20.17
lastlocation:
  world: survival112
  x: -116.5
  y: 70.0
  z: 79.5
  yaw: 0.0
  pitch: 0.0
money: '0'
logoutlocation:
  world: greenfield
  x: -1719.6820477208616
  y: 70.0
  z: 144.68309714269165
  yaw: -33.984016
  pitch: 55.649986
