lastAccountName: E5C4PE
timestamps:
  login: 1493547547298
  lastteleport: 1493547812225
  logout: 1493547987271
ipAddress: 213.89.3.66
geolocation: Sweden
lastlocation:
  world: greenfield
  x: -1727.0411146259826
  y: 69.0
  z: 173.65297498634092
  yaw: -274.94498
  pitch: 39.792786
teleportenabled: true
logoutlocation:
  world: greenfield
  x: -1713.476254123053
  y: 70.0
  z: 139.49030815108003
  yaw: 136.95987
  pitch: -1.3988993
money: '0'
