geolocation: United States
lastAccountName: gymnogamer
timestamps:
  login: 1498938021980
  lastteleport: 1498938129024
  logout: 1498938137603
ipAddress: 184.4.4.192
lastlocation:
  world: greenfield
  x: -1712.3601159804145
  y: 70.0
  z: 129.86153239917618
  yaw: 180.06525
  pitch: 26.541588
logoutlocation:
  world: greenfield
  x: -4.750814218367713
  y: 123.0625
  z: -196.80608856929086
  yaw: -75.23071
  pitch: 11.4000025
money: '0'
