geolocation: United Kingdom
lastAccountName: hoverboardchamp
timestamps:
  login: 1506154467616
  lastteleport: 1506154482736
  logout: 1506154640295
ipAddress: 77.102.138.95
lastlocation:
  world: greenfield
  x: -27.53838409030021
  y: 69.0
  z: -218.1680271996362
  yaw: -240.97456
  pitch: 14.209416
teleportenabled: true
logoutlocation:
  world: lexstarklabs
  x: 5.5
  y: 59.0
  z: 35.5
  yaw: -161.9191
  pitch: 14.817238
money: '0'
