geolocation: Finland
lastAccountName: Kasme
timestamps:
  login: 1501621461713
  logout: 1501621529190
ipAddress: 109.108.25.43
lastlocation:
  world: survival112
  x: -116.5
  y: 70.0
  z: 79.5
  yaw: 0.0
  pitch: 0.0
logoutlocation:
  world: greenfield
  x: -1712.467957226967
  y: 70.0
  z: 143.21870747548328
  yaw: -0.23398513
  pitch: 1.3415639
money: '0'
