geolocation: United States
lastAccountName: I_am_Leejt
timestamps:
  login: 1499447450137
  lastteleport: 1499447492076
  logout: 1499447565169
ipAddress: 68.4.96.145
lastlocation:
  world: greenfield
  x: -3.6678382278765835
  y: 123.0
  z: -197.28001766198378
  yaw: -1.7308092
  pitch: -4.3499947
logoutlocation:
  world: spawn
  x: 0.09048830343926616
  y: 10.0
  z: -3.3873103278173335
  yaw: 209.69064
  pitch: 14.85
money: '0'
