geolocation: United Kingdom
lastAccountName: 21Eagles
timestamps:
  login: 1508443279114
  lastteleport: 1503825305885
  logout: 1508443279447
ipAddress: 86.8.152.160
lastlocation:
  world: lexstarklabs
  x: 1.6003632095166533
  y: 59.0
  z: 0.40473837160137177
  yaw: 178.98717
  pitch: 45.232815
teleportenabled: true
godmode: false
money: '0'
logoutlocation:
  world: greenfield
  x: -26.360206812677767
  y: 69.0
  z: -189.381969532841
  yaw: -270.77533
  pitch: 17.161695
homes:
  place:
    world: survival
    x: 356.6853809283032
    y: 89.40160913657068
    z: -2352.9555347908977
    yaw: 359.379
    pitch: 36.71168
  d:
    world: survival
    x: 2266.1959695980804
    y: 102.24669981461365
    z: -2416.8782138396746
    yaw: -198.56604
    pitch: 69.73543
  home:
    world: survival
    x: -2048.384413667518
    y: 63.0
    z: -2031.575881782312
    yaw: -194.43231
    pitch: 7.940956
