geolocation: Italy
lastAccountName: mudcat25215
timestamps:
  login: 1501032272123
  logout: 1501032713579
ipAddress: 93.41.44.226
lastlocation:
  world: greenfield
  x: -1720.2891220887445
  y: 70.49520087700593
  z: 135.89135376546068
  yaw: 218.76367
  pitch: 72.89158
logoutlocation:
  world: torture
  x: -9.5
  y: 69.0
  z: -4.5
  yaw: -91.1044
  pitch: 13.807311
money: '0'
