lastAccountName: Mr_gamer_freak
timestamps:
  login: 1499111655161
  logout: 1499111851682
ipAddress: 71.201.251.175
geolocation: United States
lastlocation:
  world: survival112
  x: -116.5
  y: 70.0
  z: 79.5
  yaw: 0.0
  pitch: 0.0
logoutlocation:
  world: greenfield
  x: -5.5
  y: 123.0625
  z: -198.5
  yaw: -17.180712
  pitch: 20.699999
money: '0'
