geolocation: United Kingdom
lastAccountName: lavaboy55
timestamps:
  login: 1503864350573
  lastteleport: 1503863591820
  logout: 1503864393426
ipAddress: 90.204.253.248
lastlocation:
  world: spawn
  x: -9.315800967424085
  y: 9.0
  z: -41.82601313284073
  yaw: -181.84155
  pitch: 33.21069
money: '0'
logoutlocation:
  world: greenfield
  x: -185.09404727052984
  y: 77.0
  z: -386.7100591706572
  yaw: 177.0503
  pitch: 1.7304271
