lastAccountName: Jomyto
timestamps:
  login: 1507427785876
  lastteleport: 1507427916837
  logout: 1507428430702
ipAddress: 189.244.41.170
geolocation: Mexico
lastlocation:
  world: waynemanor
  x: 0.5188600268399874
  y: 59.200000047683716
  z: 611.3208176463538
  yaw: 166.54578
  pitch: 35.18923
godmode: false
teleportenabled: true
money: '0'
homes:
  a:
    world: greenfield
    x: -750.426008171886
    y: 118.0
    z: 387.6044356283797
    yaw: 224.02032
    pitch: 89.7
  home:
    world: survival112
    x: 1484.1511848026034
    y: 47.0
    z: 2498.568787549648
    yaw: 79.0506
    pitch: 39.149982
logoutlocation:
  world: greenfield
  x: -1035.1809508417127
  y: 78.0
  z: 439.49446778183955
  yaw: -275.33334
  pitch: 11.243044
