geolocation: United States
lastAccountName: TheCreeperShark
timestamps:
  login: 1507153153818
  logout: 1507153293929
  lastteleport: 1507153289164
ipAddress: 75.87.137.128
lastlocation:
  world: lasertag
  x: 38.04130329591059
  y: 97.0
  z: -7.649904337208116
  yaw: -90.64112
  pitch: 8.09188
godmode: false
teleportenabled: true
logoutlocation:
  world: lasertag
  x: 83.37617674072061
  y: 84.0
  z: -26.433384177449895
  yaw: -49.221786
  pitch: 1.5191717
