lastAccountName: davethewave1
timestamps:
  login: 1507378513621
  lastteleport: 1507378540915
  logout: 1507365777993
ipAddress: 83.113.241.5
geolocation: France
lastlocation:
  world: survival112
  x: -15.103643642741876
  y: 63.5
  z: -21.607679207576485
  yaw: -126.29815
  pitch: 28.950006
godmode: false
teleportenabled: true
logoutlocation:
  world: survival112
  x: -15.275869608118285
  y: 66.15814676123665
  z: -21.47956419860103
  yaw: -128.09814
  pitch: 32.550007
