lastAccountName: 4ChanFox
timestamps:
  login: 1500857783388
  lastteleport: 1500858546129
  logout: 1500858593438
ipAddress: 173.187.209.178
geolocation: United States
lastlocation:
  world: greenfield
  x: -1714.1255825855142
  y: 70.0
  z: 139.7785479343327
  yaw: 82.064026
  pitch: -1.5099515
money: '0'
logoutlocation:
  world: greenfield
  x: -57.80636177798861
  y: 106.0
  z: -181.99332747490467
  yaw: -84.71424
  pitch: 32.264023
