geolocation: United States
lastAccountName: degradingdust
timestamps:
  login: 1503163372565
  lastteleport: 1503163435485
  logout: 1503163482723
ipAddress: 68.226.228.220
lastlocation:
  world: greenfield
  x: -1712.2485689667728
  y: 70.0
  z: 129.99453286234169
  yaw: 180.66606
  pitch: 14.841563
money: '0'
logoutlocation:
  world: greenfield
  x: -5.5
  y: 123.0625
  z: -198.5
  yaw: -6.0807123
  pitch: 4.8
