lastAccountName: Nubs7509
timestamps:
  login: 1509761109053
  lastteleport: 1509761519089
  logout: 1509761974880
ipAddress: 24.252.124.137
geolocation: United States
lastlocation:
  world: spawn
  x: 306.3263807827369
  y: 65.0
  z: -29.859299629853638
  yaw: 100.79094
  pitch: -1.5000001
godmode: false
teleportenabled: true
logoutlocation:
  world: survival112
  x: -116.5
  y: 71.0
  z: 79.5
  yaw: -7.050001
  pitch: 10.05
