lastAccountName: JustKas
timestamps:
  login: 1503167154579
  lastteleport: 1503170289102
  logout: 1503170711269
ipAddress: 71.182.234.11
geolocation: United States
lastlocation:
  world: survival112
  x: -2362.300000011921
  y: 63.0
  z: 2433.999759352476
  yaw: 300.1161
  pitch: 55.55831
godmode: false
teleportenabled: true
homes:
  home:
    world: infinitycity
    x: -651.6999999880791
    y: 137.0
    z: 49.479008997642914
    yaw: 278.182
    pitch: 36.74392
  base:
    world: survival112
    x: -2379.515025110849
    y: 100.5
    z: 2446.3172557753155
    yaw: 88.91965
    pitch: 89.69157
logoutlocation:
  world: greenfield
  x: -1.0520253175508052
  y: 124.0
  z: -199.3570381286395
  yaw: 149.65607
  pitch: 25.780222
money: '0'
afk: false
