geolocation: United States
lastAccountName: jacob2583
timestamps:
  login: 1500663867676
  logout: 1500664050232
ipAddress: 76.178.233.199
lastlocation:
  world: survival112
  x: -116.5
  y: 70.0
  z: 79.5
  yaw: 0.0
  pitch: 0.0
logoutlocation:
  world: greenfield
  x: -1706.9995446914897
  y: 70.0
  z: 135.61350231348774
  yaw: -74.93405
  pitch: 23.691565
money: '0'
