geolocation: United States
lastAccountName: WaterBender23
timestamps:
  login: 1495940198912
  lastteleport: 1495940395359
  logout: 1495940429824
ipAddress: 68.38.84.78
lastlocation:
  world: greenfield
  x: -5.686078381219528
  y: 123.0625
  z: -182.3860641182459
  yaw: 2.0192947
  pitch: 24.449991
logoutlocation:
  world: greenfield
  x: -5.699999988079073
  y: 74.0
  z: -191.12118038148108
  yaw: -178.1307
  pitch: 77.1
money: '0'
