lastAccountName: twiggestwall0
timestamps:
  login: 1500885877410
  logout: 1500885949154
ipAddress: 92.81.114.113
geolocation: Romania
lastlocation:
  world: survival112
  x: -116.5
  y: 70.0
  z: 79.5
  yaw: 0.0
  pitch: 0.0
logoutlocation:
  world: greenfield
  x: -1714.920360355895
  y: 70.0
  z: 141.11835783955823
  yaw: 63.516006
  pitch: -24.908426
money: '0'
