lastAccountName: Cheesy_Goat
timestamps:
  login: 1508544849977
  lastteleport: 1507947187892
  logout: 1508545387379
ipAddress: 97.86.137.240
geolocation: United States
lastlocation:
  world: spawn
  x: -50.63673104188749
  y: 24.0
  z: -85.57663275866778
  yaw: 272.8863
  pitch: 13.04995
godmode: false
teleportenabled: true
logoutlocation:
  world: anarchy
  x: -325.65488743392245
  y: 63.0
  z: 807.0207248625908
  yaw: 34.660034
  pitch: 13.35008
