geolocation: Germany
lastAccountName: LaBrittany
timestamps:
  login: 1493471987283
  logout: 1493472033453
ipAddress: 95.90.255.178
lastlocation:
  world: survival
  x: 86.5
  y: 91.0
  z: -109.5
  yaw: -180.32117
  pitch: 0.8999815
logoutlocation:
  world: greenfield
  x: -1714.3283781313437
  y: 70.0
  z: 146.67958317482035
  yaw: -204.96606
  pitch: 6.452278
money: '0'
