geolocation: Australia
lastAccountName: poobums
timestamps:
  login: 1507025494026
  logout: 1507026380779
  lastteleport: 1507026317247
ipAddress: 101.190.112.87
lastlocation:
  world: spawn
  x: 303.97214493728563
  y: 65.0
  z: -31.094050171045573
  yaw: -303.75943
  pitch: 2.850008
logoutlocation:
  world: survival112
  x: -161.3895004340237
  y: 60.0
  z: 133.6739793590972
  yaw: -328.28693
  pitch: -23.550045
godmode: false
teleportenabled: true
