geolocation: Turkey
lastAccountName: Alonedarkassasin
timestamps:
  login: 1497205374518
  lastteleport: 1497205457964
  logout: 1497205699620
ipAddress: 176.41.92.125
lastlocation:
  world: greenfield
  x: -1720.9543099175144
  y: 76.9931370059502
  z: 138.4085832289951
  yaw: 78.96605
  pitch: 2.091567
logoutlocation:
  world: greenfield
  x: -4.636719650929489
  y: 123.0
  z: -196.20943073605275
  yaw: 6.969287
  pitch: 7.650003
money: '0'
