lastAccountName: Errory
timestamps:
  login: 1496495666655
  lastteleport: 1496495719296
  logout: 1496495722025
ipAddress: 84.216.136.49
geolocation: Sweden
lastlocation:
  world: greenfield
  x: -1712.7372513507366
  y: 70.0
  z: 129.75643712597764
  yaw: 183.3681
  pitch: 10.491538
logoutlocation:
  world: greenfield
  x: -5.794031446847565
  y: 123.0625
  z: -195.7917063376422
  yaw: 6.369288
  pitch: 6.1500015
money: '0'
