lastAccountName: Breetalbee
timestamps:
  login: 1506504620902
  logout: 1506504689172
ipAddress: 60.229.66.83
geolocation: Australia
lastlocation:
  world: survival112
  x: -116.5
  y: 70.0
  z: 79.5
  yaw: 0.0
  pitch: 0.0
logoutlocation:
  world: greenfield
  x: 2.8091902575719403
  y: 69.0
  z: -165.39177272514735
  yaw: -13.098882
  pitch: 6.2149906
money: '0'
