lastAccountName: CptAutismo
timestamps:
  login: 1508563205058
  lastteleport: 1508564501007
  logout: 1508564744509
ipAddress: 173.29.168.0
geolocation: United States
lastlocation:
  world: spawn
  x: 304.46333676581423
  y: 65.0
  z: -29.972036128143518
  yaw: -258.14487
  pitch: 4.8306203
godmode: false
teleportenabled: true
logoutlocation:
  world: survival112
  x: -5.495248182658943
  y: 183.69008957309728
  z: -87.78863957034451
  yaw: -144.37982
  pitch: 35.97085
