geolocation: Korea, Republic of
lastAccountName: Beta_Joker
timestamps:
  login: 1509867243538
  lastteleport: 1509869270664
  logout: 1509869514710
ipAddress: 219.254.114.150
lastlocation:
  world: lexstarklabs
  x: -1.8625000119209292
  y: 59.0
  z: 34.69450219301422
  yaw: 280.62378
  pitch: 16.862486
logoutlocation:
  world: survival112
  x: -214.02545011367772
  y: 70.0
  z: 331.1851598150747
  yaw: 154.43542
  pitch: 16.272255
godmode: false
teleportenabled: true
