geolocation: United States
lastAccountName: T0x1qRxinb0wz
timestamps:
  login: 1503080262069
  lastteleport: 1503088497565
  logout: 1503088566316
ipAddress: 73.29.195.56
lastlocation:
  world: survival112
  x: 514.6939065940226
  y: 64.0
  z: 42.05029043041401
  yaw: -92.48218
  pitch: 20.770447
godmode: false
teleportenabled: true
money: '0'
logoutlocation:
  world: survival112
  x: 514.1079182352034
  y: 64.0
  z: 30.78696024973884
  yaw: 99.874115
  pitch: 5.454817
homes:
  home:
    world: survival112
    x: 511.85816365386796
    y: 63.5
    z: 31.88754049675187
    yaw: -179.9753
    pitch: 19.930088
  border:
    world: survival112
    x: -1277.7522865079716
    y: 63.0
    z: -2486.526575116102
    yaw: -64.84318
    pitch: 23.497667
afk: false
