lastAccountName: DallasClarke
timestamps:
  login: 1508312212386
  lastteleport: 1508312690450
  logout: 1508312742232
ipAddress: 101.183.102.127
geolocation: Australia
lastlocation:
  world: spawn
  x: 304.5762251303949
  y: 65.0
  z: -29.308971042585227
  yaw: -234.90482
  pitch: 4.822343
godmode: false
teleportenabled: true
logoutlocation:
  world: survival112
  x: -109.29228294966742
  y: 66.02442408821369
  z: 33.20772156382437
  yaw: 203.18774
  pitch: 15.883743
