geolocation: United States
lastAccountName: JakeJay_YT
timestamps:
  login: 1495162456843
  logout: 1495162538723
ipAddress: 70.139.226.117
lastlocation:
  world: survival
  x: 86.5
  y: 91.0
  z: -109.5
  yaw: -180.32117
  pitch: 0.8999815
logoutlocation:
  world: greenfield
  x: -1708.7378761099608
  y: 70.0
  z: 134.6842418179243
  yaw: -183.79358
  pitch: 13.091953
money: '0'
