geolocation: United States
lastAccountName: ArSeven
timestamps:
  login: 1502410461068
  lastteleport: 1502412624811
  lastheal: 1502412404888
  logout: 1502412812691
ipAddress: 68.5.123.170
lastlocation:
  world: greenfield
  x: -4.648704613793237
  y: 123.0
  z: -193.46983723962762
  yaw: -5.0306554
  pitch: 63.60002
godmode: false
teleportenabled: true
logoutlocation:
  world: lexstarklabs
  x: -8.733698252359947
  y: 63.0
  z: 16.02679809482948
  yaw: -183.64258
  pitch: 44.69998
money: '0'
