lastAccountName: Jbflame
timestamps:
  login: 1506284549522
  lastteleport: 1506289523083
  logout: 1506289574251
ipAddress: 73.136.247.51
geolocation: United States
godmode: false
lastlocation:
  world: elytrahard
  x: 0.30000001192093073
  y: 4.0
  z: 641.239271552622
  yaw: 109.049866
  pitch: -83.70006
logoutlocation:
  world: elytrahard
  x: 3.1332714317329824
  y: 135.26020816006292
  z: 769.4255987782476
  yaw: 154.19977
  pitch: 24.450039
money: '0'
