lastAccountName: KragenClaw
timestamps:
  login: 1509936686636
  lastteleport: 1509936924019
  logout: 1509936949145
ipAddress: 24.21.65.4
geolocation: United States
lastlocation:
  world: spawn
  x: 304.92580339900525
  y: 65.0
  z: -27.47063702400368
  yaw: -270.00903
  pitch: 0.45000514
godmode: false
teleportenabled: true
logoutlocation:
  world: plots
  x: 268.8349235605448
  y: 68.20000004768372
  z: 219.68939654824555
  yaw: -60.2112
  pitch: -1.2288
