geolocation: United States
lastAccountName: Mlkey
timestamps:
  login: 1502856272940
  logout: 1502856488271
ipAddress: 76.167.206.233
lastlocation:
  world: survival112
  x: -116.5
  y: 70.0
  z: 79.5
  yaw: 0.0
  pitch: 0.0
money: '0'
logoutlocation:
  world: greenfield
  x: -1724.3681809351665
  y: 76.0
  z: 145.85330694445312
  yaw: 26.508759
  pitch: 30.01821
