lastAccountName: techguy2727
timestamps:
  login: 1499881890946
  logout: 1499881982277
ipAddress: 99.92.90.60
geolocation: United States
lastlocation:
  world: survival112
  x: -116.5
  y: 70.0
  z: 79.5
  yaw: 0.0
  pitch: 0.0
logoutlocation:
  world: survival112
  x: -91.69999998807907
  y: 79.0
  z: 88.30000001192093
  yaw: -236.95073
  pitch: 16.559795
money: '0'
