geolocation: France
lastAccountName: flash68
timestamps:
  login: 1501785696633
  logout: 1501785864822
ipAddress: 88.185.14.23
lastlocation:
  world: survival112
  x: -116.5
  y: 70.0
  z: 79.5
  yaw: 0.0
  pitch: 0.0
logoutlocation:
  world: greenfield
  x: -1714.2142689893751
  y: 70.0
  z: 143.30000001192093
  yaw: -24.08398
  pitch: 14.541566
money: '0'
