geolocation: United States
lastAccountName: raseraa
timestamps:
  login: 1510102315498
  lastteleport: 1510102335939
  logout: 1510102343711
  lastheal: 1492875277606
ipAddress: 50.81.245.104
lastlocation:
  world: greenfield
  x: -37.565390286285684
  y: 69.0
  z: -190.7278418440119
  yaw: -58.936954
  pitch: 24.41495
logoutlocation:
  world: survival112
  x: -279.6008593955769
  y: 74.0
  z: -209.76994348986173
  yaw: 219.03482
  pitch: 6.5507755
godmode: false
teleportenabled: true
homes:
  home:
    world: survival112
    x: -277.6745157443785
    y: 74.0
    z: -211.45609181383097
    yaw: 79.74469
    pitch: 17.294239
  portal:
    world: survival
    x: 867.2473470776121
    y: 65.0
    z: -628.0404799748111
    yaw: -53.242958
    pitch: 6.0664625
  herp:
    world: survival112
    x: -268.0541172726583
    y: 65.0
    z: -327.5643777626519
    yaw: 244.6792
    pitch: 27.28813
money: '0'
afk: false
