geolocation: United States
lastAccountName: Waffles17649
timestamps:
  login: 1509136932945
  lastteleport: 1507945814079
  logout: 1509137214422
ipAddress: 76.167.178.169
lastlocation:
  world: classroom
  x: -4.5
  y: 99.0
  z: 0.5
  yaw: -91.62624
  pitch: 19.682322
godmode: false
teleportenabled: true
logoutlocation:
  world: lexstarklabs
  x: 19.957552961890684
  y: 58.999999994039534
  z: 11.948468628236165
  yaw: 280.1887
  pitch: -21.150011
