lastAccountName: DELUXEMLGBOSS
timestamps:
  login: 1502555019834
  logout: 1502555111175
ipAddress: 67.233.94.237
geolocation: United States
lastlocation:
  world: survival112
  x: -116.5
  y: 70.0
  z: 79.5
  yaw: 0.0
  pitch: 0.0
logoutlocation:
  world: greenfield
  x: -1719.3629026063602
  y: 69.0
  z: 175.937166986725
  yaw: 133.416
  pitch: -50.10842
money: '0'
