geolocation: United States
lastAccountName: HeroTheAssassin
timestamps:
  login: 1503332484389
  lastteleport: 1503332686232
  logout: 1503332963394
ipAddress: 69.122.119.230
lastlocation:
  world: deathrun
  x: -8.26598952595431
  y: 60.0
  z: 0.7874798879140217
  yaw: -16.950226
  pitch: -66.9
logoutlocation:
  world: titanstower
  x: -27.463896521030353
  y: 33.0
  z: 164.66106028676006
  yaw: -7.6499867
  pitch: -0.45000914
money: '0'
