geolocation: Brazil
lastAccountName: GavilykHD
timestamps:
  login: 1501537918814
  logout: 1501537961894
ipAddress: 189.114.233.255
lastlocation:
  world: survival112
  x: -116.5
  y: 70.0
  z: 79.5
  yaw: 0.0
  pitch: 0.0
logoutlocation:
  world: greenfield
  x: -1706.274339388776
  y: 70.0
  z: 142.98071004970302
  yaw: -150.08398
  pitch: 4.9415636
money: '0'
