lastAccountName: Tektronic
timestamps:
  login: 1509839890474
  logout: 1509839914819
ipAddress: 127.0.0.1
geolocation: N/A
lastlocation:
  world: survival112
  x: -116.5
  y: 70.0
  z: 79.5
  yaw: 0.0
  pitch: 0.0
logoutlocation:
  world: lexstarklabs
  x: -9.787974607991
  y: 59.0625
  z: 7.719102409957136
  yaw: -257.50912
  pitch: 16.255814
