geolocation: United States
lastAccountName: ItxFlash
timestamps:
  login: 1508551822249
  lastteleport: 1508551954521
  logout: 1508552013351
ipAddress: 68.174.178.17
lastlocation:
  world: lexstarklabs
  x: 0.7349000657366945
  y: 59.0
  z: -0.696744314786871
  yaw: -182.20927
  pitch: 0.055806383
godmode: false
teleportenabled: true
logoutlocation:
  world: spawn
  x: 316.53516904013577
  y: 65.0
  z: -25.546245571045958
  yaw: -272.85886
  pitch: 43.65
