lastAccountName: Lpxd
timestamps:
  login: 1498516338492
  lastteleport: 1498516803943
  logout: 1498516843324
ipAddress: 87.145.154.197
geolocation: Germany
lastlocation:
  world: spawn
  x: -2.1108156799452695
  y: 10.0
  z: 2.2713224584144323
  yaw: -4.5093036
  pitch: -7.1999855
money: '0'
logoutlocation:
  world: wooftywoo
  x: -438.501310761379
  y: 79.0
  z: 1165.025548369106
  yaw: 88.8
  pitch: 29.099968
