lastAccountName: bumblebeetle
timestamps:
  login: 1495230027748
  lastteleport: 1495230223585
  logout: 1495230253640
ipAddress: 156.34.209.93
geolocation: Canada
lastlocation:
  world: greenfield
  x: -5.34722041808594
  y: 124.0
  z: -179.5069621231649
  yaw: 11.169372
  pitch: 2.850005
logoutlocation:
  world: survival
  x: 119.95513609108966
  y: 77.0
  z: -234.66609796984093
  yaw: 112.93403
  pitch: -6.900005
money: '0'
