geolocation: United States
lastAccountName: StafezKKK
timestamps:
  login: 1508873657258
  logout: 1508873748634
ipAddress: 96.225.54.191
lastlocation:
  world: survival112
  x: -116.5
  y: 70.0
  z: 79.5
  yaw: 0.0
  pitch: 0.0
logoutlocation:
  world: lexstarklabs
  x: 2.0394279721349213
  y: 59.0625
  z: 34.33987295475245
  yaw: -46.009003
  pitch: 35.7558
