lastAccountName: mckayworldnjf
timestamps:
  login: 1499005997327
  lastteleport: 1499006302540
  logout: 1499006381366
ipAddress: 74.94.73.242
geolocation: United States
lastlocation:
  world: greenfield
  x: -1727.006983095841
  y: 69.0
  z: 173.6979143153876
  yaw: -259.78552
  pitch: 90.0
logoutlocation:
  world: greenfield
  x: -1726.074999988079
  y: 69.0
  z: 173.05001129727447
  yaw: -325.48535
  pitch: 10.640075
money: '0'
