lastAccountName: Frost_Paladin
timestamps:
  login: 1500663295206
  logout: 1500663465312
ipAddress: 207.32.16.134
geolocation: United States
lastlocation:
  world: survival112
  x: -116.5
  y: 70.0
  z: 79.5
  yaw: 0.0
  pitch: 0.0
money: '0'
logoutlocation:
  world: greenfield
  x: -1711.471060435436
  y: 70.0
  z: 144.06457774594296
  yaw: 19.116024
  pitch: 12.741553
