geolocation: United States
lastAccountName: Kookaburro
timestamps:
  login: 1500494931161
  logout: 1500495025783
ipAddress: 24.251.9.219
lastlocation:
  world: survival112
  x: -116.5
  y: 70.0
  z: 79.5
  yaw: 0.0
  pitch: 0.0
logoutlocation:
  world: greenfield
  x: -1714.0036709610908
  y: 70.0
  z: 140.48367158592728
  yaw: 92.42968
  pitch: 8.227491
money: '0'
