geolocation: United States
lastAccountName: _RollerBrawl_
timestamps:
  login: 1499386722530
  logout: 1499386781096
  lastteleport: 1498335963110
ipAddress: 108.35.10.22
lastlocation:
  world: survival112
  x: -119.5
  y: 71.0
  z: 77.5
  yaw: 0.0
  pitch: 0.0
logoutlocation:
  world: plots
  x: 816.3734970414738
  y: 69.74317126936853
  z: 94.27396542521895
  yaw: -16.800156
  pitch: 32.250023
godmode: false
money: '0'
