lastAccountName: saihtan15
timestamps:
  login: 1500480025601
  lastteleport: 1500480148210
  logout: 1500480244794
ipAddress: 77.251.35.84
geolocation: Netherlands
lastlocation:
  world: greenfield
  x: -1712.2335025713103
  y: 70.0
  z: 129.9281007630675
  yaw: 175.41557
  pitch: 24.89996
logoutlocation:
  world: greenfield
  x: -35.54694351159746
  y: 69.0
  z: -155.30000001192093
  yaw: -307.58078
  pitch: -5.1000047
money: '0'
