geolocation: United States
lastAccountName: gordions_knot
timestamps:
  login: 1499802324229
  lastteleport: 1499802230083
  logout: 1499802370083
ipAddress: 100.15.164.58
lastlocation:
  world: greenfield
  x: -4.656415305817558
  y: 123.0625
  z: -194.05912760365638
  yaw: 339.21927
  pitch: 17.549994
logoutlocation:
  world: greenfield
  x: -1725.6442820312157
  y: 70.0
  z: 144.58370765744488
  yaw: -276.28616
  pitch: 39.740047
money: '0'
