lastAccountName: ShadowSlayer34
timestamps:
  login: 1498073064993
  lastteleport: 1498073161325
  logout: 1498073170980
ipAddress: 99.122.63.0
geolocation: United States
lastlocation:
  world: greenfield
  x: -1712.287086982184
  y: 70.0
  z: 129.8499141057411
  yaw: -181.78596
  pitch: 14.690057
logoutlocation:
  world: greenfield
  x: -22.91299578248194
  y: 69.0
  z: -194.1173660046921
  yaw: 80.76929
  pitch: 23.549994
money: '0'
