lastAccountName: Krustay
timestamps:
  login: 1500875024613
  lastteleport: 1500876583365
  logout: 1500876766955
ipAddress: 82.36.64.173
geolocation: United Kingdom
lastlocation:
  world: hurdles
  x: 9.5
  y: 91.0
  z: -24.5
  yaw: -0.0022062152
  pitch: 24.29998
logoutlocation:
  world: spawn
  x: 0.23543605241443388
  y: 10.0
  z: -4.5805357210233275
  yaw: -103.298874
  pitch: 5.5652447
money: '0'
