lastAccountName: ShockCharger
timestamps:
  login: 1498837329436
  logout: 1498837507933
ipAddress: 24.189.232.45
geolocation: United States
lastlocation:
  world: survival112
  x: -116.5
  y: 70.0
  z: 79.5
  yaw: 0.0
  pitch: 0.0
logoutlocation:
  world: greenfield
  x: -1721.3850805475693
  y: 70.0
  z: 137.42994853248817
  yaw: 74.316
  pitch: 0.7415696
money: '0'
