lastAccountName: KaePlays
timestamps:
  login: 1509917341364
  lastteleport: 1509918073156
  logout: 1509918131161
ipAddress: 47.184.80.56
geolocation: United States
lastlocation:
  world: spawn
  x: 304.15974368386185
  y: 65.0
  z: -29.91294483210164
  yaw: -261.31952
  pitch: 2.984408
godmode: false
teleportenabled: true
logoutlocation:
  world: survival112
  x: 34.0368130158992
  y: 61.0
  z: 65.07773443088396
  yaw: 299.39087
  pitch: 11.992698
