lastAccountName: Cmon04
timestamps:
  login: 1510078801212
  lastteleport: 1509039826113
  logout: 1510079477739
ipAddress: 159.253.78.165
geolocation: United Kingdom
lastlocation:
  world: survival112
  x: -735.7753483992494
  y: 74.0
  z: 1889.5654717050331
  yaw: 161.82182
  pitch: 15.29992
godmode: false
teleportenabled: true
money: '0'
logoutlocation:
  world: lexstarklabs
  x: 0.5401374222885492
  y: 59.0625
  z: 35.69987777719448
  yaw: 278.2355
  pitch: 63.59999
homes:
  home:
    world: survival112
    x: -550.3000000119209
    y: 84.0
    z: 2348.761454749567
    yaw: 286.63342
    pitch: 8.400009
  prison:
    world: survival112
    x: -733.0677886275331
    y: 74.0
    z: 1888.300000011921
    yaw: -222.47812
    pitch: 23.249949
afk: false
