lastAccountName: aczavierlegault
timestamps:
  login: 1508588870175
  logout: 1508588908889
  lastteleport: 1504924876585
ipAddress: 99.240.197.164
geolocation: Canada
lastlocation:
  world: greenfield
  x: -5.300000011920929
  y: 124.08692408821369
  z: -179.63219072093239
  yaw: -7.4535136
  pitch: 40.252804
logoutlocation:
  world: survival112_nether
  x: 0.0
  y: 62.875
  z: 0.0
  yaw: -8.517029
  pitch: 33.147358
money: '0'
