geolocation: United States
lastAccountName: MakaAlbarn324
timestamps:
  login: 1504147988230
  logout: 1504148270454
ipAddress: 24.183.162.218
lastlocation:
  world: survival112
  x: -116.5
  y: 70.0
  z: 79.5
  yaw: 0.0
  pitch: 0.0
money: '0'
logoutlocation:
  world: lexstarklabs
  x: -0.05919722023756527
  y: 59.0
  z: 26.345812457193865
  yaw: 11.507263
  pitch: 62.100006
