lastAccountName: OpPanda99
timestamps:
  login: 1501845828237
  lastteleport: 1501845848863
  logout: 1501845854269
ipAddress: 31.209.99.67
geolocation: Cyprus
lastlocation:
  world: greenfield
  x: -4.8675971123008654
  y: 123.0625
  z: -193.61834689745535
  yaw: -87.16194
  pitch: 17.382042
logoutlocation:
  world: lexstarklabs
  x: 0.9920867048127091
  y: 59.0
  z: 24.180638533790948
  yaw: -0.3084514
  pitch: 14.513662
money: '0'
