lastAccountName: ItsYaBoiChair
timestamps:
  login: 1506370223762
  lastteleport: 1499282069717
  logout: 1506370231704
ipAddress: 208.96.184.126
geolocation: United States
lastlocation:
  world: survival112
  x: 78.15904937892682
  y: 72.0
  z: 506.20996099839505
  yaw: -270.29993
  pitch: 19.650002
money: '0'
homes:
  treehouse:
    world: survival112
    x: -911.8391888976137
    y: 72.0
    z: -2053.033438899203
    yaw: 272.1797
    pitch: 14.550058
  randomforest:
    world: survival112
    x: -61.76834868868388
    y: 72.0
    z: 221.28173566899
    yaw: -91.80006
    pitch: 12.599994
godmode: false
logoutlocation:
  world: survival112
  x: -897.8820264833074
  y: 74.0
  z: -2052.623107502245
  yaw: 257.0695
  pitch: 9.750027
afk: false
