lastAccountName: 64batsalex
timestamps:
  login: 1504030515329
  lastteleport: 1501734218572
  logout: 1504030701905
ipAddress: 67.80.166.65
geolocation: United States
lastlocation:
  world: survival112
  x: -1654.6937053394504
  y: 64.0
  z: -811.5738893851129
  yaw: -266.6879
  pitch: 24.450005
godmode: false
teleportenabled: true
money: '0'
logoutlocation:
  world: survival112
  x: -1653.8200936205462
  y: 63.0
  z: -794.3000000119209
  yaw: 162.00934
  pitch: 11.699999
afk: false
homes:
  home:
    world: survival112
    x: -1657.948612751406
    y: 64.0
    z: -809.6142692593786
    yaw: 145.51172
    pitch: 39.89998
