lastAccountName: Liamisms
timestamps:
  login: 1497410663157
  lastteleport: 1497411179234
  logout: 1497411359685
ipAddress: 73.252.62.189
geolocation: United States
lastlocation:
  world: greenfield
  x: -5.142718384485435
  y: 123.0625
  z: -193.79898552283575
  yaw: -71.93068
  pitch: 16.650017
logoutlocation:
  world: greenfield
  x: -1726.6845465414249
  y: 69.0
  z: 174.92500001192093
  yaw: 1.8125
  pitch: 26.840055
money: '0'
