geolocation: United States
lastAccountName: GhostSpider2
timestamps:
  login: 1498169724267
  logout: 1498169816888
ipAddress: 24.1.88.159
lastlocation:
  world: survival112
  x: -116.5
  y: 70.0
  z: 79.5
  yaw: 0.0
  pitch: 0.0
logoutlocation:
  world: greenfield
  x: -1722.1102802923426
  y: 70.0
  z: 137.5773835814749
  yaw: 1.7142334
  pitch: 8.250022
money: '0'
