geolocation: France
lastAccountName: Larico_Vert
timestamps:
  login: 1501531917570
  lastteleport: 1501532126460
  logout: 1501532129946
ipAddress: 81.66.69.56
lastlocation:
  world: greenfield
  x: -5.557286701883397
  y: 124.08692408821369
  z: -179.7108449218703
  yaw: 0.6688349
  pitch: 23.636145
logoutlocation:
  world: survival112
  x: -119.2215170822259
  y: 71.0
  z: 77.30000001192093
  yaw: -103.187164
  pitch: 13.11701
money: '0'
