lastAccountName: The11Doctor
timestamps:
  login: 1498171074676
  lastteleport: 1498171264186
  logout: 1498171322819
ipAddress: 68.33.73.213
geolocation: United States
lastlocation:
  world: greenfield
  x: -1712.8053996269712
  y: 70.0
  z: 128.85476301461424
  yaw: -177.13654
  pitch: 15.890047
money: '0'
logoutlocation:
  world: greenfield
  x: -6.1363356832677995
  y: 123.0625
  z: -183.32428616154553
  yaw: -11.6307335
  pitch: 26.250004
