geolocation: United States
lastAccountName: Starblazer057
timestamps:
  login: 1509924484478
  lastteleport: 1509925074056
  logout: 1509925129471
ipAddress: 173.169.202.94
lastlocation:
  world: speedforce
  x: -1.4979705458972603
  y: 80.0
  z: -183.77685918911024
  yaw: -172.65
  pitch: 3.9000006
money: '0'
godmode: false
teleportenabled: true
homes:
  thecrusaders:
    world: survival112
    x: -1647.092744467118
    y: 63.0
    z: -821.0121841606322
    yaw: -291.13947
    pitch: 18.300135
  home:
    world: survival112
    x: -1589.371152034119
    y: 52.0
    z: -757.5303400663121
    yaw: -273.1397
    pitch: -1.5000067
  house:
    world: survival112
    x: -461.5733240018286
    y: 63.0
    z: 698.2043346601997
    yaw: -164.34534
    pitch: 3.0000637
  job:
    world: survival112
    x: -2190.326544737718
    y: 63.0
    z: -2000.3478880540624
    yaw: 265.214
    pitch: 53.099964
logoutlocation:
  world: nyc
  x: -78.79104880415974
  y: 25.5
  z: -2616.300000011921
  yaw: -50.699768
  pitch: -28.799997
