geolocation: United States
lastAccountName: ChimaMan2013
timestamps:
  login: 1508193551319
  lastteleport: 1508113423301
  logout: 1508193573933
ipAddress: 38.66.7.153
lastlocation:
  world: plots
  x: 283.5186060820886
  y: 65.0
  z: 239.18171283139074
  yaw: -37.413086
  pitch: 2.5050092
godmode: false
teleportenabled: true
logoutlocation:
  world: spawn
  x: 328.79928392748496
  y: 65.0
  z: -25.876435741613864
  yaw: -79.15042
  pitch: 41.808243
