geolocation: United States
lastAccountName: JacobBoxHead
timestamps:
  login: 1502070314553
  logout: 1502071803963
  lastteleport: 1502070700879
ipAddress: 99.111.161.82
lastlocation:
  world: plots
  x: 278.0887273437448
  y: 89.73793029446512
  z: 217.28235255492478
  yaw: -47.892395
  pitch: 67.38629
logoutlocation:
  world: plots
  x: 337.3408384520784
  y: 65.0
  z: 397.2632768884974
  yaw: -188.50012
  pitch: -43.52879
money: '0'
