lastAccountName: SxcE_Bear
timestamps:
  login: 1507228803557
  lastteleport: 1507228426637
  logout: 1507228901761
ipAddress: 218.215.170.89
geolocation: Australia
lastlocation:
  world: lexstarklabs
  x: 6.890202237962045
  y: 59.0
  z: 1.82982645638972
  yaw: -290.66174
  pitch: 18.899975
godmode: false
teleportenabled: true
logoutlocation:
  world: nyc
  x: -655.8749594289424
  y: 25.0
  z: -1990.3759462837354
  yaw: -144.89996
  pitch: 11.100001
