geolocation: United States
lastAccountName: Rocket
timestamps:
  login: 1506557322793
  logout: 1506557554742
ipAddress: 69.125.100.170
lastlocation:
  world: survival112
  x: -116.5
  y: 70.0
  z: 79.5
  yaw: 0.0
  pitch: 0.0
logoutlocation:
  world: greenfield
  x: 54.98418378587972
  y: 71.0
  z: -331.142532450307
  yaw: -181.51164
  pitch: 10.367757
money: '0'
