lastAccountName: _HotDog123_
timestamps:
  login: 1509040443198
  lastteleport: 1509040730599
  logout: 1509040758885
ipAddress: 81.242.222.75
geolocation: Belgium
lastlocation:
  world: gotham
  x: 296.08942110299205
  y: 81.0
  z: 228.74316818052563
  yaw: 71.10015
  pitch: 26.55
godmode: false
teleportenabled: true
logoutlocation:
  world: atlantis
  x: -33.70102172007454
  y: 71.0
  z: -584.3365193326076
  yaw: 268.34985
  pitch: 37.05003
