geolocation: Vietnam
lastAccountName: LaMamanDeLibe
timestamps:
  login: 1501336770110
  logout: 1501336858256
  lastteleport: 1501336851035
ipAddress: 116.99.204.195
lastlocation:
  world: lexstarklabs
  x: 1.963140826788302
  y: 59.0
  z: -0.13193197944709095
  yaw: 121.45786
  pitch: 90.0
logoutlocation:
  world: greenfield
  x: -5.5
  y: 124.0
  z: -198.5
  yaw: -0.080712534
  pitch: 0.9000001
money: '0'
