lastAccountName: JamieAdams
timestamps:
  login: 1498580007347
  lastteleport: 1498580121605
  logout: 1498580225477
ipAddress: 82.42.97.184
geolocation: United Kingdom
lastlocation:
  world: greenfield
  x: -1727.111499359605
  y: 69.0
  z: 173.67029586259017
  yaw: -279.7354
  pitch: 19.190046
teleportenabled: true
logoutlocation:
  world: greenfield
  x: -1710.3637714548292
  y: 70.0
  z: 134.66308257901167
  yaw: -284.68597
  pitch: 5.2400117
money: '0'
