lastAccountName: James_Puzzele
timestamps:
  login: 1506858210063
  logout: 1506858257132
ipAddress: 74.88.160.228
geolocation: United States
lastlocation:
  world: survival112
  x: -116.5
  y: 70.0
  z: 79.5
  yaw: 0.0
  pitch: 0.0
logoutlocation:
  world: lexstarklabs
  x: 0.35253257444128394
  y: 59.0
  z: 19.636420375001595
  yaw: -358.1696
  pitch: 14.247943
