geolocation: Greece
lastAccountName: TehSouthana
timestamps:
  login: 1507124720252
  logout: 1507125064544
ipAddress: 94.69.16.199
lastlocation:
  world: survival112
  x: -116.5
  y: 70.0
  z: 79.5
  yaw: 0.0
  pitch: 0.0
logoutlocation:
  world: lexstarklabs
  x: -11.721827309113788
  y: 59.0
  z: 0.6665257947302827
  yaw: -182.20914
  pitch: -12.244184
