geolocation: United States
lastAccountName: drummertony
timestamps:
  login: 1508087548322
  lastteleport: 1508039869216
  logout: 1508087944794
ipAddress: 96.225.54.191
lastlocation:
  world: lexstarklabs
  x: 9.674680495899633
  y: -7236.665896926384
  z: 5.294858291888737
  yaw: 170.20776
  pitch: -14.400017
godmode: false
logoutlocation:
  world: lexstarklabs
  x: 16.141201652830976
  y: 59.0
  z: 30.806972474399807
  yaw: -204.31158
  pitch: 15.149994
afk: false
