geolocation: United States
lastAccountName: _yongbae__
timestamps:
  login: 1500171900909
  lastteleport: 1500172099312
  logout: 1500171871471
ipAddress: 75.142.27.178
lastlocation:
  world: greenfield
  x: -5.5
  y: 123.0625
  z: -198.5
  yaw: -38.180706
  pitch: 7.049995
logoutlocation:
  world: plots
  x: 175.83854175464543
  y: 65.0
  z: 205.1912978890935
  yaw: -83.09927
  pitch: 12.600078
godmode: false
money: '0'
