geolocation: United States
lastAccountName: VanillaDash2017
timestamps:
  login: 1500739320468
  lastteleport: 1500420450256
  logout: 1500739323467
ipAddress: 47.192.158.99
lastlocation:
  world: greenfield
  x: -5.5
  y: 124.0
  z: -198.5
  yaw: -0.080712534
  pitch: 0.9000001
godmode: false
teleportenabled: false
logoutlocation:
  world: overvoid
  x: -34.30000001192093
  y: 96.0
  z: 28.30000001192093
  yaw: 51.85787
  pitch: 28.802118
afk: false
money: '0'
homes:
  home:
    world: survival112
    x: 967.3486887998146
    y: 66.0
    z: 408.68846669057183
    yaw: -20.320251
    pitch: 21.241488
  base:
    world: survival112
    x: 967.6378739485963
    y: 66.0
    z: 409.15481474416816
    yaw: -327.5633
    pitch: 38.425125
