geolocation: Austria
lastAccountName: Vulcano2005
timestamps:
  login: 1501692843487
  lastteleport: 1501692926269
  logout: 1501692981985
ipAddress: 194.208.141.91
lastlocation:
  world: spawn
  x: 61.09526246624122
  y: 9.0
  z: 1.5612167937573327
  yaw: -102.60904
  pitch: 14.700006
logoutlocation:
  world: newminigamehub
  x: 52.77306143103939
  y: 102.0
  z: 27.32131520415433
  yaw: -141.0009
  pitch: 1.0500141
money: '0'
