geolocation: Germany
lastAccountName: 07julia07
timestamps:
  login: 1499454673413
  logout: 1499458496329
  lastteleport: 1499455412232
ipAddress: 217.255.207.93
lastlocation:
  world: greenfield
  x: -5.539014976463626
  y: 124.02442408821369
  z: -179.945197725435
  yaw: -2.480702
  pitch: 42.149998
money: '0'
