geolocation: United States
lastAccountName: melovepig
timestamps:
  login: 1501376282433
  logout: 1501376320933
ipAddress: 47.144.42.234
lastlocation:
  world: survival112
  x: -116.5
  y: 70.0
  z: 79.5
  yaw: 0.0
  pitch: 0.0
logoutlocation:
  world: greenfield
  x: -1717.1950040801294
  y: 70.0
  z: 134.20137941989174
  yaw: -27.36438
  pitch: 1.3958725
money: '0'
