geolocation: United States
lastAccountName: UnwantedKaos
timestamps:
  login: 1499237019864
  lastteleport: 1499237779498
  logout: 1499237787356
ipAddress: 146.115.234.49
lastlocation:
  world: greenfield
  x: -5.514841141618065
  y: 124.22860926093821
  z: -180.15297814581731
  yaw: -7.43071
  pitch: 5.249996
afk: false
logoutlocation:
  world: survival112
  x: -114.36091297037814
  y: 71.0
  z: 76.30000001192093
  yaw: -103.20001
  pitch: 6.600003
money: '0'
