geolocation: United States
lastAccountName: jerbaybayx
timestamps:
  login: 1510014641184
  logout: 1510014737763
ipAddress: 104.8.48.217
lastlocation:
  world: survival112
  x: -116.5
  y: 70.0
  z: 79.5
  yaw: 0.0
  pitch: 0.0
logoutlocation:
  world: lexstarklabs
  x: -14.794622725349946
  y: 59.0625
  z: 42.05165020382259
  yaw: 76.69089
  pitch: 17.905806
