lastAccountName: icook4funxx
timestamps:
  login: 1497907490855
  logout: 1497907562625
ipAddress: 24.1.88.159
geolocation: United States
lastlocation:
  world: survival112
  x: -116.5
  y: 70.0
  z: 79.5
  yaw: 0.0
  pitch: 0.0
logoutlocation:
  world: greenfield
  x: -1721.3914312013471
  y: 69.0
  z: 178.78758397700642
  yaw: 324.2166
  pitch: 4.9499784
money: '0'
