lastAccountName: Prcachu
timestamps:
  login: 1508970770735
  logout: 1508970791902
ipAddress: 96.225.54.191
geolocation: United States
lastlocation:
  world: survival112
  x: -116.5
  y: 70.0
  z: 79.5
  yaw: 0.0
  pitch: 0.0
logoutlocation:
  world: lexstarklabs
  x: 1.7960335590954264
  y: 59.0625
  z: 25.286981547630504
  yaw: -147.55894
  pitch: 21.65581
