geolocation: Canada
lastAccountName: 1Fedex
timestamps:
  login: 1495344159121
  lastteleport: 1493331977700
  logout: 1495344948931
ipAddress: 64.231.154.168
lastlocation:
  world: survival
  x: 92.20502132418301
  y: 77.0
  z: -89.20694272812565
  yaw: -197.87115
  pitch: 4.7999706
teleportenabled: true
logoutlocation:
  world: survival_the_end
  x: 0.5144385442643526
  y: 58.16214142102699
  z: 1.3613128758527953
  yaw: -138.60132
  pitch: 41.40001
godmode: false
money: '0'
