lastAccountName: Kaski_Yuk
timestamps:
  login: 1498258299176
  logout: 1498258368292
ipAddress: 142.177.215.93
geolocation: Canada
lastlocation:
  world: survival112
  x: -116.5
  y: 70.0
  z: 79.5
  yaw: 0.0
  pitch: 0.0
logoutlocation:
  world: greenfield
  x: -1712.6265041399965
  y: 70.0
  z: 149.81223288350245
  yaw: -1.5598414
  pitch: 80.72685
money: '0'
