lastAccountName: Mopar30
timestamps:
  login: 1508017244660
  lastteleport: 1508017411994
  logout: 1508017448013
ipAddress: 73.165.5.132
geolocation: United States
lastlocation:
  world: plots
  x: 286.7302199680761
  y: 65.0
  z: 206.37113945390362
  yaw: -117.30001
  pitch: 1.4999931
money: '0.20'
logoutlocation:
  world: chess
  x: 8.866077941518075
  y: 92.0
  z: -0.09946619427535233
  yaw: -79.51407
  pitch: 20.100035
