lastAccountName: alpark1391
timestamps:
  login: 1508180386081
  lastteleport: 1508183350673
  logout: 1508183484153
ipAddress: 73.160.224.145
geolocation: United States
lastlocation:
  world: spawn
  x: 305.2003813676162
  y: 65.0
  z: -29.24333473019196
  yaw: -246.15936
  pitch: 1.800015
godmode: false
teleportenabled: true
logoutlocation:
  world: survival112
  x: -225.1739620402902
  y: 136.22375524893368
  z: 561.1100496119134
  yaw: 81.45002
  pitch: -21.900003
