geolocation: United States
lastAccountName: Army_general
timestamps:
  login: 1495313324836
  logout: 1495313348026
ipAddress: 71.68.11.174
lastlocation:
  world: survival
  x: 86.5
  y: 91.0
  z: -109.5
  yaw: -180.32117
  pitch: 0.8999815
logoutlocation:
  world: greenfield
  x: -1712.5
  y: 70.0
  z: 130.5
  yaw: -0.8483851
  pitch: 20.387945
money: '0'
