geolocation: United Kingdom
lastAccountName: infernox175
timestamps:
  login: 1500297117433
  lastteleport: 1500297351458
  logout: 1500297391838
ipAddress: 77.98.186.95
lastlocation:
  world: greenfield
  x: -4.828672778706995
  y: 123.0625
  z: -193.34604824740555
  yaw: 346.8694
  pitch: 14.700007
logoutlocation:
  world: greenfield
  x: -1697.2372324094088
  y: 70.0
  z: 136.35222909365072
  yaw: 273.0138
  pitch: -74.55001
money: '0'
