lastAccountName: bradenchc
timestamps:
  login: 1503028272530
  lastteleport: 1502937094674
  logout: 1503028277096
ipAddress: 198.53.57.215
geolocation: Canada
lastlocation:
  world: greenfield
  x: -4.585755608041442
  y: 123.0625
  z: -193.76259163823102
  yaw: -20.93071
  pitch: 24.599998
logoutlocation:
  world: lexstarklabs
  x: 4.490390969695904
  y: 59.0
  z: 40.456373276482424
  yaw: 227.0588
  pitch: 11.650807
teleportenabled: true
money: '0'
