geolocation: United States
lastAccountName: u_pay_the_price
timestamps:
  login: 1503384830260
  lastteleport: 1503383630288
  logout: 1503387812370
ipAddress: 73.38.41.221
lastlocation:
  world: skywarslobby
  x: 14.370313849884255
  y: 78.0
  z: -2.678174064047824
  yaw: -93.969986
  pitch: 5.7072115
logoutlocation:
  world: skywars
  x: -0.5815643424103869
  y: -172.88993620635648
  z: 50.653463529306165
  yaw: 96.455055
  pitch: -72.14222
money: '0'
