geolocation: United States
lastAccountName: KingTristian
timestamps:
  login: 1509744089606
  lastteleport: 1508886878515
  logout: 1509744343901
ipAddress: 24.26.12.176
lastlocation:
  world: spawn
  x: 305.2726129702556
  y: 65.0
  z: -24.21807914152857
  yaw: -283.3591
  pitch: -0.74999875
godmode: false
teleportenabled: true
logoutlocation:
  world: lexstarklabs
  x: 5.699999988079071
  y: 59.0
  z: 15.300000011920929
  yaw: -1.2076492
  pitch: 20.850014
