geolocation: United States
lastAccountName: FlatTopFury
timestamps:
  login: 1501289944337
  logout: 1501290079077
ipAddress: 99.99.252.163
lastlocation:
  world: survival112
  x: -116.5
  y: 70.0
  z: 79.5
  yaw: 0.0
  pitch: 0.0
logoutlocation:
  world: greenfield
  x: -4.023992155917682
  y: 69.0
  z: -214.16906761907322
  yaw: 94.56947
  pitch: -32.69998
money: '0'
