geolocation: United States
lastAccountName: HunterPlayz210xx
timestamps:
  login: 1499709704945
  logout: 1499709939925
ipAddress: 172.112.171.143
money: '0'
logoutlocation:
  world: survival112
  x: -125.41867431351403
  y: 67.0
  z: 116.45708427675604
  yaw: 277.20026
  pitch: 52.950027
lastlocation:
  world: survival112
  x: -116.5
  y: 70.0
  z: 79.5
  yaw: 0.0
  pitch: 0.0
