geolocation: Australia
lastAccountName: TheAwfulDuck
timestamps:
  login: 1509268524375
  lastteleport: 1509269037380
  logout: 1509269188327
ipAddress: 124.188.202.121
lastlocation:
  world: survival112_nether
  x: -58.796270029924
  y: 36.11647904857933
  z: 73.33743123897563
  yaw: 60.825493
  pitch: 8.284831
godmode: false
teleportenabled: true
logoutlocation:
  world: broville
  x: 1120.2378333525623
  y: 77.40471867834819
  z: 838.3955579820162
  yaw: -102.24345
  pitch: 9.643211
