geolocation: United States
lastAccountName: CottenWind
timestamps:
  login: 1501727520834
  logout: 1501727587128
ipAddress: 68.227.45.236
lastlocation:
  world: survival112
  x: -116.5
  y: 70.0
  z: 79.5
  yaw: 0.0
  pitch: 0.0
logoutlocation:
  world: greenfield
  x: -1705.1281445539234
  y: 70.0
  z: 137.67062172281064
  yaw: 117.857475
  pitch: 23.863146
money: '0'
