geolocation: United States
lastAccountName: NaterTDM
timestamps:
  login: 1503269256598
  lastteleport: 1503270003529
  logout: 1503270016274
ipAddress: 74.207.171.210
lastlocation:
  world: extremesumo
  x: -14.067782547170957
  y: 12.0
  z: 6.73946834220755
  yaw: 110.70343
  pitch: 25.049994
money: '0'
logoutlocation:
  world: extremesumo
  x: -8.5
  y: 12.0
  z: 13.5
  yaw: -89.09662
  pitch: 15.599993
