lastAccountName: FightFire2525
timestamps:
  login: 1496601689271
  lastteleport: 1496601578611
  logout: 1496601833827
ipAddress: 68.172.233.34
geolocation: United States
lastlocation:
  world: greenfield
  x: -5.653170091114092
  y: 124.23925927506424
  z: -179.74078819077445
  yaw: 1.2693434
  pitch: 23.549994
logoutlocation:
  world: survival
  x: 83.99832545562171
  y: 83.0625
  z: -141.4604225713067
  yaw: -57.170837
  pitch: -9.600012
money: '0'
