lastAccountName: XxKipperxX
timestamps:
  login: 1499015059406
  lastteleport: 1499015157861
  logout: 1499023426852
ipAddress: 173.70.215.21
geolocation: United States
lastlocation:
  world: policeoffice
  x: -0.5
  y: 75.0
  z: 62.5
  yaw: 183.00824
  pitch: 12.600089
afk: false
logoutlocation:
  world: greenfield
  x: 145.3788042364843
  y: 91.0
  z: 17.262597332075778
  yaw: -126.59925
  pitch: -6.3379073
money: '0'
