geolocation: United States
lastAccountName: MillerTreat
timestamps:
  login: 1500029528404
  logout: 1500029557203
ipAddress: 72.224.174.193
lastlocation:
  world: survival112
  x: -116.5
  y: 70.0
  z: 79.5
  yaw: 0.0
  pitch: 0.0
logoutlocation:
  world: greenfield
  x: -1717.300000011921
  y: 69.0
  z: 173.11215038272817
  yaw: -287.93372
  pitch: 18.891628
money: '0'
