geolocation: United States
lastAccountName: HeroAlex02
timestamps:
  login: 1508688158952
  lastteleport: 1508688427143
  logout: 1508688449017
ipAddress: 75.140.196.76
lastlocation:
  world: spawn
  x: 304.65139036568945
  y: 65.0
  z: -30.364192303131603
  yaw: -260.11676
  pitch: 6.1520867
godmode: false
teleportenabled: true
logoutlocation:
  world: survival112
  x: -99.11953381562341
  y: 86.94420398066818
  z: 81.57855564914377
  yaw: -80.98667
  pitch: 36.58626
