geolocation: United States
lastAccountName: GuruGuruNS
timestamps:
  login: 1510113559511
  lastteleport: 1509419627494
  logout: 1510113591982
ipAddress: 108.72.48.171
lastlocation:
  world: lexstarklabs
  x: 0.7562684617662856
  y: 59.0625
  z: 28.76824049910603
  yaw: 181.78835
  pitch: 20.076986
logoutlocation:
  world: greenfield
  x: -47.908825716346726
  y: 132.5448811898982
  z: -381.8702170859312
  yaw: 181.0383
  pitch: 55.667744
money: '0'
godmode: false
teleportenabled: true
afk: false
homes:
  parentsplace:
    world: survival112
    x: 1872.221919966346
    y: 72.5
    z: -1081.107086459668
    yaw: 92.26122
    pitch: 70.34999
  office:
    world: plots
    x: 257.6963995916583
    y: 140.0
    z: 604.3000000119209
    yaw: 342.44638
    pitch: 70.16191
  supplies:
    world: survival112
    x: 506.40037095074126
    y: 64.0
    z: 102.02010248464804
    yaw: 332.46814
    pitch: -16.612488
