lastAccountName: leapman29
timestamps:
  login: 1508454164169
  lastteleport: 1508454283141
  logout: 1508454312794
ipAddress: 99.113.189.1
geolocation: United States
lastlocation:
  world: lexstarklabs
  x: 0.8908122267438159
  y: 59.0
  z: 0.06540728180400843
  yaw: -185.3584
  pitch: 5.249993
godmode: false
teleportenabled: true
logoutlocation:
  world: spawn
  x: 316.24706263442755
  y: 65.0
  z: -26.12279307798627
  yaw: 285.1408
  pitch: -4.199983
