lastAccountName: FlamingBlaze360
timestamps:
  login: 1509667817717
  logout: 1509669052114
  lastteleport: 1509669046629
ipAddress: 70.75.62.183
geolocation: Canada
lastlocation:
  world: plots
  x: 315.1165762982324
  y: 65.0
  z: 246.11152777182485
  yaw: -101.49096
  pitch: 14.970063
godmode: false
teleportenabled: true
logoutlocation:
  world: spawn
  x: 317.6631964422394
  y: 65.0
  z: -24.71668104152234
  yaw: -53.85898
  pitch: 16.350006
