geolocation: United Kingdom
lastAccountName: Pokepug123
timestamps:
  login: 1498761656905
  lastteleport: 1498762133795
  logout: 1498762310300
ipAddress: 86.156.22.30
lastlocation:
  world: greenfield
  x: -1712.6034008462489
  y: 70.0
  z: 129.8308366435689
  yaw: -170.68611
  pitch: 47.99007
money: '0'
logoutlocation:
  world: greenfield
  x: 412.69999998807907
  y: 75.90838247526102
  z: 96.41915468616344
  yaw: -86.63104
  pitch: 8.699993
