lastAccountName: LittleJakey
timestamps:
  login: 1508536573226
  lastteleport: 1508537566151
  logout: 1508537625129
ipAddress: 24.233.173.125
geolocation: United States
lastlocation:
  world: greenfield
  x: 20.31827212742111
  y: 4.715105365616447
  z: 137.18328099300982
  yaw: -180.01161
  pitch: 0.46778247
godmode: false
teleportenabled: true
logoutlocation:
  world: spawn
  x: 319.34211294170785
  y: 65.0
  z: -37.15325914321883
  yaw: -162.90918
  pitch: 5.84999
