lastAccountName: KoCeE
timestamps:
  login: 1496376982685
  lastteleport: 1496376808291
  logout: 1496377105539
ipAddress: 87.228.255.31
geolocation: Cyprus
lastlocation:
  world: greenfield
  x: -5.671330771268775
  y: 124.0
  z: -179.83971668302237
  yaw: -1.5807121
  pitch: 62.099987
logoutlocation:
  world: survival
  x: 94.10311388611528
  y: 74.0
  z: -303.6177876835711
  yaw: -163.51611
  pitch: 33.15001
money: '0'
