lastAccountName: DaBigPleb
timestamps:
  login: 1507351673181
  logout: 1507353016414
  lastteleport: 1507351810525
ipAddress: 139.216.177.137
geolocation: Australia
lastlocation:
  world: survival112
  x: 119.79651177609124
  y: 63.0
  z: 1856.3254310296852
  yaw: 160.29927
  pitch: 18.46936
godmode: false
teleportenabled: true
logoutlocation:
  world: lexstarklabs
  x: -15.09834026338602
  y: 59.0
  z: 13.174932830579296
  yaw: -14.55704
  pitch: 19.43049
homes:
  home:
    world: survival112
    x: 126.16421335107742
    y: 63.0
    z: 1852.1705911373492
    yaw: 86.69211
    pitch: 10.449211
