geolocation: Germany
lastAccountName: LeonBro
timestamps:
  login: 1502955296426
  lastteleport: 1502954987162
  logout: 1502955300280
ipAddress: 188.195.55.51
lastlocation:
  world: greenfield
  x: -4.623530735287986
  y: 123.0625
  z: -193.8508625595065
  yaw: 1.7192888
  pitch: 8.250003
logoutlocation:
  world: lexstarklabs
  x: 16.79476455484274
  y: 59.0
  z: 28.200938503424087
  yaw: 9.85812
  pitch: 2.800793
money: '0'
