lastAccountName: BubbleJCG
timestamps:
  login: 1509851715401
  lastteleport: 1509853326551
  lastheal: 1509310877052
  logout: 1509853694836
ipAddress: 24.44.210.37
geolocation: United States
lastlocation:
  world: lexstarklabs
  x: -0.26925927231414387
  y: 59.0625
  z: 35.56711778510362
  yaw: -18.011637
  pitch: 10.026987
godmode: false
teleportenabled: true
homes:
  home:
    world: survival112
    x: -35.058730127917954
    y: 116.0
    z: 211.56707254640952
    yaw: -89.03815
    pitch: 24.54639
logoutlocation:
  world: survival112
  x: -26.827776239952332
  y: 120.0
  z: 209.28337181143917
  yaw: -278.34058
  pitch: -11.400005
