geolocation: United States
lastAccountName: Bergerman7412
timestamps:
  login: 1501854850637
  logout: 1501855008241
ipAddress: 100.37.165.113
lastlocation:
  world: survival112
  x: -116.5
  y: 70.0
  z: 79.5
  yaw: 0.0
  pitch: 0.0
logoutlocation:
  world: greenfield
  x: -1712.5
  y: 70.0
  z: 130.5
  yaw: -0.53398514
  pitch: 2.391564
money: '0'
