geolocation: Turkey
lastAccountName: uguranitas
timestamps:
  login: 1507655846089
  lastteleport: 1507655863751
  logout: 1507655870892
ipAddress: 78.173.238.123
lastlocation:
  world: survival112
  x: -133.30268950155295
  y: 73.0
  z: 83.48959794798637
  yaw: -37.05003
  pitch: 4.800007
logoutlocation:
  world: spawn
  x: 327.86534135484095
  y: 65.5
  z: -26.497688134913485
  yaw: -73.659
  pitch: 11.400012
