lastAccountName: TaCo_Maverick
timestamps:
  login: 1509096662736
  logout: 1509096718044
ipAddress: 202.56.54.161
geolocation: New Zealand
lastlocation:
  world: survival112
  x: -116.5
  y: 70.0
  z: 79.5
  yaw: 0.0
  pitch: 0.0
logoutlocation:
  world: lexstarklabs
  x: 17.84622943358529
  y: 59.0625
  z: 16.57457105597457
  yaw: -356.01346
  pitch: 18.879179
