geolocation: Canada
lastAccountName: LionGoldKey
timestamps:
  login: 1508449558479
  lastteleport: 1494703039207
  logout: 1508449594951
ipAddress: 99.246.128.240
lastlocation:
  world: survival112
  x: -116.5
  y: 70.0
  z: 79.5
  yaw: 0.0
  pitch: 0.0
logoutlocation:
  world: lexstarklabs
  x: -9.134587152460242
  y: 59.0
  z: 8.274389551171458
  yaw: -82.758484
  pitch: -0.9941598
money: '0'
