lastAccountName: GreenArrowCW
timestamps:
  login: 1506676808033
  logout: 1506676979648
ipAddress: 68.224.230.68
geolocation: United States
lastlocation:
  world: survival112
  x: -116.5
  y: 70.0
  z: 79.5
  yaw: 0.0
  pitch: 0.0
logoutlocation:
  world: lexstarklabs
  x: 13.435797014324805
  y: 59.0
  z: 8.340471033700833
  yaw: -204.35852
  pitch: -1.0394676
