geolocation: United States
lastAccountName: commander_cade
timestamps:
  login: 1503863889445
  logout: 1503863935965
ipAddress: 72.213.2.206
lastlocation:
  world: survival112
  x: -116.5
  y: 70.0
  z: 79.5
  yaw: 0.0
  pitch: 0.0
logoutlocation:
  world: greenfield
  x: -1717.1739416593325
  y: 70.0
  z: 134.2994108572571
  yaw: 101.505035
  pitch: 21.689377
money: '0'
