geolocation: United Kingdom
lastAccountName: Kawaii_mudkip
timestamps:
  login: 1499875109744
  logout: 1499875234146
ipAddress: 86.13.63.223
lastlocation:
  world: survival112
  x: -116.5
  y: 70.0
  z: 79.5
  yaw: 0.0
  pitch: 0.0
logoutlocation:
  world: greenfield
  x: -1713.270900054663
  y: 70.0
  z: 141.16256735125046
  yaw: 218.20476
  pitch: 17.342093
money: '0'
