geolocation: United States
lastAccountName: Stopmo_Kole
timestamps:
  login: 1498274529863
  lastteleport: 1498274545794
  logout: 1498274626628
ipAddress: 68.44.157.196
lastlocation:
  world: greenfield
  x: -4.636766735697667
  y: 123.0625
  z: -194.75976640710783
  yaw: -1.8284978
  pitch: 3.984327
logoutlocation:
  world: greenfield
  x: -1723.2619011294798
  y: 70.0
  z: 139.6760266936077
  yaw: 97.667595
  pitch: -20.125517
money: '0'
