lastAccountName: ConcurrentFlame
timestamps:
  login: 1508114782413
  logout: 1508114812630
ipAddress: 96.225.54.191
geolocation: United States
lastlocation:
  world: survival112
  x: -116.5
  y: 70.0
  z: 79.5
  yaw: 0.0
  pitch: 0.0
logoutlocation:
  world: lexstarklabs
  x: 0.8462943724396905
  y: 59.0
  z: 6.803619829713746
  yaw: -309.2589
  pitch: -33.450005
