lastAccountName: Default_L
timestamps:
  login: 1507223914993
  lastteleport: 1507224624235
  logout: 1507224786430
ipAddress: 82.42.74.100
geolocation: United Kingdom
lastlocation:
  world: spawn
  x: 303.9768943913598
  y: 65.0
  z: -30.163082011922533
  yaw: -259.0587
  pitch: 10.649995
godmode: false
teleportenabled: true
logoutlocation:
  world: survival112
  x: -48.35559825982458
  y: 75.4653076444127
  z: -10.338869671942135
  yaw: 71.613106
  pitch: 67.199974
