lastAccountName: krimefighta
timestamps:
  login: 1499072207344
  logout: 1499072282471
  lastteleport: 1496240295520
ipAddress: 58.170.173.139
geolocation: Australia
lastlocation:
  world: survival112
  x: -116.5
  y: 70.0
  z: 79.5
  yaw: 0.0
  pitch: 0.0
logoutlocation:
  world: greenfield
  x: -1721.6446866435774
  y: 70.0
  z: 144.64727876988624
  yaw: 114.36609
  pitch: 0.7415516
teleportenabled: true
money: '0'
