lastAccountName: Thelonenderman
timestamps:
  login: 1498024662621
  logout: 1498024828376
  lastteleport: 1498024694209
ipAddress: 70.215.213.236
geolocation: United States
lastlocation:
  world: lavahop
  x: -1.5
  y: 59.0
  z: 10.5
  yaw: 176.84966
  pitch: 7.2460423
logoutlocation:
  world: survival112
  x: 501.12926348174057
  y: 76.86901312698934
  z: 474.2483943049696
  yaw: -59.339355
  pitch: 6.6210384
godmode: false
teleportenabled: true
money: '0'
homes:
  raid:
    world: survival112
    x: -241.0687059314138
    y: 97.36228834895667
    z: -277.6416510783122
    yaw: -5.8591795
    pitch: 45.167614
  home:
    world: survival112
    x: -245.84674454369392
    y: 67.0625
    z: -229.60482521625536
    yaw: -279.47424
    pitch: 58.284546
  jeb:
    world: survival112
    x: -263.87984078741357
    y: 76.18378434687544
    z: -211.1148262566999
    yaw: 271.2217
    pitch: 27.928156
