lastAccountName: GameTechnologies
timestamps:
  login: 1497990765091
  logout: 1497990908316
ipAddress: 213.118.107.52
geolocation: Belgium
lastlocation:
  world: survival112
  x: -116.5
  y: 70.0
  z: 79.5
  yaw: 0.0
  pitch: 0.0
logoutlocation:
  world: greenfield
  x: -6.945013520505016
  y: 69.0
  z: -216.46445384635652
  yaw: 156.51941
  pitch: 24.750002
money: '0'
