geolocation: United States
lastAccountName: 2kKing
timestamps:
  login: 1495999372909
  lastteleport: 1495999942590
  logout: 1496000183979
ipAddress: 67.84.204.161
lastlocation:
  world: survival
  x: -317.90550220018065
  y: 79.5275680652089
  z: 1124.3055299688922
  yaw: 45.35592
  pitch: 16.58126
godmode: false
teleportenabled: true
logoutlocation:
  world: greenfield
  x: -1701.3470296064893
  y: 70.0
  z: 142.69730057674383
  yaw: 79.87027
  pitch: 22.809126
money: '0'
