lastAccountName: 6019_TheGamerYT
timestamps:
  login: 1498672477748
  logout: 1498673363760
  lastteleport: 1498673032566
ipAddress: 71.28.195.231
geolocation: United States
lastlocation:
  world: greenfield
  x: -1712.5265156396426
  y: 70.0
  z: 130.09518652218568
  yaw: -182.18376
  pitch: 29.29104
logoutlocation:
  world: greenfield
  x: 117.81703651740173
  y: 78.0
  z: -275.69999998807907
  yaw: -197.29944
  pitch: 79.05722
afk: false
godmode: false
teleportenabled: true
money: '0'
