lastAccountName: 111KIckAss111
timestamps:
  login: 1501533266094
  lastteleport: 1501533294365
  logout: 1501533299556
ipAddress: 78.84.5.123
geolocation: Latvia
lastlocation:
  world: greenfield
  x: -4.747912053234274
  y: 123.0625
  z: -193.94608731679008
  yaw: -89.10973
  pitch: 12.110258
logoutlocation:
  world: lexstarklabs
  x: 0.5198356476612389
  y: 59.0
  z: 5.37355237686816
  yaw: 5.1262894
  pitch: -1.911321
money: '0'
