lastAccountName: _SansPlayz_
timestamps:
  login: 1500434398897
  lastteleport: 1500434448080
  logout: 1500434657681
ipAddress: 75.89.50.164
geolocation: United States
lastlocation:
  world: greenfield
  x: -1721.7550715481723
  y: 70.0
  z: 143.18509253637515
  yaw: -244.63599
  pitch: 13.1900625
logoutlocation:
  world: crossfire
  x: -47.63237186055785
  y: 72.0
  z: -27.457685613529126
  yaw: -270.7002
  pitch: 28.799984
money: '0'
