lastAccountName: JustDilano
timestamps:
  login: 1509739953933
  logout: 1509739986420
  lastteleport: 1509738875780
ipAddress: 81.206.219.90
geolocation: Netherlands
lastlocation:
  world: spawn
  x: 303.7087625544309
  y: 65.0
  z: -23.346768257427104
  yaw: -266.55798
  pitch: 9.548546
logoutlocation:
  world: lexstarklabs
  x: 0.18305116155426449
  y: 59.0625
  z: 16.486835671080264
  yaw: -16.615097
  pitch: 16.04505
godmode: false
teleportenabled: true
