lastAccountName: Smoke_2707
timestamps:
  login: 1496784250933
  lastteleport: 1496458084413
  logout: 1496784367954
ipAddress: 179.52.84.75
geolocation: Dominican Republic
lastlocation:
  world: greenfield
  x: -5.46000807569142
  y: 124.02442408821369
  z: -179.94503753516906
  yaw: -1.7305636
  pitch: 26.850014
logoutlocation:
  world: survival
  x: 77.77161693892943
  y: 63.0
  z: -209.80928695425337
  yaw: -160.5158
  pitch: 13.499923
money: '0'
