lastAccountName: creepy421
timestamps:
  login: 1504547240234
  lastteleport: 1504548066581
  logout: 1504548367314
ipAddress: 71.81.131.92
geolocation: United States
lastlocation:
  world: greenfield
  x: 124.64951785120529
  y: 63.0
  z: -265.4291716822679
  yaw: -111.38014
  pitch: 3.149998
godmode: false
logoutlocation:
  world: greenfield
  x: -466.0212653524613
  y: 79.0
  z: -242.4914373530899
  yaw: 50.76831
  pitch: 23.250017
money: '0'
