geolocation: United States
lastAccountName: PeanutTheButter
timestamps:
  login: 1501782689184
  lastteleport: 1501782711594
  logout: 1501782748473
ipAddress: 47.202.30.189
lastlocation:
  world: greenfield
  x: -5.303933909910554
  y: 124.08692408821369
  z: -179.72169368656822
  yaw: -3.8307014
  pitch: 21.14999
logoutlocation:
  world: survival112
  x: -119.5
  y: 71.0
  z: 77.5
  yaw: 0.0
  pitch: 0.0
money: '0'
