geolocation: United States
lastAccountName: CrafterNYC
timestamps:
  login: 1508595654268
  lastteleport: 1497908609583
  logout: 1508595691477
ipAddress: 100.12.236.135
lastlocation:
  world: greenfield
  x: -5.0133277617442555
  y: 123.0625
  z: -195.13164030067452
  yaw: -4.880711
  pitch: 6.7500014
logoutlocation:
  world: greenfield
  x: -1753.0955650164015
  y: 69.0
  z: 150.0877874295584
  yaw: -299.83667
  pitch: 1.3499763
money: '0'
