lastAccountName: CoolCandyCattt
timestamps:
  login: 1507654614357
  logout: 1507230638262
  lastheal: 1506867087273
  lastteleport: 1507656273059
ipAddress: 2.216.131.77
geolocation: United Kingdom
lastlocation:
  world: survival112_the_end
  x: 27.215003431035683
  y: 85.26203514645478
  z: -6.274279996077895
  yaw: 7.6891775
  pitch: 73.083984
money: '3.80'
godmode: false
teleportenabled: true
logoutlocation:
  world: lexstarklabs
  x: 0.44442023079563453
  y: 59.0
  z: 31.96834199531648
  yaw: -184.24295
  pitch: 33.33329
