lastlocation:
  world: survival112
  x: -205.59696671842818
  y: 71.0
  z: -111.50857994750001
  yaw: -39.899815
  pitch: 18.300001
geolocation: United Kingdom
lastAccountName: Purpl3Turtl3
timestamps:
  login: 1507998570939
  logout: 1507998725210
  lastteleport: 1507998614824
ipAddress: 2.120.86.12
logoutlocation:
  world: lexstarklabs
  x: -0.20809860252955267
  y: 59.0
  z: 42.7898511870228
  yaw: -121.96173
  pitch: 11.22696
godmode: false
teleportenabled: true
