lastAccountName: ElectricGelatin
timestamps:
  login: 1493247687365
  logout: 1493247781705
  lastteleport: 1493247756639
ipAddress: 74.134.8.242
geolocation: United States
logoutlocation:
  world: office
  x: 4.416858971900868
  y: 136.0
  z: 10.765573324335225
  yaw: 22.131601
  pitch: 18.226027
lastlocation:
  world: greenfield
  x: -48.18509090813734
  y: 110.0
  z: -193.24739303172294
  yaw: 97.15974
  pitch: 40.71406
money: '0'
