geolocation: United States
lastAccountName: 5up3rZ
timestamps:
  login: 1493344411724
  lastteleport: 1493344451842
  logout: 1493344455450
ipAddress: 72.204.249.66
lastlocation:
  world: greenfield
  x: -1712.501262769394
  y: 70.0
  z: 129.97653575797372
  yaw: -0.23398513
  pitch: 1.3415639
godmode: false
teleportenabled: true
logoutlocation:
  world: greenfield
  x: -1070.300000011921
  y: 69.0
  z: -53.88754109625505
  yaw: 129.7305
  pitch: 5.99998
money: '0'
homes:
  home:
    world: survival
    x: 1046.9159024990133
    y: 79.0
    z: -150.1183182797384
    yaw: 293.386
    pitch: 22.050076
afk: false
