geolocation: United States
lastAccountName: 8px
timestamps:
  login: 1501533734785
  logout: 1501533911915
ipAddress: 173.91.154.86
lastlocation:
  world: survival112
  x: -116.5
  y: 70.0
  z: 79.5
  yaw: 0.0
  pitch: 0.0
logoutlocation:
  world: greenfield
  x: -1711.5538680472841
  y: 70.0
  z: 135.14219203524968
  yaw: -340.61948
  pitch: 38.325676
money: '0'
