geolocation: Australia
lastAccountName: ImSorryHypixel
timestamps:
  login: 1500692534401
  lastteleport: 1500692740813
  logout: 1500692869525
ipAddress: 101.190.150.149
lastlocation:
  world: greenfield
  x: -4.970728455910983
  y: 123.0625
  z: -194.04389757180516
  yaw: -324.9678
  pitch: 20.22653
money: '0'
logoutlocation:
  world: greenfield
  x: 3.1274373876072734
  y: 124.0
  z: -179.66713927586807
  yaw: -158.23616
  pitch: 26.78949
