lastAccountName: TheDoffman
timestamps:
  login: 1500027060514
  lastteleport: 1500027072639
  logout: 1500027075577
ipAddress: 74.105.93.83
geolocation: United States
lastlocation:
  world: greenfield
  x: -1712.5028655818023
  y: 70.0
  z: 129.87311279119905
  yaw: -0.9839851
  pitch: 5.5415635
logoutlocation:
  world: greenfield
  x: -5.4965330211562105
  y: 123.0625
  z: -196.5641327537042
  yaw: 16.269287
  pitch: 7.05
money: '0'
