lastAccountName: lil_penguin362
timestamps:
  login: 1507937376474
  lastteleport: 1496356718985
  logout: 1507937406589
ipAddress: 67.174.0.146
geolocation: United States
lastlocation:
  world: survival112
  x: -116.5
  y: 70.0
  z: 79.5
  yaw: 0.0
  pitch: 0.0
logoutlocation:
  world: lexstarklabs
  x: -8.003014243753158
  y: 59.0
  z: -0.08357287826522769
  yaw: -356.65903
  pitch: 1.4058197
money: '0'
