lastAccountName: KekronPles
timestamps:
  login: 1507868578179
  logout: 1507868728435
ipAddress: 73.97.113.152
geolocation: United States
lastlocation:
  world: survival112
  x: -116.5
  y: 70.0
  z: 79.5
  yaw: 0.0
  pitch: 0.0
logoutlocation:
  world: lexstarklabs
  x: 2.2784774454658474
  y: 59.0
  z: 26.422383271836694
  yaw: 106.30796
  pitch: 7.150817
