geolocation: Switzerland
lastAccountName: FansMC
timestamps:
  login: 1503588219895
  lastheal: 1503588515549
  lastteleport: 1503589163977
  logout: 1503589315832
ipAddress: 46.127.32.16
lastlocation:
  world: lexstarklabs
  x: 0.012884021824482034
  y: 59.0
  z: -1.0169472569173474
  yaw: -185.13925
  pitch: 47.199142
godmode: false
teleportenabled: true
money: '0'
logoutlocation:
  world: greenfield
  x: 62.45429008515136
  y: 69.0
  z: -442.25261924946494
  yaw: 186.25798
  pitch: 75.366455
