geolocation: Israel
lastAccountName: palio
timestamps:
  login: 1493476119329
  lastteleport: 1493476524484
  logout: 1493476547083
ipAddress: 213.8.204.1
lastlocation:
  world: greenfield
  x: -5.050061635134274
  y: 123.0625
  z: -193.81198428540145
  yaw: -42.380714
  pitch: 32.250004
homes:
  home:
    world: greenfield
    x: -5.5
    y: 123.0
    z: -198.5
    yaw: -0.080712534
    pitch: 0.9000001
logoutlocation:
  world: greenfield
  x: -1697.906237754737
  y: 70.0
  z: 136.87608555189925
  yaw: -97.73399
  pitch: 21.300001
money: '0'
