geolocation: United States
lastAccountName: Potato_456
timestamps:
  login: 1494706166867
  lastteleport: 1494706917065
  logout: 1494706967617
ipAddress: 38.110.40.29
lastlocation:
  world: greenfield
  x: -5.506482938188128
  y: 123.0
  z: -200.39955860221005
  yaw: -180.38074
  pitch: 46.499992
logoutlocation:
  world: spawn
  x: 0.5
  y: 10.0
  z: 0.5
  yaw: -134.70929
  pitch: 34.5
money: '0'
