geolocation: United States
lastAccountName: Booshaball
timestamps:
  login: 1509054907532
  lastteleport: 1502740991985
  logout: 1509054982832
ipAddress: 45.24.7.116
lastlocation:
  world: deathdrop
  x: -0.4597235720025379
  y: 1.0
  z: -28.856568267705846
  yaw: -115.04998
  pitch: 7.8000097
logoutlocation:
  world: deathdrop
  x: 0.5
  y: 253.0
  z: 3.5
  yaw: -179.84975
  pitch: 6.900001
money: '0'
