lastAccountName: PenarieArie
timestamps:
  login: 1508433203952
  lastteleport: 1508433746043
  logout: 1508433965238
ipAddress: 86.95.35.122
geolocation: Netherlands
lastlocation:
  world: spawn
  x: 304.0817004451397
  y: 65.0
  z: -30.237953579375837
  yaw: -262.05853
  pitch: 8.7000065
godmode: false
teleportenabled: true
logoutlocation:
  world: survival112
  x: -117.94399165191246
  y: 94.7345444153987
  z: -69.17212744508618
  yaw: -226.13864
  pitch: 45.846245
