geolocation: Denmark
lastAccountName: KFK2
timestamps:
  login: 1502438078971
  lastteleport: 1502438168667
  logout: 1502438229221
ipAddress: 152.115.82.74
lastlocation:
  world: greenfield
  x: -4.559506417725224
  y: 123.0625
  z: -193.6658402289903
  yaw: -10.580712
  pitch: 3.0
money: '0'
logoutlocation:
  world: lexstarklabs
  x: 16.532798405000243
  y: 59.0
  z: 42.433467636735365
  yaw: 16.00794
  pitch: 13.15078
