lastAccountName: HjorthDK
timestamps:
  login: 1506271423936
  lastteleport: 1506271438095
  logout: 1506271630543
ipAddress: 80.162.204.252
geolocation: Denmark
lastlocation:
  world: greenfield
  x: -24.653034119070405
  y: 69.0
  z: -220.8806224990161
  yaw: -180.1616
  pitch: 8.417782
teleportenabled: true
logoutlocation:
  world: lexstarklabs
  x: -1.0139256484182912
  y: 59.0
  z: 40.06178149866312
  yaw: -154.99278
  pitch: 12.8508005
money: '0'
