geolocation: United States
lastAccountName: Herobrines2ndSon
timestamps:
  login: 1509237690913
  lastteleport: 1509238781585
  logout: 1509238885580
ipAddress: 50.53.35.252
lastlocation:
  world: spawn
  x: 305.5638191772972
  y: 65.0
  z: -29.655177897915962
  yaw: -251.559
  pitch: 6.750008
godmode: false
teleportenabled: true
logoutlocation:
  world: survival112
  x: -132.8545371740781
  y: 78.61808549307872
  z: 32.74772788193829
  yaw: 32.763
  pitch: 53.70003
money: '0'
afk: false
homes:
  home:
    world: nyc
    x: -823.007031117084
    y: 28.0
    z: -2275.300000011921
    yaw: 177.60358
    pitch: 19.04969
  home2:
    world: survival112
    x: 497.50512878029525
    y: 64.20000004768374
    z: 416.35814651343594
    yaw: 305.2479
    pitch: 38.999996
