geolocation: Netherlands
lastAccountName: Loganscomputer
timestamps:
  login: 1498326407422
  logout: 1498326446138
ipAddress: 82.72.53.207
lastlocation:
  world: survival112
  x: -116.5
  y: 70.0
  z: 79.5
  yaw: 0.0
  pitch: 0.0
logoutlocation:
  world: greenfield
  x: -1702.9341813934013
  y: 70.0
  z: 136.1075475842061
  yaw: 260.56042
  pitch: 5.2369967
money: '0'
