lastAccountName: ITS_LIT2430
timestamps:
  login: 1498272614139
  lastteleport: 1498272731056
  logout: 1498272864925
ipAddress: 76.174.32.191
geolocation: United States
lastlocation:
  world: greenfield
  x: -5.150914476647729
  y: 123.0625
  z: -193.4789775334066
  yaw: -3.0807126
  pitch: 2.8500004
logoutlocation:
  world: greenfield
  x: -1725.135789587275
  y: 70.0
  z: 134.5895482054898
  yaw: -83.53616
  pitch: -0.45995912
money: '0'
