geolocation: United States
lastAccountName: Budders7505
timestamps:
  login: 1497043455604
  logout: 1497043633071
ipAddress: 73.57.185.74
lastlocation:
  world: survival112
  x: -116.5
  y: 70.0
  z: 79.5
  yaw: 0.0
  pitch: 0.0
logoutlocation:
  world: greenfield
  x: -1720.4289932594934
  y: 70.0
  z: 141.28481867693645
  yaw: 67.26602
  pitch: 16.041563
money: '0'
