geolocation: United States
lastAccountName: ENALLEY33
timestamps:
  login: 1500432274563
  lastteleport: 1500432154190
  logout: 1500432407098
ipAddress: 107.142.200.225
lastlocation:
  world: spawn
  x: 5.3551491270598515
  y: 10.0
  z: 1.5758924041842484
  yaw: -125.40936
  pitch: 8.25
money: '0'
teleportenabled: true
logoutlocation:
  world: greenfield
  x: -1705.3516337623166
  y: 70.0
  z: 145.2539020795539
  yaw: -110.98654
  pitch: 0.8999947
