geolocation: Spain
lastAccountName: EstheryGamer457
timestamps:
  login: 1503851646674
  lastteleport: 1503851935452
  logout: 1503852006135
ipAddress: 62.43.156.147
lastlocation:
  world: survival112
  x: -5.580627938520783
  y: 66.0
  z: 44.581759159918505
  yaw: 24.74945
  pitch: 10.350108
logoutlocation:
  world: spawn
  x: 0.1799884059150818
  y: 10.0
  z: -6.106627127518382
  yaw: -177.1593
  pitch: 3.4500227
money: '0'
