lastAccountName: GAELMARTIN
timestamps:
  login: 1509876177897
  logout: 1509876428407
ipAddress: 88.191.161.47
geolocation: France
lastlocation:
  world: survival112
  x: -116.5
  y: 70.0
  z: 79.5
  yaw: 0.0
  pitch: 0.0
logoutlocation:
  world: lexstarklabs
  x: -11.55369907491113
  y: 59.0625
  z: 0.5310587400747906
  yaw: -191.35924
  pitch: 19.855787
