geolocation: United States
lastAccountName: ANTI_TBNRfrags
timestamps:
  login: 1495246099779
  logout: 1495246134816
ipAddress: 71.81.42.206
lastlocation:
  world: survival
  x: 86.5
  y: 91.0
  z: -109.5
  yaw: -180.32117
  pitch: 0.8999815
logoutlocation:
  world: greenfield
  x: -1713.0524049996498
  y: 70.0
  z: 138.4170870396636
  yaw: 73.26602
  pitch: -2.4084358
money: '0'
