lastAccountName: FYFCSPITFIRE9
timestamps:
  login: 1500573197556
  lastteleport: 1500573507882
  logout: 1500573637374
ipAddress: 79.70.48.154
geolocation: United Kingdom
lastlocation:
  world: greenfield
  x: -2.270850029027766
  y: 118.0
  z: -185.8963729620346
  yaw: 95.6193
  pitch: 15.29999
money: '0'
logoutlocation:
  world: plots
  x: 334.2704360212837
  y: 66.62530253314092
  z: 206.1117794722945
  yaw: -241.19998
  pitch: 45.30006
