lastAccountName: Jel_blazer
timestamps:
  login: 1508934749185
  logout: 1508934802143
ipAddress: 82.7.135.23
geolocation: United Kingdom
lastlocation:
  world: survival112
  x: -116.5
  y: 70.0
  z: 79.5
  yaw: 0.0
  pitch: 0.0
logoutlocation:
  world: lexstarklabs
  x: -1.3479537320689352
  y: 59.0
  z: 38.463828471290064
  yaw: -115.458984
  pitch: 11.005825
