lastAccountName: basil__616
timestamps:
  login: 1498330502390
  lastteleport: 1498329943616
  logout: 1498330628742
ipAddress: 79.71.177.79
geolocation: United Kingdom
lastlocation:
  world: greenfield
  x: -5.470914687294697
  y: 124.02442408821369
  z: -179.95179819101023
  yaw: -11.330724
  pitch: 42.749996
logoutlocation:
  world: survival112
  x: -144.90295449709996
  y: 71.0
  z: 145.61082221968192
  yaw: 309.75015
  pitch: -27.599998
money: '0'
