lastAccountName: DevinKill
timestamps:
  login: 1509855259226
  logout: 1509855265074
  lastteleport: 1509846233206
ipAddress: 127.0.0.1
geolocation: N/A
lastlocation:
  world: lexstarklabs
  x: -15.773896035222894
  y: 59.0625
  z: 20.549694039253794
  yaw: 298.55594
  pitch: 2.8499992
logoutlocation:
  world: spawn
  x: 316.09376877394124
  y: 65.0
  z: -14.867765678939676
  yaw: 202.94113
  pitch: 18.899982
