lastAccountName: BenTheBoy
timestamps:
  login: 1509755311177
  logout: 1509755551670
  lastteleport: 1509755527781
ipAddress: 67.162.141.156
geolocation: United States
lastlocation:
  world: spawn
  x: 307.0987441092474
  y: 65.0
  z: -18.421223322072315
  yaw: -340.72342
  pitch: 1.3928638
logoutlocation:
  world: spawn
  x: 306.7209081919409
  y: 65.0
  z: -19.769284230461967
  yaw: 48.84828
  pitch: 1.7999856
godmode: false
teleportenabled: true
homes:
  home:
    world: survival112
    x: -142.23429698834798
    y: 63.0
    z: 113.69999998807907
    yaw: 17.44286
    pitch: 8.485727
