lastAccountName: Juju30220
timestamps:
  login: 1501536238627
  lastteleport: 1501531105898
  logout: 1501536283640
ipAddress: 78.208.195.135
geolocation: France
lastlocation:
  world: greenfield
  x: -4.567164873870516
  y: 123.0625
  z: -194.00748475114446
  yaw: -14.180711
  pitch: 7.3500004
logoutlocation:
  world: lexstarklabs
  x: 2.935195464650562
  y: 59.0
  z: 41.31946709254789
  yaw: 318.708
  pitch: 24.600016
money: '0'
