geolocation: United States
lastAccountName: SlicedBread12
timestamps:
  login: 1502487452892
  logout: 1502487863625
  lastteleport: 1502487804037
ipAddress: 184.55.4.191
lastlocation:
  world: greenfield
  x: -1712.574175059159
  y: 70.0
  z: 129.9921709158435
  yaw: 184.716
  pitch: 37.341583
logoutlocation:
  world: greenfield
  x: -10.310196192115333
  y: 123.0
  z: -196.2690732246093
  yaw: -89.73393
  pitch: 49.533566
money: '0'
