geolocation: United States
lastAccountName: dillybar456
timestamps:
  login: 1505844239192
  logout: 1505844424233
ipAddress: 98.203.131.56
lastlocation:
  world: survival112
  x: -116.5
  y: 70.0
  z: 79.5
  yaw: 0.0
  pitch: 0.0
logoutlocation:
  world: lexstarklabs
  x: -14.19888861597479
  y: 59.0
  z: 25.01950811226726
  yaw: 287.35785
  pitch: -0.049221564
money: '0'
