geolocation: United States
lastAccountName: DylanMinerS
timestamps:
  login: 1497804391296
  logout: 1497804544174
  lastteleport: 1497804463560
ipAddress: 74.97.17.107
lastlocation:
  world: greenfield
  x: -5.432600467586386
  y: 124.0
  z: -179.35441350602662
  yaw: -5.6304016
  pitch: 7.650081
money: '0'
logoutlocation:
  world: survival112
  x: -119.00104362199028
  y: 72.0
  z: 79.30000001192093
  yaw: 95.99981
  pitch: 11.550041
