geolocation: United States
lastAccountName: TheFriends4
timestamps:
  login: 1499089695394
  lastteleport: 1498943030069
  logout: 1499090097722
ipAddress: 73.206.7.13
lastlocation:
  world: greenfield
  x: -5.60039475373759
  y: 124.22860926093821
  z: -179.8445357479518
  yaw: -0.23071243
  pitch: 34.349995
teleportenabled: true
logoutlocation:
  world: survival112
  x: -124.16346077666049
  y: 59.0
  z: 105.94171850457809
  yaw: -331.6504
  pitch: 43.500027
money: '0'
