lastAccountName: SoroKirii
timestamps:
  login: 1502817873997
  lastteleport: 1502817897281
  logout: 1502818155861
ipAddress: 121.7.100.64
geolocation: Singapore
lastlocation:
  world: newminigamehub
  x: 0.9358477266516252
  y: 95.0
  z: -18.48712816134927
  yaw: -269.01398
  pitch: 2.7932088
money: '0'
logoutlocation:
  world: survival112
  x: -3.347413952390055
  y: 68.0
  z: 163.95208143394728
  yaw: 39.556396
  pitch: 15.395796
