lastAccountName: KingCactus28
timestamps:
  login: 1508700768810
  logout: 1508700935588
  lastteleport: 1508700643203
ipAddress: 184.89.208.81
geolocation: United States
lastlocation:
  world: spawn
  x: 325.16569314442705
  y: 66.0
  z: -26.039285915614407
  yaw: 55.542747
  pitch: 22.686466
logoutlocation:
  world: greenfield
  x: 49.51235322962075
  y: 62.0
  z: -387.9402491841465
  yaw: -155.1517
  pitch: 9.212454
godmode: false
teleportenabled: true
