lastAccountName: RottenFresh78
timestamps:
  login: 1494175529120
  logout: 1494175829006
  lastteleport: 1494175823389
ipAddress: 99.199.59.188
geolocation: Canada
lastlocation:
  world: policeoffice
  x: -6.79333996902272
  y: 75.0
  z: 63.21790215052999
  yaw: 3.1575928
  pitch: 59.999992
logoutlocation:
  world: policeoffice
  x: -0.693647681457608
  y: 75.0625
  z: 62.91790299552257
  yaw: -190.799
  pitch: 14.849971
money: '0'
