lastAccountName: OsamhMinecraft
timestamps:
  login: 1506797237504
  logout: 1506797267637
ipAddress: 151.255.20.224
geolocation: Saudi Arabia
lastlocation:
  world: survival112
  x: -116.5
  y: 70.0
  z: 79.5
  yaw: 0.0
  pitch: 0.0
logoutlocation:
  world: lexstarklabs
  x: -11.552217476318228
  y: 59.0
  z: 8.479641377917677
  yaw: -266.36954
  pitch: 26.397947
