lastAccountName: BqsicallySevi
timestamps:
  login: 1496595695904
  lastteleport: 1496595738397
  logout: 1496595827913
ipAddress: 173.35.236.11
geolocation: Canada
lastlocation:
  world: greenfield
  x: -1712.2056109606751
  y: 70.0
  z: 129.9885511086319
  yaw: -176.33401
  pitch: 7.041569
logoutlocation:
  world: greenfield
  x: 0.8358184957619137
  y: 124.0
  z: -203.0855378592938
  yaw: -260.4807
  pitch: 20.249998
money: '0'
