geolocation: Australia
lastAccountName: ImCute6776
timestamps:
  login: 1498546695870
  logout: 1498546728057
ipAddress: 101.184.12.93
lastlocation:
  world: greenfield
  x: -5.6486341676955965
  y: 123.0
  z: -201.15396596873026
  yaw: -183.0807
  pitch: 52.949997
logoutlocation:
  world: spawn
  x: 0.5
  y: 10.0
  z: 0.5
  yaw: -178.6593
  pitch: 1.3499979
money: '0'
