geolocation: Netherlands
lastAccountName: Ridon
timestamps:
  login: 1507659368225
  logout: 1507659450425
  lastteleport: 1507659409244
ipAddress: 145.53.78.166
lastlocation:
  world: greenfield
  x: 36.69955264842055
  y: 69.0
  z: -262.97113272918966
  yaw: -91.36166
  pitch: 2.2677817
logoutlocation:
  world: lexstarklabs
  x: 5.482015155001921
  y: 63.0
  z: 36.53338274260709
  yaw: -39.911655
  pitch: 5.976972
godmode: false
teleportenabled: true
