geolocation: United Kingdom
lastAccountName: Poke__J
timestamps:
  login: 1507405305569
  logout: 1507405439274
ipAddress: 86.182.158.1
lastlocation:
  world: survival112
  x: -116.5
  y: 70.0
  z: 79.5
  yaw: 0.0
  pitch: 0.0
logoutlocation:
  world: lexstarklabs
  x: -0.06277506368495583
  y: 59.0
  z: 15.584474407830278
  yaw: -188.65906
  pitch: 15.055807
