geolocation: United States
lastAccountName: EdwardNygma_
timestamps:
  login: 1509034284149
  logout: 1509034295934
  lastteleport: 1505658121644
ipAddress: 209.6.119.188
lastlocation:
  world: greenfield
  x: 623.6999999880791
  y: 61.352656486631325
  z: -1873.7977499073238
  yaw: -48.376625
  pitch: 1.7999294
godmode: false
teleportenabled: true
logoutlocation:
  world: spawn
  x: 2.409886722758829
  y: 10.0
  z: 4.372896814091627
  yaw: 2.840584
  pitch: 31.199928
money: '0'
afk: false
homes:
  home:
    world: survival112
    x: -254.50250706932894
    y: 65.0
    z: -323.79717649402915
    yaw: -337.65387
    pitch: 14.249965
  k:
    world: greenfield
    x: -1731.5
    y: 74.0
    z: 233.5
    yaw: -212.53586
    pitch: 38.99005
