lastAccountName: blaziken_10
timestamps:
  login: 1496470734968
  lastteleport: 1496471199064
  logout: 1496471433823
ipAddress: 203.196.40.242
geolocation: Australia
lastlocation:
  world: greenfield
  x: -5.481989658994686
  y: 124.0
  z: -180.09620939451784
  yaw: -2.779431
  pitch: 12.274164
logoutlocation:
  world: survival
  x: 83.87443393310828
  y: 72.0
  z: -204.23944221073637
  yaw: 65.80701
  pitch: 24.9696
money: '0'
