lastAccountName: TitanTheSloth
timestamps:
  login: 1508347442169
  logout: 1508347472321
ipAddress: 174.218.135.82
geolocation: United States
lastlocation:
  world: survival112
  x: -116.5
  y: 70.0
  z: 79.5
  yaw: 0.0
  pitch: 0.0
logoutlocation:
  world: lexstarklabs
  x: 17.56901858819404
  y: 59.0
  z: 38.24138317037614
  yaw: 2.95813
  pitch: 7.4507785
afk: false
