geolocation: Portugal
lastAccountName: Coldester
timestamps:
  login: 1504558403352
  logout: 1504558605306
ipAddress: 79.169.56.34
lastlocation:
  world: survival112
  x: -116.5
  y: 70.0
  z: 79.5
  yaw: 0.0
  pitch: 0.0
logoutlocation:
  world: lexstarklabs
  x: 17.303164829292925
  y: 59.0
  z: 42.8520035152989
  yaw: 35.80783
  pitch: -10.099232
money: '0'
