lastAccountName: officialfuzz
timestamps:
  login: 1509931986620
  lastteleport: 1509932324680
  logout: 1509932338333
ipAddress: 172.250.73.161
geolocation: United States
lastlocation:
  world: theworldroom
  x: -5.6742309249347995
  y: 100.0
  z: -4.757335102906968
  yaw: 156.14857
  pitch: 7.959586
logoutlocation:
  world: spawn
  x: 318.59865512163117
  y: 65.0
  z: -25.4040620319322
  yaw: -355.86392
  pitch: 10.636173
