lastAccountName: CanadianFoxeh
timestamps:
  login: 1500136563268
  lastteleport: 1500136652617
  logout: 1500136816212
ipAddress: 81.24.248.1
geolocation: Ireland
lastlocation:
  world: greenfield
  x: -5.493527497710302
  y: 123.0
  z: -201.15430961688764
  yaw: 46.71927
  pitch: 89.85
logoutlocation:
  world: spawn
  x: 68.3518297848664
  y: 18.0
  z: -55.13304901273207
  yaw: -209.55878
  pitch: 45.450035
money: '0'
