lastAccountName: ___Ibby_A___
timestamps:
  login: 1503264506207
  lastteleport: 1503264387161
  logout: 1503264551112
ipAddress: 182.176.222.114
geolocation: Pakistan
lastlocation:
  world: greenfield
  x: -5.407796105139937
  y: 124.02442408821369
  z: -179.94492687348853
  yaw: -0.98071134
  pitch: 18.89999
logoutlocation:
  world: survival112
  x: -128.44238094113857
  y: 73.0
  z: 79.47056743977726
  yaw: 93.00001
  pitch: 36.450016
money: '0'
