geolocation: United States
lastAccountName: Smart_Fish21
timestamps:
  login: 1501297561766
  lastteleport: 1501298127476
  logout: 1501298194192
ipAddress: 47.184.194.139
lastlocation:
  world: lexstarklabs
  x: 1.1662738878695411
  y: 59.0
  z: 0.9434367913658259
  yaw: 118.757965
  pitch: 25.900791
money: '0'
logoutlocation:
  world: greenfield
  x: -7.13552592923244
  y: 119.0
  z: -183.61169984896839
  yaw: 250.57019
  pitch: 24.14999
godmode: false
