lastAccountName: Dancingbanana101
timestamps:
  login: 1509224389388
  logout: 1509224590069
  lastteleport: 1509223355396
ipAddress: 173.16.89.159
geolocation: United States
lastlocation:
  world: lexstarklabs
  x: 5.5
  y: 59.0
  z: 35.5
  yaw: -106.96169
  pitch: 66.42698
logoutlocation:
  world: nyc
  x: -657.3790905428809
  y: 25.0
  z: -2002.7786614826723
  yaw: 182.85031
  pitch: 32.09998
teleportenabled: true
godmode: false
