lastAccountName: KitKatKrakra
timestamps:
  login: 1509844034551
  lastteleport: 1509845059746
  logout: 1509845293435
ipAddress: 118.148.114.224
geolocation: New Zealand
lastlocation:
  world: greenfield
  x: -15.319285448806404
  y: 53.0
  z: -361.30000001192093
  yaw: -81.61102
  pitch: 27.749989
godmode: false
teleportenabled: true
logoutlocation:
  world: infinitycity
  x: 27.158036421598588
  y: 29.0
  z: -67.3397258274703
  yaw: 20.720804
  pitch: 10.649993
