geolocation: United States
lastAccountName: HydraA15
timestamps:
  login: 1495222405322
  logout: 1495222420125
ipAddress: 69.2.26.122
lastlocation:
  world: survival
  x: 86.5
  y: 91.0
  z: -109.5
  yaw: -180.32117
  pitch: 0.8999815
logoutlocation:
  world: greenfield
  x: -1712.5
  y: 70.0
  z: 130.5
  yaw: 336.20325
  pitch: 21.186287
money: '0'
