lastAccountName: EnterNickname
timestamps:
  login: 1496696786971
  logout: 1496698169656
  lastteleport: 1496697631748
ipAddress: 217.210.72.8
geolocation: Sweden
lastlocation:
  world: spawn
  x: 0.5880498347109213
  y: 10.0
  z: 0.7059678461931744
  yaw: 84.4406
  pitch: 7.7999964
logoutlocation:
  world: greenfield
  x: -1726.699999988079
  y: 70.0
  z: 146.69999998807907
  yaw: -161.68597
  pitch: 61.940063
afk: false
money: '0'
