geolocation: Netherlands
lastAccountName: Edzko
timestamps:
  login: 1506822070983
  lastteleport: 1506822141567
  logout: 1506822156908
ipAddress: 82.72.43.87
lastlocation:
  world: lexstarklabs
  x: 1.6877092537085587
  y: 59.0
  z: 41.80419217590247
  yaw: -352.61914
  pitch: 3.1479592
logoutlocation:
  world: spawn
  x: 319.67589928496363
  y: 66.0
  z: -20.343325622227944
  yaw: 3.741338
  pitch: 18.749977
