lastAccountName: MS_Tag
timestamps:
  login: 1498268830084
  lastteleport: 1498268963664
  logout: 1498269128040
ipAddress: 74.133.230.160
geolocation: United States
lastlocation:
  world: greenfield
  x: -1712.4197440461098
  y: 70.0
  z: 129.79628347927783
  yaw: -186.20332
  pitch: 21.00016
logoutlocation:
  world: greenfield
  x: -2.6738192609366136
  y: 53.5
  z: -221.28331110225943
  yaw: 318.88867
  pitch: 13.276797
money: '0'
