lastAccountName: CARLAROLO06
timestamps:
  login: 1495380771028
  lastteleport: 1495381064941
  logout: 1495381135962
ipAddress: 90.75.217.180
geolocation: Spain
lastlocation:
  world: deathrun
  x: 44.217113409478195
  y: 85.0625
  z: 1.699999988079071
  yaw: -82.14031
  pitch: 32.260746
logoutlocation:
  world: deathrun
  x: 36.30000001192093
  y: 85.0
  z: 1.6999999880790708
  yaw: -84.47748
  pitch: 40.400604
money: '0'
