geolocation: Israel
lastAccountName: roeidana
timestamps:
  login: 1509635394066
  lastteleport: 1509635547110
  logout: 1509635677520
ipAddress: 37.142.115.152
lastlocation:
  world: lexstarklabs
  x: 1.9104917534150374
  y: 63.599879128175985
  z: 17.213015118132667
  yaw: -172.36176
  pitch: 4.776943
godmode: false
teleportenabled: true
logoutlocation:
  world: atlantis
  x: -352.7427430591112
  y: 30.90993116751632
  z: -404.95538474257756
  yaw: -237.27176
  pitch: 5.249993
money: '0'
afk: false
homes:
  home:
    world: survival112
    x: 207.57175409835585
    y: 46.0
    z: 36.4457145402109
    yaw: 162.59534
    pitch: 33.246487
  training:
    world: survival112
    x: 428.3168451212273
    y: 69.0
    z: -204.7431068949239
    yaw: -86.43964
    pitch: 11.399982
  treeghouse:
    world: survival112
    x: 254.72794814890096
    y: 95.0
    z: 1109.9537453282783
    yaw: 261.14886
    pitch: 34.650047
  mansion:
    world: survival112
    x: -978.2574567914033
    y: 77.66772905441464
    z: -298.09721524667054
    yaw: -4.2304354
    pitch: 35.699997
