lastAccountName: X_Nightex_D
timestamps:
  login: 1496470842444
  lastteleport: 1496471338326
  logout: 1496471459797
ipAddress: 116.240.40.194
geolocation: Australia
lastlocation:
  world: greenfield
  x: -5.592457779178201
  y: 124.0
  z: -180.01634716962684
  yaw: -348.53076
  pitch: 38.550007
logoutlocation:
  world: survival
  x: 134.23977793651778
  y: 71.0
  z: -207.46152814261006
  yaw: 308.98468
  pitch: 24.299906
money: '0'
