lastAccountName: spiderboypjs
timestamps:
  login: 1508585452163
  lastteleport: 1501937015971
  logout: 1508585497809
ipAddress: 79.67.201.171
geolocation: United Kingdom
lastlocation:
  world: greenfield
  x: -5.300000011920927
  y: 124.0
  z: -179.45073880400494
  yaw: -102.86207
  pitch: 62.312527
logoutlocation:
  world: survival112
  x: -160.32316009931105
  y: 63.0
  z: 125.9875022645191
  yaw: -154.20898
  pitch: 18.52789
money: '0'
