lastAccountName: Kayah711
timestamps:
  login: 1498412269507
  logout: 1498412485217
ipAddress: 75.131.157.209
geolocation: United States
lastlocation:
  world: survival112
  x: -116.5
  y: 70.0
  z: 79.5
  yaw: 0.0
  pitch: 0.0
logoutlocation:
  world: greenfield
  x: -1718.3774650077326
  y: 70.0
  z: 140.21687407356143
  yaw: -182.99742
  pitch: 31.617073
money: '0'
