geolocation: Australia
lastAccountName: Boomerbulldog
timestamps:
  login: 1504330733024
  logout: 1504330888299
ipAddress: 58.179.33.252
lastlocation:
  world: survival112
  x: -116.5
  y: 70.0
  z: 79.5
  yaw: 0.0
  pitch: 0.0
logoutlocation:
  world: lexstarklabs
  x: -12.772564498059932
  y: 59.0
  z: 0.6451805564295573
  yaw: 196.75793
  pitch: -38.449245
money: '0'
