geolocation: United Kingdom
lastAccountName: X_nebguin_X
timestamps:
  login: 1498304993851
  logout: 1498305100530
ipAddress: 31.49.126.154
lastlocation:
  world: survival112
  x: -116.5
  y: 70.0
  z: 79.5
  yaw: 0.0
  pitch: 0.0
logoutlocation:
  world: greenfield
  x: -7.645635107032621
  y: 123.0
  z: -191.84131102471625
  yaw: -53.51077
  pitch: 11.843506
money: '0'
