geolocation: United Kingdom
lastAccountName: KazzyKitten
timestamps:
  login: 1497815231325
  logout: 1497815416300
ipAddress: 51.6.92.197
lastlocation:
  world: survival112
  x: -116.5
  y: 70.0
  z: 79.5
  yaw: 0.0
  pitch: 0.0
logoutlocation:
  world: greenfield
  x: -1717.8715246494376
  y: 69.0
  z: 171.30000001192093
  yaw: 174.06656
  pitch: 8.691579
money: '0'
