lastAccountName: TheRhinoboy77
timestamps:
  login: 1499406031145
  lastteleport: 1499405830666
  logout: 1499406036238
ipAddress: 58.104.70.4
geolocation: Australia
lastlocation:
  world: greenfield
  x: -5.565926127933287
  y: 124.0
  z: -179.3067808257198
  yaw: -5.030609
  pitch: 16.199991
logoutlocation:
  world: survival112
  x: -182.9783979787286
  y: 64.0
  z: 95.75789634439299
  yaw: 106.35007
  pitch: 34.649994
money: '0'
