lastAccountName: Zexy_Trol
timestamps:
  login: 1504316239694
  logout: 1504316270628
ipAddress: 68.131.32.92
geolocation: United States
lastlocation:
  world: survival112
  x: -116.5
  y: 70.0
  z: 79.5
  yaw: 0.0
  pitch: 0.0
logoutlocation:
  world: lexstarklabs
  x: 1.050029386952606
  y: 59.0
  z: 17.183472185829586
  yaw: -2.7420945
  pitch: 22.150776
money: '0'
