geolocation: United States
lastAccountName: SammiKat1221
timestamps:
  login: 1500235166258
  lastteleport: 1500235444606
  logout: 1500235446843
ipAddress: 68.235.246.93
lastlocation:
  world: greenfield
  x: -1712.212280555654
  y: 70.0
  z: 129.7984947020152
  yaw: -189.28719
  pitch: 18.889996
money: '0'
logoutlocation:
  world: greenfield
  x: -5.4994658450559655
  y: 123.0625
  z: -196.29471767699843
  yaw: -0.080712534
  pitch: 0.9000001
