geolocation: United States
lastAccountName: Gizmo6903
timestamps:
  login: 1503950230984
  lastteleport: 1503950263151
  logout: 1503950272820
ipAddress: 76.178.213.103
lastlocation:
  world: greenfield
  x: -4.144481069332029
  y: 123.0625
  z: -193.9405916387444
  yaw: -45.321327
  pitch: 14.001062
logoutlocation:
  world: lexstarklabs
  x: 0.5
  y: 59.0
  z: 1.5
  yaw: -7.612119
  pitch: 10.639516
money: '0'
