geolocation: Vietnam
lastAccountName: TheUltraBubble
timestamps:
  login: 1501342500044
  logout: 1501342690165
ipAddress: 116.99.204.195
lastlocation:
  world: survival112
  x: -116.5
  y: 70.0
  z: 79.5
  yaw: 0.0
  pitch: 0.0
money: '0'
logoutlocation:
  world: greenfield
  x: -8.30576012075564
  y: 123.0
  z: -196.09990765831267
  yaw: -35.33072
  pitch: 3.8999982
