geolocation: Norway
lastAccountName: PizzaOG
timestamps:
  login: 1494173762333
  lastteleport: 1494174057976
  logout: 1494174160386
ipAddress: 85.167.250.178
lastlocation:
  world: greenfield
  x: -1071.5864477366604
  y: 69.0
  z: -56.0574077266428
  yaw: -165.45416
  pitch: 53.157646
afk: false
logoutlocation:
  world: greenfield
  x: -5.5
  y: 123.0625
  z: -198.5
  yaw: -0.080712534
  pitch: 0.9000001
money: '0'
