geolocation: United States
lastAccountName: _MagicPotato_
timestamps:
  login: 1499981475091
  logout: 1499981493908
ipAddress: 73.11.176.153
lastlocation:
  world: survival112
  x: -116.5
  y: 70.0
  z: 79.5
  yaw: 0.0
  pitch: 0.0
logoutlocation:
  world: greenfield
  x: -1712.501352970663
  y: 70.0
  z: 133.08655393534454
  yaw: -69.384
  pitch: 10.941565
money: '0'
