lastAccountName: NinjaPro0306
timestamps:
  login: 1508644296322
  lastteleport: 1508646759171
  logout: 1508647096521
ipAddress: 98.227.253.82
geolocation: United States
lastlocation:
  world: spawn
  x: 305.78813505334415
  y: 65.0
  z: -29.87049674441526
  yaw: -250.65907
  pitch: 1.8000054
godmode: false
teleportenabled: true
logoutlocation:
  world: survival112
  x: 11.855571507139226
  y: 26.0
  z: 34.372276361009945
  yaw: 304.261
  pitch: 25.349993
