lastAccountName: Kayn0
timestamps:
  login: 1496580627112
  logout: 1496580739074
ipAddress: 123.3.107.181
geolocation: Australia
lastlocation:
  world: survival
  x: 86.5
  y: 91.0
  z: -109.5
  yaw: -180.32117
  pitch: 0.8999815
logoutlocation:
  world: greenfield
  x: -1713.8985279205776
  y: 70.0
  z: 139.43175006607805
  yaw: 90.155624
  pitch: 2.874042
money: '0'
