geolocation: United States
lastAccountName: Crayonix
timestamps:
  login: 1507417282487
  lastteleport: 1507417901846
  logout: 1507418209870
ipAddress: 73.56.211.192
lastlocation:
  world: spleeflobby
  x: 10.429186141457265
  y: 64.0
  z: -9.119615031865237
  yaw: 183.2168
  pitch: 70.60074
godmode: false
logoutlocation:
  world: spleef
  x: 5.753587756901111
  y: 63.0
  z: -17.85104259799276
  yaw: 40.325195
  pitch: 22.65367
