geolocation: N/A
lastAccountName: AwesomeFireRing
timestamps:
  login: 1509838613429
  logout: 1509838625521
ipAddress: 127.0.0.1
lastlocation:
  world: survival112
  x: -116.5
  y: 70.0
  z: 79.5
  yaw: 0.0
  pitch: 0.0
logoutlocation:
  world: lexstarklabs
  x: -19.434141599152653
  y: 59.0
  z: 10.162851040966332
  yaw: -10.908997
  pitch: 11.30582
