lastAccountName: AJ_27
timestamps:
  login: 1503659806928
  lastteleport: 1503660109104
  logout: 1503660111464
ipAddress: 120.153.23.8
geolocation: Australia
lastlocation:
  world: greenfield
  x: -5.5
  y: 123.0625
  z: -198.5
  yaw: 117.85954
  pitch: 19.259766
logoutlocation:
  world: spawn
  x: 0.5
  y: 10.0
  z: 0.5
  yaw: -178.6593
  pitch: 1.3499979
money: '0'
