lastAccountName: Enderlee100
timestamps:
  login: 1500121386649
  logout: 1500121556466
ipAddress: 217.43.35.44
geolocation: United Kingdom
lastlocation:
  world: survival112
  x: -116.5
  y: 70.0
  z: 79.5
  yaw: 0.0
  pitch: 0.0
logoutlocation:
  world: greenfield
  x: -1705.9290822923804
  y: 70.0
  z: 138.2741214445725
  yaw: 169.9909
  pitch: 9.036956
money: '0'
