lastAccountName: Blue_Bosspvp
timestamps:
  login: 1506465648922
  logout: 1506465723488
ipAddress: 86.44.38.224
geolocation: Ireland
lastlocation:
  world: survival112
  x: -116.5
  y: 70.0
  z: 79.5
  yaw: 0.0
  pitch: 0.0
logoutlocation:
  world: greenfield
  x: 29.81615479017219
  y: 62.0
  z: -348.43125503134127
  yaw: 210.49626
  pitch: 34.785145
money: '0'
