geolocation: United States
lastAccountName: xCC33x
timestamps:
  login: 1502576157931
  logout: 1502576280235
ipAddress: 76.177.71.232
lastlocation:
  world: survival112
  x: -116.5
  y: 70.0
  z: 79.5
  yaw: 0.0
  pitch: 0.0
money: '0'
logoutlocation:
  world: greenfield
  x: -1727.072437842286
  y: 69.0
  z: 171.62286079574457
  yaw: -327.2335
  pitch: 13.341551
