geolocation: Canada
lastAccountName: Ryanjacobc
timestamps:
  login: 1508900129600
  lastteleport: 1508900149787
  logout: 1508900547991
  lastheal: 1508710628081
ipAddress: 162.156.101.174
lastlocation:
  world: survival112
  x: -125.49693402735952
  y: 73.0
  z: 79.93307987658433
  yaw: -152.78703
  pitch: 10.29638
godmode: false
teleportenabled: true
logoutlocation:
  world: survival112
  x: -193.5447484434924
  y: 72.0
  z: 239.69999998807893
  yaw: 272.16272
  pitch: 46.94998
money: '0.40'
homes:
  home:
    world: survival112
    x: -194.59539345092276
    y: 72.0
    z: 255.69999998807907
    yaw: 17.16333
    pitch: 16.049885
