timestamps:
  lastteleport: 1493263562555
  login: 1493582014533
  logout: 1493582048732
  lastheal: 1493262957926
lastlocation:
  world: greenfield
  x: -871.2888350383766
  y: 86.0
  z: -120.24823099780119
  yaw: 319.78027
  pitch: 25.500004
geolocation: United States
lastAccountName: bubbatwix
ipAddress: 98.168.162.158
godmode: false
logoutlocation:
  world: spawn
  x: 0.5
  y: 10.0
  z: 0.5
  yaw: -178.6593
  pitch: 1.3499979
teleportenabled: true
money: '0'
