geolocation: United States
lastAccountName: the_cuber0921
timestamps:
  login: 1497909813705
  logout: 1497909884085
ipAddress: 65.34.153.163
lastlocation:
  world: survival112
  x: -116.5
  y: 70.0
  z: 79.5
  yaw: 0.0
  pitch: 0.0
logoutlocation:
  world: greenfield
  x: -1712.5240479313263
  y: 70.0
  z: 139.9186019639228
  yaw: 81.15831
  pitch: 2.1176524
money: '0'
