lastAccountName: SydneyMurphy6
timestamps:
  login: 1501203901541
  logout: 1501203957674
  lastteleport: 1501203924416
ipAddress: 68.230.37.125
geolocation: United States
lastlocation:
  world: greenfield
  x: -1712.3759199599197
  y: 70.0
  z: 130.0336020428055
  yaw: -179.33514
  pitch: 20.849997
logoutlocation:
  world: greenfield
  x: -9.479951980281538
  y: 124.0
  z: -182.42728969974843
  yaw: 170.16933
  pitch: 26.400005
money: '0'
