lastAccountName: eliofduty
timestamps:
  login: 1509036495025
  lastteleport: 1509040751487
  logout: 1509040774592
ipAddress: 141.135.203.113
geolocation: Belgium
lastlocation:
  world: atlantis
  x: -53.0
  y: 88.0
  z: -578.0
  yaw: -0.3
  pitch: 0.0
godmode: false
teleportenabled: true
logoutlocation:
  world: lexstarklabs
  x: 0.5
  y: 59.0625
  z: 6.5
  yaw: 0.43831718
  pitch: 5.376966
