geolocation: United States
lastAccountName: creeperkillerck
timestamps:
  login: 1500506034146
  logout: 1500506551173
  lastteleport: 1500506485756
ipAddress: 73.181.119.52
lastlocation:
  world: survival112
  x: 34.18870372321345
  y: 65.0
  z: -26.971187764392482
  yaw: -132.1498
  pitch: 34.950035
logoutlocation:
  world: greenfield
  x: -27.699999988079075
  y: 69.0
  z: -178.69064031408104
  yaw: 102.51929
  pitch: 89.24999
money: '0'
