lastAccountName: Killstreaksz
timestamps:
  login: 1495710269826
  lastteleport: 1495710163097
  logout: 1495710298141
ipAddress: 207.172.189.64
geolocation: United States
lastlocation:
  world: greenfield
  x: -1727.185780581824
  y: 69.0
  z: 173.6446587547397
  yaw: -273.53412
  pitch: 26.241573
teleportenabled: true
logoutlocation:
  world: greenfield
  x: -1724.4099606769385
  y: 70.0
  z: 134.83347521466592
  yaw: 146.11374
  pitch: 13.640082
money: '0'
