geolocation: Canada
lastAccountName: PureDragon789
timestamps:
  login: 1507508273061
  lastteleport: 1501955680750
  logout: 1507508402020
ipAddress: 24.66.14.4
lastlocation:
  world: lexstarklabs
  x: 0.9601306144439401
  y: 59.0
  z: 1.0157936945203807
  yaw: 175.90826
  pitch: 59.69998
teleportenabled: true
logoutlocation:
  world: greenfield
  x: -24.540674709519934
  y: 69.0
  z: -229.17473014955215
  yaw: 191.16968
  pitch: 15.899984
money: '0'
