lastAccountName: TheArcsWilon
timestamps:
  login: 1507496455949
  lastteleport: 1507496556589
  logout: 1507496651690
ipAddress: 159.255.31.201
geolocation: Russian Federation
lastlocation:
  world: spawn
  x: 305.0660170470912
  y: 65.0
  z: -29.082050627192906
  yaw: -241.05908
  pitch: 6.300005
godmode: false
teleportenabled: true
logoutlocation:
  world: survival112
  x: -51.056863217890154
  y: 63.0
  z: -8.548132965438633
  yaw: 174.21338
  pitch: 16.50006
