geolocation: United Kingdom
lastAccountName: Barking
timestamps:
  login: 1501362308943
  logout: 1501362320087
ipAddress: 86.180.204.223
lastlocation:
  world: survival112
  x: -116.5
  y: 70.0
  z: 79.5
  yaw: 0.0
  pitch: 0.0
logoutlocation:
  world: greenfield
  x: -1712.5310144250489
  y: 70.0
  z: 132.52682607190303
  yaw: 3.928546
  pitch: 12.647909
money: '0'
