geolocation: United States
lastAccountName: JWChiefs
timestamps:
  login: 1497568191667
  logout: 1497569849713
  lastteleport: 1497568608363
ipAddress: 75.38.55.19
lastlocation:
  world: greenfield
  x: -1712.5007422477356
  y: 70.0
  z: 149.40200281888247
  yaw: -172.48596
  pitch: 2.3900602
logoutlocation:
  world: greenfield
  x: -6.194917443342065
  y: 123.0625
  z: -182.3240200535895
  yaw: -37.730743
  pitch: -2.550015
afk: false
money: '0'
