geolocation: United Kingdom
lastAccountName: Raven_cloud
timestamps:
  login: 1493569795095
  lastteleport: 1493569993959
  logout: 1493570145698
ipAddress: 81.158.243.114
lastlocation:
  world: greenfield
  x: -1712.5573919196615
  y: 70.0
  z: 129.9742226614307
  yaw: -6.0257335
  pitch: 53.991573
money: '0'
logoutlocation:
  world: greenfield
  x: -4.395173546563407
  y: 123.0
  z: -197.4518210867172
  yaw: 182.76933
  pitch: 5.849999
