lastAccountName: JellyBurger
timestamps:
  login: 1509948449323
  logout: 1509948513762
  lastteleport: 1509948479887
ipAddress: 111.69.247.92
geolocation: New Zealand
lastlocation:
  world: spawn
  x: 318.5
  y: 65.0
  z: -25.5
  yaw: -270.00903
  pitch: 14.39761
logoutlocation:
  world: lexstarklabs
  x: 13.186440056595618
  y: 59.0625
  z: 41.65249357385816
  yaw: 90.17589
  pitch: 16.993248
godmode: false
teleportenabled: true
