geolocation: United States
lastAccountName: reformedsix
timestamps:
  login: 1497561240690
  lastteleport: 1497553918242
  logout: 1497561299440
ipAddress: 75.35.136.77
lastlocation:
  world: greenfield
  x: -4.436544613985631
  y: 123.0625
  z: -194.79399769855792
  yaw: -0.23071383
  pitch: 6.2999988
logoutlocation:
  world: greenfield
  x: -1710.9235966691344
  y: 70.0
  z: 145.29057975440818
  yaw: 130.81384
  pitch: 13.490044
money: '0'
