geolocation: Germany
lastAccountName: Deathmaster919
timestamps:
  login: 1508927002275
  lastteleport: 1508928963060
  logout: 1508929147473
ipAddress: 178.9.200.160
lastlocation:
  world: survival112
  x: -2273.836057804762
  y: 66.0
  z: 2371.6375634290457
  yaw: 12.213013
  pitch: 23.046444
teleportenabled: true
godmode: false
homes:
  home:
    world: survival112
    x: -22.163939264936126
    y: 68.0
    z: 371.49730475911906
    yaw: -236.18762
    pitch: 23.099974
logoutlocation:
  world: survival112
  x: -229.30384846278184
  y: 194.11092694392033
  z: 441.58901551519307
  yaw: -14.48877
  pitch: 90.0
