lastAccountName: DoctorWafflez
timestamps:
  login: 1505356534135
  logout: 1505356820178
  lastteleport: 1505356663290
ipAddress: 50.93.18.238
geolocation: Canada
lastlocation:
  world: gotham
  x: 323.03704276775454
  y: 59.0
  z: 182.65272695317347
  yaw: 303.012
  pitch: 46.350002
logoutlocation:
  world: gotham
  x: 295.0127854388113
  y: 99.01682005107142
  z: 251.7370923202438
  yaw: 179.85028
  pitch: 34.199997
godmode: false
teleportenabled: true
money: '0'
afk: false
homes:
  home:
    world: survival112
    x: -1712.1760952087939
    y: 65.0
    z: -807.9936110674984
    yaw: 2.9622192
    pitch: 6.1500053
  water:
    world: survival112
    x: 2429.097921343263
    y: 48.0
    z: 1644.1509146828037
    yaw: 16.63643
    pitch: 22.799995
  coolvillage:
    world: survival112
    x: -2403.3430170226206
    y: 81.0
    z: -1266.175001950266
    yaw: 78.262695
    pitch: 46.349983
