lastAccountName: scrubie01
timestamps:
  login: 1501072686738
  logout: 1501072708583
  lastteleport: 1501072706772
ipAddress: 84.104.249.44
geolocation: Netherlands
lastlocation:
  world: greenfield
  x: -4.149484134207824
  y: 123.0
  z: -193.65452845949707
  yaw: 24.219452
  pitch: 2.6999688
logoutlocation:
  world: greenfield
  x: -1712.2884515332025
  y: 70.0
  z: 147.83238879373042
  yaw: -188.98584
  pitch: 3.440063
money: '0'
