lastAccountName: BoxOfFlex
timestamps:
  login: 1508109635570
  lastteleport: 1508109507252
  logout: 1508109623575
ipAddress: 72.175.182.189
geolocation: United States
lastlocation:
  world: spawn
  x: 314.18960519804875
  y: 66.0
  z: -25.450476344843473
  yaw: -277.0591
  pitch: 16.050005
logoutlocation:
  world: anarchy
  x: 52.030148509522526
  y: 41.425435236819624
  z: 35.1045520015821
  yaw: -104.5501
  pitch: 65.40002
