geolocation: United States
lastAccountName: 00Craftniss0
timestamps:
  login: 1505967646439
  logout: 1505967965938
ipAddress: 98.146.185.239
lastlocation:
  world: survival112
  x: -116.5
  y: 70.0
  z: 79.5
  yaw: 0.0
  pitch: 0.0
godmode: false
teleportenabled: true
logoutlocation:
  world: lexstarklabs
  x: 1.6564430701007955
  y: 59.0
  z: 37.292349333803934
  yaw: -86.06534
  pitch: 26.45708
money: '0'
