geolocation: United States
lastAccountName: shloozer
timestamps:
  login: 1501314771606
  logout: 1501314791108
ipAddress: 162.238.93.12
lastlocation:
  world: survival112
  x: -116.5
  y: 70.0
  z: 79.5
  yaw: 0.0
  pitch: 0.0
logoutlocation:
  world: greenfield
  x: -1714.3092085647506
  y: 70.0
  z: 143.55051513445986
  yaw: 86.16585
  pitch: 13.641591
money: '0'
