geolocation: United States
lastAccountName: Flash_Jason
timestamps:
  login: 1508094937267
  lastteleport: 1508095011249
  logout: 1508095053502
ipAddress: 73.95.134.209
lastlocation:
  world: spawn
  x: 304.4909437472589
  y: 65.0
  z: -30.80978576251799
  yaw: -283.50903
  pitch: 8.249995
logoutlocation:
  world: survival112
  x: -114.6856946947057
  y: 66.0
  z: 55.85684189444484
  yaw: -242.9373
  pitch: 20.9463
