geolocation: United States
lastAccountName: Master_Sky_Guy
timestamps:
  login: 1499460772319
  lastteleport: 1499461003377
  logout: 1499461022044
ipAddress: 24.62.218.42
lastlocation:
  world: greenfield
  x: -1717.300000011921
  y: 69.0
  z: 179.69999998807907
  yaw: -203.18413
  pitch: 8.241587
logoutlocation:
  world: spawn
  x: 13.711532800453382
  y: 9.0
  z: -28.821330940759523
  yaw: -109.80928
  pitch: 0.2999982
money: '0'
