lastAccountName: frodobags
timestamps:
  login: 1501477109869
  logout: 1501477663135
  lastteleport: 1501477614565
ipAddress: 184.186.7.107
geolocation: United States
lastlocation:
  world: lexstarklabs
  x: -2.0623683573878155
  y: 59.0
  z: 40.11685672365718
  yaw: 40.007965
  pitch: 10.900779
money: '0'
logoutlocation:
  world: starlabs
  x: 2.6999999880790777
  y: 78.0
  z: -14.258609156111278
  yaw: 350.29187
  pitch: 5.850008
