lastAccountName: Dragonmonstr
timestamps:
  login: 1509141786551
  lastteleport: 1509142154665
  logout: 1509142378188
ipAddress: 67.177.25.223
geolocation: United States
lastlocation:
  world: plots
  x: 286.6669902188889
  y: 65.0
  z: 233.98992748540212
  yaw: -86.84152
  pitch: 2.787576
godmode: false
teleportenabled: true
logoutlocation:
  world: turbotowers
  x: -6.699999988079075
  y: 130.0
  z: 2.310152755909267
  yaw: -259.95508
  pitch: 51.30005
