lastAccountName: REbones714
timestamps:
  login: 1504553042461
  lastteleport: 1497410961450
  logout: 1504553312090
ipAddress: 75.83.82.168
geolocation: United States
lastlocation:
  world: survival112
  x: 500.6187517715441
  y: 71.0
  z: -198.6956773470692
  yaw: -125.40405
  pitch: 20.249887
money: '0'
logoutlocation:
  world: survival112
  x: -252.30000001192093
  y: 65.0
  z: -136.02524524049434
  yaw: -66.899925
  pitch: 14.3999605
afk: false
