geolocation: Denmark
lastAccountName: Sencella
timestamps:
  login: 1501015341599
  lastteleport: 1501015467554
  logout: 1501015506280
ipAddress: 77.215.214.194
lastlocation:
  world: spawn
  x: -9.239582291374916
  y: 9.0
  z: -42.07317056549073
  yaw: -177.26367
  pitch: 33.941055
money: '0'
logoutlocation:
  world: greenfield
  x: -4.194635354641282
  y: 123.0
  z: -196.53880192406362
  yaw: -357.24594
  pitch: 37.463608
