geolocation: Denmark
lastAccountName: arthurq1w2e3
timestamps:
  login: 1508596223325
  lastteleport: 1508598705611
  logout: 1508598832473
ipAddress: 80.161.186.241
lastlocation:
  world: theworldroom
  x: -4.822120290611662
  y: 103.0
  z: 7.718904121261886
  yaw: -97.053764
  pitch: 13.688111
godmode: false
teleportenabled: true
homes:
  home:
    world: survival112
    x: 2489.7881810939393
    y: 87.0
    z: -103.74012909592047
    yaw: 154.413
    pitch: 40.44636
logoutlocation:
  world: greenfield
  x: -20.347293965777872
  y: 69.0
  z: -202.83977982142534
  yaw: -318.31122
  pitch: -2.0822222
