geolocation: United States
lastAccountName: CierraK
timestamps:
  login: 1497830484185
  logout: 1497830542474
ipAddress: 70.163.51.241
lastlocation:
  world: survival112
  x: -116.5
  y: 70.0
  z: 79.5
  yaw: 0.0
  pitch: 0.0
logoutlocation:
  world: greenfield
  x: -1712.5
  y: 70.0
  z: 130.5
  yaw: 47.615982
  pitch: 4.4915476
money: '0'
