geolocation: United States
lastAccountName: justwar12
timestamps:
  login: 1496968292754
  lastteleport: 1496968568307
  logout: 1496968664186
ipAddress: 76.167.64.168
lastlocation:
  world: greenfield
  x: -48.31016651101956
  y: 110.0
  z: -193.49585654208204
  yaw: 89.73573
  pitch: 44.564037
logoutlocation:
  world: office
  x: 4.606299558732717
  y: 134.0
  z: 5.0823597252522905
  yaw: 174.83673
  pitch: 21.26828
money: '0'
