lastAccountName: Figrim
timestamps:
  login: 1506234300896
  logout: 1506234311937
ipAddress: 83.86.23.44
geolocation: Netherlands
lastlocation:
  world: survival112
  x: -116.5
  y: 70.0
  z: 79.5
  yaw: 0.0
  pitch: 0.0
logoutlocation:
  world: greenfield
  x: -25.5
  y: 69.0
  z: -215.5
  yaw: -180.01161
  pitch: 0.46778247
money: '0'
