lastAccountName: Technoninja7
timestamps:
  login: 1496314263846
  logout: 1496314321076
ipAddress: 185.5.67.19
geolocation: United Kingdom
lastlocation:
  world: survival
  x: 86.5
  y: 91.0
  z: -109.5
  yaw: -180.32117
  pitch: 0.8999815
logoutlocation:
  world: greenfield
  x: -1719.9212687013287
  y: 69.0625
  z: 176.01093939975627
  yaw: -331.8839
  pitch: 22.20001
money: '0'
