geolocation: United States
lastAccountName: AnkleBreakerDom
timestamps:
  login: 1494098034816
  logout: 1494098096746
ipAddress: 67.20.248.217
lastlocation:
  world: greenfield
  x: -1712.5
  y: 70.0
  z: 130.5
  yaw: -0.23398513
  pitch: 1.3415639
logoutlocation:
  world: colosseumlobby
  x: 1.9206743130352355
  y: 88.0
  z: -18.12001311233955
  yaw: 22.500275
  pitch: 10.200012
money: '0'
