lastAccountName: BigBoiJesse757
timestamps:
  login: 1500124447567
  logout: 1500124713237
ipAddress: 172.72.54.44
geolocation: United States
lastlocation:
  world: survival112
  x: -116.5
  y: 70.0
  z: 79.5
  yaw: 0.0
  pitch: 0.0
logoutlocation:
  world: greenfield
  x: -27.69999998807907
  y: 69.0
  z: -192.71776252459964
  yaw: 100.41926
  pitch: 57.15
money: '0'
