lastAccountName: Jaybor
timestamps:
  login: 1509188797682
  lastteleport: 1509012316379
  logout: 1509188873119
ipAddress: 46.223.246.164
geolocation: Germany
lastlocation:
  world: speedforce
  x: -2.911041303813338
  y: 80.0
  z: -168.57164123083214
  yaw: -357.75055
  pitch: 11.849981
godmode: false
teleportenabled: true
logoutlocation:
  world: survival112
  x: -740.9726082714578
  y: 78.0
  z: 1899.699999988079
  yaw: -148.44958
  pitch: -7.5000443
afk: false
homes:
  home:
    world: survival112_nether
    x: 10.998036361824354
    y: 46.0
    z: 205.63308963213828
    yaw: -31.768524
    pitch: 29.099936
  house:
    world: survival112
    x: -2056.0805503036513
    y: 75.0
    z: -508.00856033721783
    yaw: 112.02639
    pitch: 41.549984
  jail:
    world: survival112
    x: -742.8596814709026
    y: 78.5625
    z: 1896.7134917406822
    yaw: 206.4511
    pitch: 35.850018
