geolocation: United States
lastAccountName: Crymeeatable
timestamps:
  login: 1508297252263
  logout: 1508297292468
ipAddress: 68.235.141.74
lastlocation:
  world: survival112
  x: -116.5
  y: 70.0
  z: 79.5
  yaw: 0.0
  pitch: 0.0
logoutlocation:
  world: lexstarklabs
  x: -12.176445222713008
  y: 59.0
  z: 0.3380962417800131
  yaw: -168.85893
  pitch: 12.505822
