lastAccountName: FlashGamer320
timestamps:
  login: 1499996752757
  lastteleport: 1499996948697
  logout: 1499997012146
ipAddress: 76.65.11.217
geolocation: Canada
lastlocation:
  world: greenfield
  x: -51.33057787204621
  y: 64.0
  z: -370.9561759504075
  yaw: 195.5697
  pitch: 31.631998
logoutlocation:
  world: plots
  x: 163.27660778292199
  y: 65.0
  z: 225.58110750084293
  yaw: -220.46295
  pitch: -4.003204
money: '0'
