lastAccountName: Supreme__Gamer
timestamps:
  login: 1506868826489
  lastteleport: 1506869079073
  logout: 1506869107159
ipAddress: 81.111.8.50
geolocation: United Kingdom
lastlocation:
  world: lexstarklabs
  x: 0.7374771853396888
  y: 59.87680279552961
  z: -0.48443967030675694
  yaw: 178.38054
  pitch: 24.747961
godmode: false
teleportenabled: true
logoutlocation:
  world: spawn
  x: 326.666044876181
  y: 66.0
  z: -26.393352516907168
  yaw: -241.80908
  pitch: 10.350001
