geolocation: United States
lastAccountName: Capital_Intel
timestamps:
  login: 1501890668546
  lastteleport: 1501872706736
  logout: 1501891081363
  lastheal: 1501872501337
ipAddress: 66.61.53.79
lastlocation:
  world: spawn
  x: -9.205406799861041
  y: 9.0
  z: -42.437666508990716
  yaw: -155.55919
  pitch: 85.95002
money: '0'
logoutlocation:
  world: greenfield
  x: -5.5
  y: 123.0625
  z: -198.5
  yaw: -190.7307
  pitch: 19.050009
godmode: false
teleportenabled: true
