geolocation: United States
lastAccountName: CaptinCreeper999
timestamps:
  login: 1507321051204
  lastteleport: 1507321426658
  logout: 1507321595767
ipAddress: 71.179.24.58
lastlocation:
  world: spawn
  x: 305.48695616013003
  y: 65.0
  z: -30.264022946383122
  yaw: -263.709
  pitch: 4.6500044
godmode: false
teleportenabled: true
logoutlocation:
  world: survival112_the_end
  x: -39.24997926286639
  y: 77.64374981173462
  z: -36.63391377342157
  yaw: 258.3633
  pitch: 19.649996
