lastAccountName: stargirl42
timestamps:
  login: 1507243895590
  lastteleport: 1507243032913
  logout: 1507243933429
ipAddress: 50.109.113.207
geolocation: United States
lastlocation:
  world: plots
  x: 286.7145112742823
  y: 65.0
  z: 229.0914936640648
  yaw: -126.591774
  pitch: 5.187582
godmode: false
teleportenabled: true
logoutlocation:
  world: rollercoaster
  x: 0.5
  y: 1.0
  z: 452.5
  yaw: 82.64977
  pitch: 52.35001
