geolocation: United States
lastAccountName: Sister_Unicorn
timestamps:
  login: 1499991557898
  lastteleport: 1499992253971
  logout: 1499992262710
ipAddress: 66.176.240.203
lastlocation:
  world: spawn
  x: -42.39317677145097
  y: 9.0
  z: -5.330623199726005
  yaw: -265.50827
  pitch: 30.450008
logoutlocation:
  world: plots
  x: 155.5
  y: 79.0
  z: 217.5
  yaw: -53.999878
  pitch: 22.200005
money: '0'
