lastAccountName: Dryyskull
timestamps:
  login: 1497933931197
  lastteleport: 1497934060825
  logout: 1497934093534
ipAddress: 73.24.56.176
geolocation: United States
lastlocation:
  world: greenfield
  x: -5.533056105577916
  y: 123.0
  z: -200.11734961594334
  yaw: -179.48068
  pitch: 52.650017
logoutlocation:
  world: spawn
  x: -5.075313296304916
  y: 9.0
  z: -22.512781609886943
  yaw: -253.2091
  pitch: 4.9499984
money: '0'
