lastAccountName: Tayz__
timestamps:
  login: 1499358927022
  logout: 1499358954990
ipAddress: 90.199.81.78
geolocation: United Kingdom
lastlocation:
  world: survival112
  x: -116.5
  y: 70.0
  z: 79.5
  yaw: 0.0
  pitch: 0.0
logoutlocation:
  world: greenfield
  x: -1720.9939331680687
  y: 70.0
  z: 139.45712118378
  yaw: 192.66579
  pitch: -9.008425
money: '0'
