lastAccountName: M3GA_FOX_BO33
timestamps:
  login: 1506729088644
  lastteleport: 1506730091503
  logout: 1506730095726
ipAddress: 96.59.33.219
geolocation: United States
lastlocation:
  world: colosseum
  x: -0.4637659075942282
  y: 82.16610926093821
  z: 0.1994690805630584
  yaw: -6.899597
  pitch: -86.40002
teleportenabled: true
godmode: false
logoutlocation:
  world: colosseumlobby
  x: 0.5
  y: 88.0
  z: -0.5727509310331883
  yaw: 176.1
  pitch: 2.699999
