geolocation: United States
lastAccountName: LilDanVert
timestamps:
  login: 1507501129883
  lastteleport: 1507502363176
  logout: 1507502388436
ipAddress: 100.15.163.159
lastlocation:
  world: spawn
  x: -56.552044213612774
  y: 24.0
  z: -85.69999998807907
  yaw: 94.53638
  pitch: 10.096839
godmode: false
teleportenabled: true
logoutlocation:
  world: spawn
  x: 318.5
  y: 65.0
  z: -25.5
  yaw: -179.55905
  pitch: 11.850005
