geolocation: United States
lastAccountName: MrCrpr01
timestamps:
  login: 1500514680681
  logout: 1500514725690
  lastteleport: 1500514698876
ipAddress: 47.152.26.217
lastlocation:
  world: greenfield
  x: -5.64884901579353
  y: 123.0
  z: -200.65459930980012
  yaw: 176.91928
  pitch: 39.599995
logoutlocation:
  world: spawn
  x: -6.52204276024008
  y: 10.0
  z: 0.1818873704276732
  yaw: -279.75922
  pitch: 5.699997
money: '0'
