lastAccountName: Kevin0108
timestamps:
  login: 1509813185600
  logout: 1509813367058
ipAddress: 72.221.126.201
geolocation: United States
lastlocation:
  world: survival112
  x: -116.5
  y: 70.0
  z: 79.5
  yaw: 0.0
  pitch: 0.0
logoutlocation:
  world: lexstarklabs
  x: -11.03674045931049
  y: 59.0625
  z: 1.3127502355112903
  yaw: -130.444
  pitch: 12.293685
