geolocation: Germany
lastAccountName: Gulithor
timestamps:
  login: 1499970122327
  logout: 1499970231688
ipAddress: 93.221.175.206
lastlocation:
  world: survival112
  x: -116.5
  y: 70.0
  z: 79.5
  yaw: 0.0
  pitch: 0.0
logoutlocation:
  world: greenfield
  x: -1697.588824284655
  y: 70.0
  z: 136.1759760440223
  yaw: 80.4727
  pitch: 20.156017
money: '0'
