lastAccountName: Slimybasher
timestamps:
  login: 1498297841569
  logout: 1498297881036
ipAddress: 115.188.156.132
geolocation: New Zealand
lastlocation:
  world: survival112
  x: -116.5
  y: 70.0
  z: 79.5
  yaw: 0.0
  pitch: 0.0
logoutlocation:
  world: greenfield
  x: -1712.5
  y: 70.0
  z: 130.5
  yaw: -1.7339838
  pitch: 28.041563
money: '0'
