geolocation: United States
lastAccountName: Rivplayzmincraft
timestamps:
  login: 1509065905382
  lastteleport: 1509066889851
  logout: 1509066911324
ipAddress: 73.49.235.86
lastlocation:
  world: lexstarklabs
  x: 2.6902705820873063
  y: 59.0
  z: 8.863416400882581
  yaw: -180.31126
  pitch: 19.476929
godmode: false
teleportenabled: true
logoutlocation:
  world: greenfield
  x: 16.5
  y: 8.0
  z: 140.5
  yaw: -107.001686
  pitch: 28.038792
