lastAccountName: Omigstar123
timestamps:
  login: 1504910553645
  lastteleport: 1504910608204
  logout: 1504910830363
ipAddress: 175.34.85.107
geolocation: Australia
lastlocation:
  world: deathrun
  x: -9.312587814667864
  y: 60.0
  z: -1.371750077677683
  yaw: 333.1497
  pitch: -9.900016
logoutlocation:
  world: crossfire
  x: -46.491787353996564
  y: 72.0
  z: -26.906350014682722
  yaw: -359.80014
  pitch: 0.29999238
godmode: false
teleportenabled: true
money: '0'
homes:
  home:
    world: survival112
    x: 578.0975447943654
    y: 150.0
    z: 431.59454840680263
    yaw: -134.3873
    pitch: 19.649958
  jungle:
    world: survival112
    x: -1049.3197177677794
    y: 104.0
    z: -2167.3262006515483
    yaw: -262.9495
    pitch: 37.650055
  home2:
    world: survival112
    x: 581.1193411244495
    y: 77.0
    z: 431.11991169543643
    yaw: -141.58679
    pitch: 12.449994
  sumofun:
    world: survival112
    x: 1137.4965510304214
    y: 75.0
    z: -24.408675892416557
    yaw: -302.23135
    pitch: 12.449989
