lastAccountName: ShadowLink17
timestamps:
  login: 1500941123935
  lastteleport: 1500941051206
  logout: 1500941102536
ipAddress: 75.82.22.43
geolocation: United States
lastlocation:
  world: spawn
  x: 0.11972050250437392
  y: 10.0
  z: -0.13948044014016514
  yaw: 7.1906524
  pitch: 2.700001
logoutlocation:
  world: spawn
  x: 1.5443604175659351
  y: 10.0
  z: 0.25835608027581036
  yaw: 302.84064
  pitch: 15.9
money: '0'
