geolocation: Netherlands
lastAccountName: SilverImtiaaz
timestamps:
  login: 1509547857590
  lastteleport: 1509548337197
  logout: 1509548522937
ipAddress: 83.163.61.128
lastlocation:
  world: survival112
  x: 258.5
  y: 72.0
  z: 119.5
  yaw: 97.95024
  pitch: 41.850006
money: '12.00'
godmode: false
teleportenabled: true
afk: false
logoutlocation:
  world: survival112
  x: -99.67833294643154
  y: 86.94480777859471
  z: 34.27125009843789
  yaw: -283.79926
  pitch: 27.300005
homes:
  home:
    world: survival112
    x: 147.93258245691598
    y: 64.0
    z: 52.182265008033795
    yaw: 257.85022
    pitch: 25.35001
  home2:
    world: survival112
    x: -967.9699083740646
    y: 62.0625
    z: 356.61547721808915
    yaw: -235.95447
    pitch: 11.699973
  admir_07:
    world: survival112
    x: 258.3330019440185
    y: 72.0
    z: 119.69653054122574
    yaw: 167.55017
    pitch: 46.05
