lastAccountName: I_am_Sophia
timestamps:
  login: 1509712607703
  logout: 1509713203674
  lastteleport: 1509713203480
  lastheal: 1498521882271
ipAddress: 174.106.156.132
geolocation: United States
lastlocation:
  world: classroom
  x: -3.2426868008711978
  y: 100.0
  z: -2.7486945487070744
  yaw: -88.926285
  pitch: 24.782307
godmode: false
teleportenabled: true
logoutlocation:
  world: lexstarklabs
  x: 0.5
  y: 60.0
  z: 6.5
  yaw: -88.926285
  pitch: -0.17303352
money: '909.79999999999995'
afk: false
homes:
  home:
    world: survival112
    x: -839.2965137982349
    y: 64.0625
    z: 272.43816341993085
    yaw: -178.28467
    pitch: 43.19997
  grave:
    world: survival112
    x: -769.4685827150582
    y: 114.875
    z: 871.0915436793886
    yaw: 91.43602
    pitch: 85.64999
  ghostbusterslab:
    world: survival112
    x: -417.6276349440677
    y: 94.0
    z: 1993.782553249547
    yaw: -265.90735
    pitch: 41.549984
  headquarters:
    world: titanstower
    x: -19.95716651284427
    y: 98.5
    z: 136.5642366255543
    yaw: 37.049988
    pitch: 12.89995
