geolocation: Morocco
lastAccountName: 1slandGuy
timestamps:
  login: 1506078048305
  lastteleport: 1506078537538
  logout: 1506078663900
ipAddress: 196.127.41.251
lastlocation:
  world: lexstarklabs
  x: 1.3194601036061846
  y: 59.0
  z: 0.6439322734284607
  yaw: -187.24196
  pitch: 37.00077
godmode: false
teleportenabled: true
logoutlocation:
  world: greenfield
  x: 15.5917820126361
  y: 90.0
  z: -141.36008047423914
  yaw: 5.1692896
  pitch: -3.7500005
money: '0'
