geolocation: United States
lastAccountName: XTakeshiOgamiX
timestamps:
  login: 1493402201633
  lastteleport: 1493402458123
  logout: 1493402569969
ipAddress: 67.244.11.117
lastlocation:
  world: spawn
  x: -9.421768676638209
  y: 9.0
  z: -42.153336664083
  yaw: 170.69116
  pitch: 32.85
logoutlocation:
  world: greenfield
  x: -2.3000000119209294
  y: 123.0
  z: -193.58874845844952
  yaw: -88.58071
  pitch: 18.45
money: '0'
