geolocation: United States
lastAccountName: Hotburrito54321
timestamps:
  login: 1503437969432
  lastteleport: 1503438470846
  logout: 1503438520550
ipAddress: 24.196.234.17
lastlocation:
  world: deathdrop
  x: -1.4029502725488276
  y: 1.0
  z: -29.71150144605009
  yaw: -85.800026
  pitch: 9.149971
logoutlocation:
  world: deathdrop
  x: 11.507864307408855
  y: 45.0
  z: -85.3316821954474
  yaw: -69.14951
  pitch: 85.34999
money: '0'
