geolocation: United States
lastAccountName: Aekial
timestamps:
  login: 1496092744113
  logout: 1496092887933
ipAddress: 184.98.17.101
lastlocation:
  world: survival
  x: 86.5
  y: 91.0
  z: -109.5
  yaw: -180.32117
  pitch: 0.8999815
logoutlocation:
  world: greenfield
  x: -1711.9114932340794
  y: 70.0
  z: 138.717796679312
  yaw: 90.36604
  pitch: 3.1415782
money: '0'
