geolocation: United States
lastAccountName: Jrund18
timestamps:
  login: 1498434305098
  lastteleport: 1498434362468
  logout: 1498434381928
ipAddress: 74.105.86.241
lastlocation:
  world: spawn
  x: -9.820278146357515
  y: 9.0
  z: -42.16180614131576
  yaw: -172.05916
  pitch: 15.449996
logoutlocation:
  world: greenfield
  x: -4.574945443628564
  y: 123.0
  z: -182.26283982265633
  yaw: 21.669304
  pitch: 22.799988
money: '0'
