lastAccountName: JackDorney
timestamps:
  login: 1502620228980
  logout: 1502620509383
ipAddress: 86.0.45.105
geolocation: United Kingdom
lastlocation:
  world: survival112
  x: -116.5
  y: 70.0
  z: 79.5
  yaw: 0.0
  pitch: 0.0
logoutlocation:
  world: greenfield
  x: -1713.9481953784216
  y: 70.0
  z: 144.2050447683284
  yaw: -56.341244
  pitch: 1.970214
money: '0'
