lastAccountName: GriffinBoy2000
timestamps:
  login: 1503415035880
  lastteleport: 1503415280708
  logout: 1503415283273
ipAddress: 67.186.159.13
geolocation: United States
lastlocation:
  world: spawn
  x: -9.447407641649445
  y: 9.0
  z: -42.20902649152535
  yaw: -184.95935
  pitch: 31.950003
money: '0'
logoutlocation:
  world: greenfield
  x: -5.473556782468222
  y: 123.0625
  z: -196.7809701043645
  yaw: -2.1807127
  pitch: 4.950001
