geolocation: United States
lastAccountName: MiloTheEnderWolf
timestamps:
  login: 1496976336415
  lastteleport: 1496976453212
  logout: 1496977028788
ipAddress: 76.175.37.71
lastlocation:
  world: greenfield
  x: -5.5
  y: 123.0625
  z: -198.5
  yaw: -0.9807123
  pitch: 24.000002
logoutlocation:
  world: greenfield
  x: -1723.2058756563292
  y: 70.0
  z: 145.20496045744045
  yaw: 205.21272
  pitch: 12.740173
money: '0'
