geolocation: United States
lastAccountName: GrayShadowGaming
timestamps:
  login: 1507502112336
  logout: 1507502153505
ipAddress: 174.50.247.26
lastlocation:
  world: survival112
  x: -116.5
  y: 70.0
  z: 79.5
  yaw: 0.0
  pitch: 0.0
logoutlocation:
  world: lexstarklabs
  x: -10.5
  y: 59.0
  z: 0.5
  yaw: -180.85898
  pitch: -8.344179
