lastAccountName: RudolphBoyz
timestamps:
  login: 1509223523385
  lastteleport: 1509224027885
  logout: 1509224229676
ipAddress: 108.195.151.13
geolocation: United States
lastlocation:
  world: plots
  x: 269.0768394960806
  y: 65.0
  z: 266.0050440552499
  yaw: 324.65866
  pitch: 32.850006
logoutlocation:
  world: greenfield
  x: 16.5
  y: 8.0
  z: 140.5
  yaw: -51.801697
  pitch: 64.8
money: '0'
