lastAccountName: goldenTOad323
timestamps:
  login: 1501285261101
  logout: 1501285319266
  lastteleport: 1501285067884
ipAddress: 71.48.173.244
geolocation: United States
lastlocation:
  world: spleeflobby
  x: 10.050767911913567
  y: 64.0
  z: 10.263453952968122
  yaw: -111.90007
  pitch: 14.699982
logoutlocation:
  world: newminigamehub
  x: 73.07499998807907
  y: 102.0
  z: -21.60597531955069
  yaw: -80.55069
  pitch: 31.94998
money: '0'
