geolocation: Israel
lastAccountName: madpesetblock
timestamps:
  login: 1506787315877
  lastteleport: 1506780774428
  logout: 1506787419341
ipAddress: 79.178.1.32
lastlocation:
  world: survival112
  x: -2208.573114032207
  y: 104.16018392327318
  z: 266.6310857956071
  yaw: -319.0049
  pitch: 38.250084
godmode: false
teleportenabled: true
homes:
  home:
    world: survival112
    x: 260.2372536232772
    y: 77.0
    z: -791.2932018944504
    yaw: 263.4613
    pitch: 9.899842
logoutlocation:
  world: survival112
  x: 52.83914051336363
  y: 70.37809216179484
  z: -431.9493539514855
  yaw: 265.70813
  pitch: 49.649788
