geolocation: Germany
lastAccountName: TheRealTonox
timestamps:
  login: 1494693329343
  logout: 1494693387372
ipAddress: 93.217.242.230
lastlocation:
  world: survival
  x: 86.5
  y: 91.0
  z: -109.5
  yaw: -180.32117
  pitch: 0.8999815
logoutlocation:
  world: greenfield
  x: -3.565786823206444
  y: 123.0625
  z: -194.03018986031194
  yaw: -104.93072
  pitch: 22.649998
money: '0'
