geolocation: United States
lastAccountName: natedogg3804
timestamps:
  login: 1496614756284
  lastteleport: 1496614892021
  logout: 1496614930808
ipAddress: 98.238.157.239
lastlocation:
  world: greenfield
  x: -6.074166967661467
  y: 123.0625
  z: -196.49459198488898
  yaw: -358.58075
  pitch: -7.650006
logoutlocation:
  world: greenfield
  x: -1720.408161496272
  y: 70.0
  z: 145.1083762004162
  yaw: -328.63586
  pitch: -7.650022
money: '0'
