lastAccountName: bozzz_schnar
timestamps:
  login: 1505334762891
  lastteleport: 1505335647953
  logout: 1505335672680
ipAddress: 178.14.81.82
geolocation: Germany
lastlocation:
  world: spawn
  x: -9.423441896435161
  y: 9.0
  z: -42.09588776371611
  yaw: -180.30928
  pitch: 26.399988
money: '0'
teleportenabled: true
logoutlocation:
  world: greenfield
  x: -5.581908062512392
  y: 118.5
  z: -180.8360463135844
  yaw: -192.08073
  pitch: 24.450008
