lastAccountName: JeffTh3Chef
timestamps:
  login: 1500207547560
  lastteleport: 1500207746600
  logout: 1500208020895
ipAddress: 90.149.156.30
geolocation: Norway
lastlocation:
  world: greenfield
  x: -1727.0400456821026
  y: 69.0
  z: 173.7073030131869
  yaw: -274.27615
  pitch: 38.69519
money: '0'
logoutlocation:
  world: greenfield
  x: -1714.812305396042
  y: 70.0
  z: 141.20042553042185
  yaw: -123.20966
  pitch: -13.3011875
