lastAccountName: REAPERDUDE007
timestamps:
  login: 1508090218057
  logout: 1508090248301
ipAddress: 90.192.57.220
geolocation: United Kingdom
lastlocation:
  world: survival112
  x: -116.5
  y: 70.0
  z: 79.5
  yaw: 0.0
  pitch: 0.0
logoutlocation:
  world: lexstarklabs
  x: -10.5
  y: 59.0
  z: 0.5
  yaw: -179.80899
  pitch: -8.794178
