lastAccountName: danoobieguy
timestamps:
  login: 1499187264303
  lastteleport: 1499187533798
  logout: 1499187555675
ipAddress: 90.220.135.254
geolocation: United Kingdom
lastlocation:
  world: greenfield
  x: -4.872825730641345
  y: 123.0625
  z: -193.60656607033982
  yaw: -46.43071
  pitch: 15.299999
money: '0'
logoutlocation:
  world: greenfield
  x: -5.5
  y: 123.0625
  z: -198.5
  yaw: -0.080712534
  pitch: 0.9000001
