geolocation: United States
lastAccountName: YouBoys
timestamps:
  login: 1506505959521
  lastteleport: 1506506021906
  logout: 1506506187253
ipAddress: 68.7.161.88
lastlocation:
  world: greenfield
  x: -56.64976183420396
  y: 72.0625
  z: -309.1629680935804
  yaw: -25.06186
  pitch: 22.067776
logoutlocation:
  world: greenfield
  x: -26.647588298299045
  y: 69.0
  z: -191.50392978552279
  yaw: 1.1886902
  pitch: 21.917778
money: '0'
