lastAccountName: SamTDE
timestamps:
  login: 1508674039863
  lastteleport: 1508675710639
  logout: 1508682300082
ipAddress: 183.83.200.97
geolocation: India
lastlocation:
  world: survival112
  x: -740.3000000119209
  y: 74.0
  z: 1884.699999988079
  yaw: 277.4817
  pitch: 65.25003
money: '0'
logoutlocation:
  world: lexstarklabs
  x: -4.442416856060214
  y: 59.0625
  z: 40.32360049143057
  yaw: -76.821815
  pitch: 37.260784
homes:
  home:
    world: survival112
    x: -254.4426843261204
    y: 68.0
    z: 233.56618374111343
    yaw: 175.19911
    pitch: 80.699936
  samtde:
    world: survival112
    x: -15.828749326619121
    y: 119.0
    z: 94.42570575849194
    yaw: 270.01685
    pitch: 63.80675
  village:
    world: survival112
    x: -394.3293946446868
    y: 66.0
    z: 680.7686399492455
    yaw: 49.953888
    pitch: 79.95004
  la:
    world: survival112
    x: -730.4638812368192
    y: 69.0
    z: 1895.4380918066756
    yaw: 39.88159
    pitch: -19.200006
godmode: false
teleportenabled: true
afk: false
