lastAccountName: Captin_Awesome
timestamps:
  login: 1496614227549
  lastteleport: 1496614253299
  logout: 1496614269998
ipAddress: 68.13.72.146
geolocation: United States
lastlocation:
  world: greenfield
  x: -5.628827725985598
  y: 123.0625
  z: -194.21598508861445
  yaw: -18.132996
  pitch: 13.220443
logoutlocation:
  world: greenfield
  x: -1721.3276465146673
  y: 70.0
  z: 142.57448167515128
  yaw: -129.11707
  pitch: 19.658037
money: '0'
