geolocation: Finland
lastAccountName: Rottta
timestamps:
  login: 1501880805870
  lastteleport: 1501881425156
  logout: 1501881430171
ipAddress: 188.238.221.83
lastlocation:
  world: greenfield
  x: -5.1748703961684015
  y: 123.0625
  z: -193.549245025615
  yaw: -45.375156
  pitch: 4.3071046
logoutlocation:
  world: lexstarklabs
  x: 0.5
  y: 59.0
  z: 1.5
  yaw: 0.56041294
  pitch: 8.917912
money: '0'
