geolocation: Belgium
lastAccountName: neodepeo
timestamps:
  login: 1509218237069
  lastteleport: 1509217954595
  logout: 1509218369765
ipAddress: 178.117.235.239
lastlocation:
  world: spawn
  x: 330.5
  y: 64.9312500178814
  z: -21.5
  yaw: 257.24997
  pitch: 60.30002
logoutlocation:
  world: spawn
  x: 318.10223349586704
  y: 65.0
  z: -27.486733328162714
  yaw: 4.790964
  pitch: 68.70001
