lastAccountName: FatTiger
timestamps:
  login: 1496283029257
  logout: 1496283123007
ipAddress: 104.1.22.151
geolocation: United States
lastlocation:
  world: survival
  x: 86.5
  y: 91.0
  z: -109.5
  yaw: -180.32117
  pitch: 0.8999815
logoutlocation:
  world: greenfield
  x: -1712.5
  y: 70.0
  z: 130.5
  yaw: 3.6660142
  pitch: 8.541567
money: '0'
