geolocation: United States
lastAccountName: Raidplays
timestamps:
  login: 1508613518031
  lastteleport: 1508560805115
  logout: 1508613540368
ipAddress: 99.195.25.47
lastlocation:
  world: survival112
  x: -121.03304223587745
  y: 106.86997445000489
  z: -4.853489173761701
  yaw: -21.5372
  pitch: 9.246366
godmode: false
teleportenabled: true
logoutlocation:
  world: greenfield
  x: 20.870567070166974
  y: 10.979419700288805
  z: 137.3527351859999
  yaw: -268.4017
  pitch: 33.888805
