geolocation: United States
lastAccountName: Mrbear6248
timestamps:
  login: 1504824236912
  logout: 1504824713373
  lastteleport: 1504824449040
ipAddress: 73.60.227.204
lastlocation:
  world: lexstarklabs
  x: 0.7130885138790707
  y: 59.0
  z: 0.7565854851349387
  yaw: 173.05768
  pitch: 31.750793
logoutlocation:
  world: greenfield
  x: -5.5
  y: 123.0625
  z: -198.5
  yaw: -41.6307
  pitch: 9.750002
money: '0'
