geolocation: United States
lastAccountName: kirby1235
timestamps:
  login: 1497107755187
  logout: 1497107788969
ipAddress: 73.86.191.191
lastlocation:
  world: survival112
  x: -116.5
  y: 70.0
  z: 79.5
  yaw: 0.0
  pitch: 0.0
logoutlocation:
  world: greenfield
  x: -1712.5
  y: 70.0
  z: 130.5
  yaw: -6.383984
  pitch: 4.191564
money: '0'
