geolocation: United States
lastAccountName: J_DNC
timestamps:
  login: 1503431728935
  lastteleport: 1503431749018
  logout: 1503431818624
ipAddress: 76.29.6.247
lastlocation:
  world: greenfield
  x: -4.820964268224352
  y: 123.0625
  z: -195.28306270306248
  yaw: -37.715816
  pitch: 11.309712
logoutlocation:
  world: lexstarklabs
  x: -10.751817571597218
  y: 59.0
  z: 6.784606137400369
  yaw: 296.56854
  pitch: 5.972369
money: '0'
