geolocation: United States
lastAccountName: Pizza_Jake
timestamps:
  login: 1500603212546
  lastteleport: 1500603675308
  logout: 1500603827804
ipAddress: 23.240.26.82
lastlocation:
  world: greenfield
  x: -47.30923310215247
  y: 110.0
  z: -194.72020526138414
  yaw: -95.21472
  pitch: 10.0640545
money: '0'
logoutlocation:
  world: greenfield
  x: -32.976655323347714
  y: 69.0
  z: -233.86219065830082
  yaw: 211.26924
  pitch: 20.399979
