lastAccountName: ko_tje
timestamps:
  login: 1500194643505
  logout: 1500194723265
ipAddress: 84.85.213.189
geolocation: Netherlands
lastlocation:
  world: survival112
  x: -116.5
  y: 70.0
  z: 79.5
  yaw: 0.0
  pitch: 0.0
money: '0'
logoutlocation:
  world: greenfield
  x: -1718.6308743994198
  y: 70.0
  z: 144.25682368423563
  yaw: -171.6018
  pitch: -8.437638
