geolocation: United States
lastAccountName: iOreoGamer
timestamps:
  login: 1505596188681
  logout: 1505596212438
ipAddress: 24.8.247.119
lastlocation:
  world: survival112
  x: -116.5
  y: 70.0
  z: 79.5
  yaw: 0.0
  pitch: 0.0
logoutlocation:
  world: lexstarklabs
  x: -7.473776048325482
  y: 59.121296840539195
  z: 40.64287098099461
  yaw: -92.211296
  pitch: -0.29860774
money: '0'
