geolocation: United States
lastAccountName: iNoobX
timestamps:
  login: 1509070031464
  logout: 1509070151811
ipAddress: 73.255.101.76
lastlocation:
  world: survival112
  x: -116.5
  y: 70.0
  z: 79.5
  yaw: 0.0
  pitch: 0.0
logoutlocation:
  world: lexstarklabs
  x: 2.280644322127099
  y: 59.0
  z: -1.6999999880790702
  yaw: 10.391034
  pitch: 22.855864
