geolocation: Canada
lastAccountName: Envitoria
timestamps:
  login: 1502676889249
  lastteleport: 1502677400358
  logout: 1502677678400
ipAddress: 69.158.126.168
lastlocation:
  world: spawn
  x: -9.796887125245313
  y: 9.0
  z: -41.87987837186799
  yaw: -180.00932
  pitch: 7.049998
logoutlocation:
  world: greenfield
  x: -5.5
  y: 123.0625
  z: -198.5
  yaw: -0.080712534
  pitch: 0.9000001
money: '0'
