lastAccountName: HiImKappa
timestamps:
  login: 1496148988121
  lastteleport: 1496149057585
  logout: 1496149068857
ipAddress: 111.252.173.241
geolocation: Taiwan
lastlocation:
  world: greenfield
  x: -1712.5672833646154
  y: 70.0
  z: 129.72751921758277
  yaw: -186.13635
  pitch: 25.040031
logoutlocation:
  world: greenfield
  x: -4.329244785354653
  y: 123.0625
  z: -194.7869471785373
  yaw: -200.48074
  pitch: -1.5000026
money: '0'
