lastAccountName: QueenCookieGamer
timestamps:
  login: 1508035611893
  logout: 1508035618014
ipAddress: 73.0.152.84
geolocation: United States
lastlocation:
  world: survival112
  x: -116.5
  y: 70.0
  z: 79.5
  yaw: 0.0
  pitch: 0.0
logoutlocation:
  world: lexstarklabs
  x: -0.47332453652013046
  y: 59.0
  z: 7.16420401004222
  yaw: -0.43421617
  pitch: 36.92388
