lastAccountName: MattSoBrew
timestamps:
  login: 1501033454621
  logout: 1501033483916
ipAddress: 93.41.44.226
geolocation: Italy
lastlocation:
  world: greenfield
  x: -1720.330193761015
  y: 71.02442408821369
  z: 141.14165590734734
  yaw: 150.6659
  pitch: 27.141573
logoutlocation:
  world: torture
  x: -9.5
  y: 69.0
  z: -4.5
  yaw: -91.1044
  pitch: 13.807311
money: '0'
