lastAccountName: ItzFlaff
timestamps:
  login: 1496552190449
  lastteleport: 1496551973123
  logout: 1496552213757
ipAddress: 118.210.236.228
geolocation: Australia
lastlocation:
  world: greenfield
  x: -1727.316945982669
  y: 69.0
  z: 173.42540517920511
  yaw: 90.129456
  pitch: 35.79225
teleportenabled: true
logoutlocation:
  world: greenfield
  x: -1697.064585803134
  y: 70.0
  z: 136.49876841134392
  yaw: 97.99097
  pitch: 9.691086
money: '0'
