geolocation: Belgium
lastAccountName: firerayan
timestamps:
  login: 1507721922405
  lastteleport: 1507722035264
  logout: 1507722041512
ipAddress: 81.83.23.84
lastlocation:
  world: spawn
  x: 304.3543690505938
  y: 65.0
  z: -22.93765087781964
  yaw: 79.49098
  pitch: 5.6999884
logoutlocation:
  world: theworldroom
  x: 4.198170494378241
  y: 100.0
  z: 2.3148408018024416
  yaw: -38.25375
  pitch: 7.8380923
