geolocation: Australia
lastAccountName: duckingfeen
timestamps:
  login: 1507024992156
  lastteleport: 1507026320924
  logout: 1507026402624
ipAddress: 211.30.21.146
lastlocation:
  world: spawn
  x: 304.96701887900684
  y: 65.0
  z: -29.928218022930505
  yaw: -251.40936
  pitch: 3.9000134
godmode: false
teleportenabled: true
logoutlocation:
  world: survival112
  x: -144.08214503636503
  y: 63.0
  z: 108.2096036083629
  yaw: 201.36282
  pitch: 17.946339
