lastAccountName: Xpit500
timestamps:
  login: 1503137651760
  logout: 1503137675369
ipAddress: 110.20.130.98
geolocation: Australia
lastlocation:
  world: survival112
  x: -116.5
  y: 70.0
  z: 79.5
  yaw: 0.0
  pitch: 0.0
logoutlocation:
  world: greenfield
  x: -1713.699999988079
  y: 70.0
  z: 143.33243778837362
  yaw: 87.781456
  pitch: 3.2767015
money: '0'
