geolocation: United Kingdom
lastAccountName: milocheese
timestamps:
  login: 1501070496208
  lastteleport: 1501070665862
  logout: 1501070689311
ipAddress: 82.20.202.4
lastlocation:
  world: greenfield
  x: -5.451254755873238
  y: 124.08692408821369
  z: -179.39528069873762
  yaw: -2.930743
  pitch: 22.64999
money: '0'
logoutlocation:
  world: survival112
  x: -160.69999998807907
  y: 74.0
  z: 91.97490363151904
  yaw: 104.39996
  pitch: 17.39999
