geolocation: Australia
lastAccountName: MrBossy
timestamps:
  login: 1503035319881
  lastteleport: 1503035378740
  logout: 1503035394623
ipAddress: 61.69.85.6
lastlocation:
  world: greenfield
  x: -5.387209309950408
  y: 124.08692408821369
  z: -179.70687316706432
  yaw: 6.3692856
  pitch: 38.55001
logoutlocation:
  world: survival112
  x: -119.5
  y: 71.0
  z: 77.5
  yaw: 8.549999
  pitch: 18.9
money: '0'
