geolocation: Netherlands
lastAccountName: MartyInfinity
timestamps:
  login: 1498324948598
  lastteleport: 1498324951064
  logout: 1498325453836
ipAddress: 185.137.19.144
lastlocation:
  world: spawn
  x: 0.5
  y: 10.0
  z: 0.5
  yaw: -178.6593
  pitch: 1.3499979
logoutlocation:
  world: spawn
  x: 0.5
  y: 10.0
  z: 0.5
  yaw: -178.6593
  pitch: 1.3499979
money: '0'
