geolocation: United States
lastAccountName: supersoldier2002
timestamps:
  login: 1497227640440
  logout: 1497227663520
ipAddress: 98.5.12.255
lastlocation:
  world: survival112
  x: -116.5
  y: 70.0
  z: 79.5
  yaw: 0.0
  pitch: 0.0
logoutlocation:
  world: greenfield
  x: -1713.204598057468
  y: 70.0
  z: 144.1291112105808
  yaw: 16.716114
  pitch: 8.391542
money: '0'
