lastAccountName: SandbyKarl
timestamps:
  login: 1503126385367
  lastteleport: 1503126892417
  logout: 1503126910583
ipAddress: 90.231.105.206
geolocation: Sweden
lastlocation:
  world: greenfield
  x: -15.209921913581194
  y: 124.0625
  z: -188.50364730059187
  yaw: 85.77495
  pitch: 22.056124
logoutlocation:
  world: spawn
  x: 23.119045193001096
  y: 9.0
  z: -33.09511761698708
  yaw: -170.28513
  pitch: 4.520029
money: '0'
