geolocation: United States
lastAccountName: 12345adrian
timestamps:
  login: 1503104239441
  logout: 1503105034046
  lastteleport: 1503104974572
ipAddress: 70.112.212.11
lastlocation:
  world: spawn
  x: 0.5
  y: 10.0
  z: 0.5
  yaw: -178.6593
  pitch: 1.3499979
logoutlocation:
  world: survival112
  x: -62.30910644075695
  y: 74.0
  z: 118.69999998807907
  yaw: -206.84999
  pitch: -3.899999
godmode: false
teleportenabled: true
afk: false
money: '0'
