geolocation: United States
lastAccountName: _deg0_deg0_
timestamps:
  login: 1509414127351
  lastteleport: 1509415040287
  logout: 1509415100768
ipAddress: 47.208.20.16
lastlocation:
  world: atlantis
  x: -161.47015968196
  y: 6.5
  z: -722.918320743406
  yaw: -132.9177
  pitch: -2.861521
godmode: false
teleportenabled: true
logoutlocation:
  world: greenfield
  x: 20.410066567464817
  y: 4.653121677934207
  z: 137.6990229722759
  yaw: -180.01161
  pitch: 0.46778247
