geolocation: United States
lastAccountName: natnat98
timestamps:
  login: 1506993886068
  lastteleport: 1506994145701
  logout: 1506994351038
ipAddress: 174.52.252.140
lastlocation:
  world: infinitycity
  x: -452.9599882967798
  y: 139.5
  z: 42.38500961609101
  yaw: -8.347012
  pitch: 21.317139
godmode: false
teleportenabled: true
logoutlocation:
  world: fortressofsolitude
  x: 430.34205849155205
  y: 93.43803496850948
  z: -873.2146503140498
  yaw: -264.1825
  pitch: -32.05262
