lastAccountName: RFlash
timestamps:
  login: 1498248095630
  lastteleport: 1498248668398
  logout: 1498248724592
ipAddress: 73.216.157.85
geolocation: United States
lastlocation:
  world: greenfield
  x: -1712.4460296572593
  y: 70.0
  z: 129.88923700336187
  yaw: -157.48592
  pitch: 16.190048
teleportenabled: true
logoutlocation:
  world: greenfield
  x: -1.3462405469101724
  y: 124.0
  z: -182.45340333335182
  yaw: -16.580719
  pitch: -0.3000097
money: '0'
