lastAccountName: _DerwinFireWolf_
timestamps:
  login: 1509330385704
  lastteleport: 1509330836794
  logout: 1509330883906
ipAddress: 74.232.120.228
geolocation: United States
lastlocation:
  world: spawn
  x: 318.0483306239819
  y: 65.0
  z: -25.95772716812917
  yaw: -175.05908
  pitch: -1.9499965
logoutlocation:
  world: greenfield
  x: 18.63010563166527
  y: 5.305438451751212
  z: 138.5798254612846
  yaw: -180.01161
  pitch: 0.46778247
