geolocation: United Kingdom
lastAccountName: MYCRAFT007
timestamps:
  login: 1507477417421
  logout: 1507477845403
  lastteleport: 1507477548344
ipAddress: 86.18.172.234
lastlocation:
  world: spawn
  x: 305.5614509715093
  y: 65.0
  z: -17.74499327371209
  yaw: -359.02573
  pitch: -0.072154835
logoutlocation:
  world: overvoid
  x: -50.69999998807907
  y: 96.0
  z: 38.0898931985383
  yaw: 48.262386
  pitch: 15.358928
money: '3.20'
