geolocation: Israel
lastAccountName: Vanvan_
timestamps:
  login: 1503067922306
  logout: 1503067956788
ipAddress: 79.179.28.160
lastlocation:
  world: survival112
  x: -116.5
  y: 70.0
  z: 79.5
  yaw: 0.0
  pitch: 0.0
money: '0'
logoutlocation:
  world: greenfield
  x: -1719.317197265447
  y: 70.0
  z: 144.93628388412972
  yaw: -88.62954
  pitch: 40.564735
