geolocation: United States
lastAccountName: itsJSullivan
timestamps:
  login: 1496009284144
  logout: 1496009509562
  lastteleport: 1496009445742
ipAddress: 73.100.53.162
logoutlocation:
  world: greenfield
  x: -1712.3879087500163
  y: 70.0
  z: 138.5584533237678
  yaw: 168.76425
  pitch: 79.35003
lastlocation:
  world: greenfield
  x: -3.749427346134897
  y: 125.5
  z: -190.32658925236007
  yaw: -10.130711
  pitch: 19.949982
money: '0'
