geolocation: United States
lastAccountName: zombieslayer220
timestamps:
  login: 1501201830134
  lastteleport: 1501201948875
  logout: 1501202016173
ipAddress: 75.128.82.0
lastlocation:
  world: greenfield
  x: -5.548947751198075
  y: 124.0
  z: -179.5205107662679
  yaw: 11.919286
  pitch: 18.449999
money: '0'
logoutlocation:
  world: survival112
  x: -73.66601465650947
  y: 60.0
  z: 36.60981315433588
  yaw: 170.09998
  pitch: 3.6000156
