lastAccountName: Guitar_Hero
timestamps:
  login: 1501532230912
  lastteleport: 1501532306357
  logout: 1501532763081
ipAddress: 82.43.53.165
geolocation: United Kingdom
lastlocation:
  world: survival112
  x: 1119.2848003202255
  y: 63.0
  z: -17.423897401377616
  yaw: -29.975733
  pitch: 90.0
teleportenabled: true
godmode: false
logoutlocation:
  world: lexstarklabs
  x: 1.1083581830765263
  y: 59.0
  z: 20.79528166636369
  yaw: 171.73369
  pitch: 32.158123
money: '0'
homes:
  starlabs:
    world: survival112
    x: -976.2245421501623
    y: 61.0
    z: 343.3051476948106
    yaw: 4.643159
    pitch: 1.1733837
  speedsterisland:
    world: survival112
    x: 512.6771007388883
    y: 64.0
    z: 48.86835706816094
    yaw: 183.6324
    pitch: 6.6167154
  home:
    world: survival112
    x: 1123.192302453312
    y: 63.0
    z: -15.897287200236237
    yaw: 123.243866
    pitch: 24.417591
afk: false
