lastAccountName: xxnarutoboyxx74
timestamps:
  login: 1509996709896
  logout: 1509996733186
ipAddress: 172.56.23.63
geolocation: United States
lastlocation:
  world: survival112
  x: -116.5
  y: 70.0
  z: 79.5
  yaw: 0.0
  pitch: 0.0
logoutlocation:
  world: lexstarklabs
  x: -6.706985693254573
  y: 59.0
  z: 9.567730087386042
  yaw: -76.782875
  pitch: 26.938875
