lastAccountName: Sofie_Panda
timestamps:
  login: 1505219071622
  logout: 1505219203691
ipAddress: 80.199.147.103
geolocation: Denmark
lastlocation:
  world: survival112
  x: -116.5
  y: 70.0
  z: 79.5
  yaw: 0.0
  pitch: 0.0
logoutlocation:
  world: lexstarklabs
  x: 1.1405612665144793
  y: 59.0
  z: 22.684028986806204
  yaw: 1.9038252
  pitch: 5.7926154
money: '0'
