lastAccountName: 13thSecond
timestamps:
  login: 1504476986108
  lastteleport: 1504479503014
  logout: 1504479944870
ipAddress: 73.28.226.174
geolocation: United States
lastlocation:
  world: speedforce
  x: -2.110133082640112
  y: 80.0
  z: -162.69160843571154
  yaw: -179.09985
  pitch: 3.450003
godmode: false
money: '0'
teleportenabled: true
logoutlocation:
  world: lexstarklabs
  x: 9.761223849021853
  y: 59.0
  z: 31.3046736497916
  yaw: -100.24228
  pitch: 26.200727
