geolocation: Canada
lastAccountName: Aamonlesaint
timestamps:
  login: 1501515284306
  lastteleport: 1501515513685
  logout: 1501515552664
ipAddress: 74.210.168.63
lastlocation:
  world: lexstarklabs
  x: 0.6279680834921625
  y: 59.0
  z: 0.9552830411648889
  yaw: -179.7414
  pitch: 26.350794
money: '0'
logoutlocation:
  world: greenfield
  x: -26.125838328309637
  y: 69.0
  z: -194.60540823379483
  yaw: 83.46925
  pitch: 64.649994
