geolocation: Belgium
lastAccountName: Domieno
timestamps:
  login: 1508957839326
  logout: 1508960317697
  lastteleport: 1508958375710
ipAddress: 81.83.34.131
lastlocation:
  world: spawn
  x: -50.75808636560796
  y: 24.0
  z: -85.60484064828901
  yaw: -87.41367
  pitch: 3.3468447
teleportenabled: true
logoutlocation:
  world: anarchy
  x: 65.84275479287069
  y: 63.0
  z: 137.31551826379194
  yaw: -323.04663
  pitch: 14.700216
godmode: false
