lastAccountName: TheLegendClan
timestamps:
  login: 1496550303062
  lastteleport: 1496550681586
  logout: 1496550700791
ipAddress: 118.100.71.80
geolocation: Malaysia
lastlocation:
  world: office
  x: -5.108331260136098
  y: 134.0
  z: 10.699999988079071
  yaw: 88.13686
  pitch: 55.918278
logoutlocation:
  world: policeoffice
  x: 1.0533989329288986
  y: 75.0
  z: 77.43103159516012
  yaw: 5.8582225
  pitch: 2.1000829
money: '0'
