geolocation: United States
lastAccountName: NeverPanda_MC
timestamps:
  login: 1496085852170
  logout: 1496086189016
ipAddress: 24.13.132.242
lastlocation:
  world: greenfield
  x: -5.300000011920931
  y: 123.0
  z: -200.0344469219871
  yaw: 202.76501
  pitch: 54.670116
logoutlocation:
  world: spawn
  x: 0.6306004523581504
  y: 10.0
  z: 6.747297420203209
  yaw: 202.35802
  pitch: 26.024624
money: '0'
