geolocation: United States
lastAccountName: TechnoBldeJr
timestamps:
  login: 1507475363242
  logout: 1507475513006
ipAddress: 72.200.147.29
lastlocation:
  world: survival112
  x: -116.5
  y: 70.0
  z: 79.5
  yaw: 0.0
  pitch: 0.0
logoutlocation:
  world: lexstarklabs
  x: -12.662740392276552
  y: 60.0
  z: -1.6963545611361042
  yaw: -112.252365
  pitch: 7.8878484
