geolocation: Canada
lastAccountName: Harry12323232345
timestamps:
  login: 1499441745050
  logout: 1499442257454
ipAddress: 174.116.219.144
lastlocation:
  world: greenfield
  x: -1712.5
  y: 70.0
  z: 130.5
  yaw: 0.36601487
  pitch: -0.60843605
logoutlocation:
  world: whitehouse
  x: -250.20883675549445
  y: 70.0
  z: 8.938315360899397
  yaw: 43.94997
  pitch: 12.750004
money: '0'
