lastAccountName: new2mine
timestamps:
  login: 1508973988201
  logout: 1508974194110
ipAddress: 207.144.51.134
geolocation: United States
lastlocation:
  world: survival112
  x: -116.5
  y: 70.0
  z: 79.5
  yaw: 0.0
  pitch: 0.0
logoutlocation:
  world: lexstarklabs
  x: -1.9694982503489777
  y: 59.0625
  z: 42.24443142804117
  yaw: -105.52075
  pitch: 14.441085
