geolocation: United States
lastAccountName: Big_T70
timestamps:
  login: 1503407877936
  lastteleport: 1503407938409
  logout: 1503408176082
ipAddress: 24.100.118.154
lastlocation:
  world: greenfield
  x: -1727.3124550130642
  y: 69.0
  z: 173.7023578811385
  yaw: -305.1838
  pitch: 61.349957
money: '0'
logoutlocation:
  world: lexstarklabs
  x: -15.571350857525486
  y: 59.0
  z: 27.04903558608575
  yaw: -359.44434
  pitch: -0.59992707
