lastAccountName: MentallyInsaine
timestamps:
  login: 1498596477965
  logout: 1498596530166
ipAddress: 50.249.134.179
geolocation: United States
lastlocation:
  world: survival112
  x: -116.5
  y: 70.0
  z: 79.5
  yaw: 0.0
  pitch: 0.0
logoutlocation:
  world: greenfield
  x: -1703.3581820229479
  y: 70.0
  z: 137.51897466554573
  yaw: -0.23398513
  pitch: 1.3415639
money: '0'
