lastAccountName: Lulm
timestamps:
  login: 1503427523329
  lastteleport: 1503427724431
  logout: 1503427729256
ipAddress: 80.216.94.189
geolocation: Sweden
lastlocation:
  world: greenfield
  x: -5.046652887979418
  y: 123.0625
  z: -193.50566724147333
  yaw: -33.530712
  pitch: 30.45
logoutlocation:
  world: lexstarklabs
  x: 0.5
  y: 59.0
  z: 1.5
  yaw: -11.442094
  pitch: 11.650778
money: '0'
