lastAccountName: Jiren_The_Grey
timestamps:
  login: 1509842514298
  logout: 1509842524650
ipAddress: 127.0.0.1
geolocation: N/A
lastlocation:
  world: survival112
  x: -116.5
  y: 70.0
  z: 79.5
  yaw: 0.0
  pitch: 0.0
logoutlocation:
  world: lexstarklabs
  x: -12.924796304520518
  y: 59.5
  z: 6.440252985308301
  yaw: -8.508942
  pitch: 8.755822
