geolocation: United States
lastAccountName: Deathcore01
timestamps:
  login: 1502341158762
  lastteleport: 1501827847083
  logout: 1502341193217
ipAddress: 73.92.120.31
lastlocation:
  world: lexstarklabs
  x: 4.5
  y: 59.0
  z: 35.5
  yaw: -221.89214
  pitch: 84.45002
godmode: false
teleportenabled: true
money: '0'
afk: false
logoutlocation:
  world: survival112
  x: -127.79180242184466
  y: 73.0
  z: 84.27773994665255
  yaw: 228.90015
  pitch: 36.15001
homes:
  home:
    world: survival112
    x: 701.5
    y: 48.0
    z: 379.5
    yaw: -142.64337
    pitch: 12.127572
  storm:
    world: survival112
    x: 2081.565970842636
    y: 102.0
    z: 1627.0422245775221
    yaw: 36.750122
    pitch: 63.750008
  home2:
    world: survival112
    x: 680.6785541644249
    y: 72.0
    z: 413.18619229227306
    yaw: -90.89319
    pitch: 55.949997
