lastAccountName: FuriousLeeBear
timestamps:
  login: 1508189622363
  lastteleport: 1508189661301
  logout: 1508189720626
ipAddress: 99.42.35.95
geolocation: United States
lastlocation:
  world: spawn
  x: 314.05904330381543
  y: 66.0
  z: -23.28350461176423
  yaw: 128.85059
  pitch: 27.143557
logoutlocation:
  world: infiniteparkour
  x: 0.25675187719208886
  y: 68.0
  z: -15.538314379996391
  yaw: 233.1607
  pitch: 20.764536
