geolocation: Italy
lastAccountName: PeniissPeitsche
timestamps:
  login: 1500041451395
  logout: 1500041476685
  lastteleport: 1500040339512
ipAddress: 93.41.40.41
lastlocation:
  world: newminigamehub
  x: 41.86516535498229
  y: 96.0
  z: 12.53627989103226
  yaw: -52.500572
  pitch: 19.350014
afk: false
logoutlocation:
  world: formuladrift
  x: -91.69316278186186
  y: 66.0
  z: 32.70863484206812
  yaw: 19.777775
  pitch: 30.150019
godmode: false
teleportenabled: true
homes:
  home:
    world: survival112
    x: 599.2985574140623
    y: 64.0
    z: 65.10759347909935
    yaw: 188.464
    pitch: 7.349383
  draco:
    world: survival112
    x: -177.67948209825812
    y: 63.0
    z: 381.5413209242134
    yaw: 357.33466
    pitch: 43.81066
  steph:
    world: survival112
    x: 1939.300000011921
    y: 71.0
    z: 540.8545989929817
    yaw: 76.50632
    pitch: 21.361048
  rairakuu:
    world: survival112
    x: 516.85471269383
    y: 64.88577240087535
    z: -37.45875515860749
    yaw: -109.05151
    pitch: 22.799986
money: '0'
