geolocation: United States
lastAccountName: FrostbiteC
timestamps:
  login: 1505671526496
  lastteleport: 1501375005018
  logout: 1505671536146
  lastheal: 1500327647555
ipAddress: 24.231.224.231
lastlocation:
  world: greenfield
  x: -16.297682242691472
  y: 123.0625
  z: -183.90392768680712
  yaw: -39.230713
  pitch: 54.000027
money: '0'
logoutlocation:
  world: survival112
  x: -2463.8957122897914
  y: 70.0
  z: 1784.7457082484189
  yaw: -7.648362
  pitch: 0.1500102
teleportenabled: true
godmode: false
homes:
  home:
    world: survival112
    x: -2446.841552336091
    y: 87.0
    z: 2239.014397882192
    yaw: -49.949333
    pitch: 45.30004
