geolocation: United Kingdom
lastAccountName: burnbrightest
timestamps:
  login: 1502862031165
  lastteleport: 1502862322913
  logout: 1502862359174
ipAddress: 86.10.188.75
lastlocation:
  world: greenfield
  x: -45.15101748439481
  y: 110.0
  z: -190.89063410952173
  yaw: -230.96179
  pitch: 3.3132405
money: '0'
logoutlocation:
  world: spawn
  x: 4.074544959339753
  y: 9.0
  z: -26.729931777571554
  yaw: -109.66462
  pitch: 12.061558
