lastAccountName: KivaX
timestamps:
  login: 1509927634340
  logout: 1509927691599
ipAddress: 69.138.5.189
geolocation: United States
lastlocation:
  world: survival112
  x: -116.5
  y: 70.0
  z: 79.5
  yaw: 0.0
  pitch: 0.0
logoutlocation:
  world: lexstarklabs
  x: -15.456390727575755
  y: 59.0625
  z: 13.101058960779465
  yaw: -357.409
  pitch: 18.149948
