lastAccountName: OPWonShnobe
timestamps:
  login: 1509913809513
  lastteleport: 1509914060601
  logout: 1509914063917
ipAddress: 71.198.27.67
geolocation: United States
lastlocation:
  world: spawn
  x: -83.59799997508526
  y: 24.0
  z: -85.50005637378126
  yaw: 90.03631
  pitch: 3.4968445
godmode: false
teleportenabled: true
logoutlocation:
  world: spawn
  x: 318.82799012862023
  y: 66.0
  z: -17.912840256727375
  yaw: -345.2431
  pitch: 30.170046
