lastAccountName: khb0921
timestamps:
  login: 1509552579976
  lastteleport: 1509551488569
  logout: 1509552606566
ipAddress: 205.201.247.27
geolocation: United States
lastlocation:
  world: lexstarklabs
  x: 1.8402081201716514
  y: 59.0625
  z: 14.1805867108043
  yaw: 158.23836
  pitch: 12.876966
godmode: false
teleportenabled: true
logoutlocation:
  world: lexstarklabs
  x: -10.07679215671356
  y: 59.0625
  z: 41.16564911103481
  yaw: 268.0387
  pitch: 15.576954
