geolocation: Germany
lastAccountName: Deathmaster007
timestamps:
  login: 1508928378261
  lastteleport: 1508928662576
  logout: 1508929556611
ipAddress: 178.9.200.160
lastlocation:
  world: lexstarklabs
  x: 0.06656936991297704
  y: 59.0625
  z: 33.95368639563004
  yaw: 152.03537
  pitch: 7.8629236
godmode: false
teleportenabled: true
logoutlocation:
  world: survival112
  x: -5.571139023546032
  y: 65.0
  z: 107.4540716489168
  yaw: 100.519775
  pitch: -51.777313
