geolocation: United Kingdom
lastAccountName: Dnkiwi
timestamps:
  login: 1504443462604
  logout: 1504443593230
  lastteleport: 1504443576294
ipAddress: 86.1.127.98
lastlocation:
  world: greenfield
  x: -5.5
  y: 123.0625
  z: -198.5
  yaw: 84.81928
  pitch: 1.0500005
teleportenabled: true
logoutlocation:
  world: greenfield
  x: 16.37798153841868
  y: 8.0
  z: 135.35990679682538
  yaw: -89.45172
  pitch: -23.561195
money: '0'
