geolocation: United States
lastAccountName: nozy_spiderman
timestamps:
  login: 1501265104911
  lastteleport: 1501265163381
  logout: 1501265746677
ipAddress: 73.19.109.146
lastlocation:
  world: greenfield
  x: -1712.6989134599933
  y: 70.0
  z: 129.9653036070221
  yaw: -182.99422
  pitch: 15.118453
logoutlocation:
  world: greenfield
  x: -3.076254699129414
  y: 69.0
  z: -211.6483135766294
  yaw: 198.89426
  pitch: 33.782867
afk: false
money: '0'
