geolocation: United States
lastAccountName: Imotarukai
timestamps:
  login: 1502693980155
  logout: 1502694008200
ipAddress: 24.34.242.187
lastlocation:
  world: survival112
  x: -116.5
  y: 70.0
  z: 79.5
  yaw: 0.0
  pitch: 0.0
logoutlocation:
  world: greenfield
  x: -1711.9299331946136
  y: 70.0
  z: 140.65681064626943
  yaw: 13.455845
  pitch: 2.0928411
money: '0'
