lastAccountName: DevinKill
timestamps:
  login: 1509853909689
  lastteleport: 1509847151518
  logout: 1509853930764
ipAddress: 127.0.0.1
geolocation: N/A
lastlocation:
  world: lexstarklabs
  x: -11.51497980455375
  y: 59.0
  z: 3.774738081140682
  yaw: -154.90907
  pitch: 9.355822
logoutlocation:
  world: spawn
  x: 333.3236063508355
  y: 65.0
  z: -25.326672435754666
  yaw: 7.9408326
  pitch: -9.600007
