geolocation: United States
lastAccountName: Hiddenshadows566
timestamps:
  login: 1509856358869
  logout: 1509856581314
  lastteleport: 1509856537129
ipAddress: 174.24.168.132
lastlocation:
  world: lexstarklabs
  x: 4.373018358706808
  y: 59.0625
  z: 11.02272432745868
  yaw: -106.3076
  pitch: 17.100042
logoutlocation:
  world: spawn
  x: 308.41192893033536
  y: 65.0
  z: -29.996236179880682
  yaw: -117.758835
  pitch: 10.800003
