lastAccountName: TheDemigod144
timestamps:
  login: 1498769980821
  lastteleport: 1498771861810
  lastheal: 1498771516018
  logout: 1498771891983
ipAddress: 199.59.115.221
geolocation: United States
lastlocation:
  world: greenfield
  x: -48.3477042672709
  y: 110.0
  z: -194.14099906762488
  yaw: 296.1584
  pitch: 57.847992
teleportenabled: true
godmode: false
money: '0'
logoutlocation:
  world: office
  x: 4.5
  y: 134.0
  z: 10.5
  yaw: 180.23682
  pitch: 0.1182794
