lastAccountName: Skyript
timestamps:
  login: 1501014143476
  logout: 1501014278854
ipAddress: 163.158.146.46
geolocation: Netherlands
lastlocation:
  world: survival112
  x: -116.5
  y: 70.0
  z: 79.5
  yaw: 0.0
  pitch: 0.0
logoutlocation:
  world: greenfield
  x: -1715.0319882804731
  y: 70.0
  z: 144.35362090061508
  yaw: -80.10104
  pitch: 1.6455384
money: '0'
