geolocation: United States
lastAccountName: _PurplePhantom_
timestamps:
  login: 1500914660170
  lastteleport: 1500137712351
  logout: 1500914674986
ipAddress: 99.11.142.129
lastlocation:
  world: greenfield
  x: -1712.4372020731903
  y: 70.0
  z: 129.6276305205428
  yaw: -180.64555
  pitch: 22.4544
afk: false
money: '0'
logoutlocation:
  world: greenfield
  x: -20.5
  y: 64.0
  z: 575.5
  yaw: 49.5301
  pitch: -23.460121
