lastAccountName: Burrito_Durp
timestamps:
  login: 1509809650472
  logout: 1509809873690
  lastteleport: 1509809541240
ipAddress: 68.96.142.52
geolocation: United States
lastlocation:
  world: greenfield
  x: -448.2317756858249
  y: 69.0
  z: -212.5149784893135
  yaw: 269.8388
  pitch: 20.399973
godmode: false
teleportenabled: true
logoutlocation:
  world: spawn
  x: 333.69999998807907
  y: 65.0
  z: -26.44824557350394
  yaw: -314.70984
  pitch: 23.849993
