lastAccountName: rawman1717
timestamps:
  login: 1502816269414
  lastteleport: 1502816308528
  logout: 1502816396091
ipAddress: 173.30.244.3
geolocation: United States
lastlocation:
  world: greenfield
  x: -4.666293831494563
  y: 123.0625
  z: -193.95309172502502
  yaw: -0.38071254
  pitch: 0.9000001
money: '0'
logoutlocation:
  world: lexstarklabs
  x: 3.5387881784431596
  y: 59.0
  z: 34.87191984163109
  yaw: 95.50836
  pitch: -2.1492205
