lastAccountName: DroptopJohn
timestamps:
  login: 1508379235427
  lastteleport: 1508379609364
  logout: 1508379650774
ipAddress: 184.65.169.90
geolocation: Canada
lastlocation:
  world: spawn
  x: 305.33956271820733
  y: 65.0
  z: -21.466044990519592
  yaw: 107.69092
  pitch: 2.850002
godmode: false
teleportenabled: true
logoutlocation:
  world: theworldroom
  x: -4.560085844228658
  y: 103.0
  z: 7.427215656215414
  yaw: -85.50397
  pitch: 16.838108
