lastAccountName: Prics
timestamps:
  login: 1509240205982
  logout: 1509240728716
  lastteleport: 1509240586280
ipAddress: 216.121.231.243
geolocation: Canada
lastlocation:
  world: spawn
  x: 315.5168981960832
  y: 65.0
  z: -22.60819298536456
  yaw: -238.20895
  pitch: 14.549979
logoutlocation:
  world: nyc
  x: -909.6930156612328
  y: 51.37353093730591
  z: -1827.7449036185706
  yaw: 91.324585
  pitch: 17.679665
godmode: false
teleportenabled: true
