lastAccountName: pixelbox10
timestamps:
  login: 1506301351994
  lastteleport: 1506297120695
  logout: 1506301360358
ipAddress: 68.179.151.76
geolocation: United States
lastlocation:
  world: spawn
  x: -50.88279897824542
  y: 24.0
  z: -85.49210530887252
  yaw: 268.79968
  pitch: 60.899937
logoutlocation:
  world: survival112
  x: -239.08764146273361
  y: 74.0
  z: 71.50889457736572
  yaw: -218.55058
  pitch: 31.499962
money: '0'
