geolocation: Belgium
lastAccountName: BennyPizza
timestamps:
  login: 1499552689817
  lastteleport: 1499554002521
  logout: 1499554196074
ipAddress: 84.198.235.119
lastlocation:
  world: greenfield
  x: -1727.699999988079
  y: 69.0
  z: 173.6116146533218
  yaw: -355.63504
  pitch: 77.54997
logoutlocation:
  world: greenfield
  x: -1700.020179835189
  y: 70.0
  z: 142.7226034700148
  yaw: -272.83588
  pitch: 18.599998
money: '0'
