lastAccountName: tigercub
timestamps:
  login: 1502028165165
  lastteleport: 1502028247779
  logout: 1502028332443
ipAddress: 24.220.149.58
geolocation: United States
lastlocation:
  world: greenfield
  x: -5.5067543487230495
  y: 124.08692408821369
  z: -179.7861851678506
  yaw: 2.4692817
  pitch: 63.000015
logoutlocation:
  world: survival112
  x: 26.40845680528287
  y: 67.0
  z: 237.95972554968262
  yaw: 20.400093
  pitch: 0.15000254
money: '0'
