geolocation: Morocco
lastAccountName: Speg8642
timestamps:
  login: 1501063260728
  logout: 1501063287367
ipAddress: 41.249.20.17
lastlocation:
  world: survival112
  x: -116.5
  y: 70.0
  z: 79.5
  yaw: 0.0
  pitch: 0.0
logoutlocation:
  world: greenfield
  x: -1723.8833506795918
  y: 70.0
  z: 146.51249998807907
  yaw: 127.71608
  pitch: 26.841576
money: '0'
