lastAccountName: Jamesak7819
timestamps:
  login: 1501230470198
  lastteleport: 1501230595751
  logout: 1501230614154
ipAddress: 90.192.71.197
geolocation: United Kingdom
lastlocation:
  world: greenfield
  x: -4.316784536013637
  y: 123.0625
  z: -193.94668421468256
  yaw: -316.88046
  pitch: 34.649975
money: '0'
logoutlocation:
  world: greenfield
  x: -5.495490277302451
  y: 123.0625
  z: -197.87181422217617
  yaw: -0.080712534
  pitch: 0.7500001
