geolocation: United States
lastAccountName: TinyTran
timestamps:
  login: 1497813861546
  lastteleport: 1497806914762
  logout: 1497813979303
ipAddress: 24.61.215.227
lastlocation:
  world: greenfield
  x: -4.0989087533625845
  y: 123.0
  z: -193.5443267210521
  yaw: -1.4306946
  pitch: 10.799998
logoutlocation:
  world: greenfield
  x: -1713.0305162603763
  y: 70.0
  z: 146.9931837313466
  yaw: -213.58607
  pitch: -16.059948
money: '0'
