geolocation: Belgium
lastAccountName: JensPro2001
timestamps:
  login: 1501612547846
  lastteleport: 1501612947285
  logout: 1501613071348
ipAddress: 78.21.1.76
lastlocation:
  world: greenfield
  x: -4.474420283838619
  y: 123.0625
  z: -193.94716853187737
  yaw: -9.230713
  pitch: 14.849999
logoutlocation:
  world: lexstarklabs
  x: 12.795255938401553
  y: 59.0
  z: 41.55637050942787
  yaw: 40.15809
  pitch: -17.44924
money: '0'
