geolocation: South Africa
lastAccountName: TexOdst17
timestamps:
  login: 1502561178692
  logout: 1502561251312
ipAddress: 197.88.65.24
lastlocation:
  world: survival112
  x: -116.5
  y: 70.0
  z: 79.5
  yaw: 0.0
  pitch: 0.0
logoutlocation:
  world: greenfield
  x: -1712.5
  y: 70.0
  z: 130.50475769400333
  yaw: 18.966022
  pitch: 11.841561
money: '0'
