geolocation: United States
lastAccountName: El3ments
timestamps:
  login: 1503797084391
  logout: 1503797148779
ipAddress: 24.147.4.137
lastlocation:
  world: survival112
  x: -116.5
  y: 70.0
  z: 79.5
  yaw: 0.0
  pitch: 0.0
logoutlocation:
  world: greenfield
  x: -1713.6642884267674
  y: 70.0
  z: 137.88732075406395
  yaw: 199.86623
  pitch: 1.4915633
money: '0'
