lastAccountName: Virus7110
timestamps:
  login: 1501032891436
  logout: 1501032905587
ipAddress: 93.41.44.226
geolocation: Italy
lastlocation:
  world: greenfield
  x: -1719.6538824789202
  y: 70.0
  z: 138.04312234139647
  yaw: 193.416
  pitch: 5.8415627
logoutlocation:
  world: torture
  x: -9.5
  y: 69.0
  z: -4.5
  yaw: -91.1044
  pitch: 13.807311
money: '0'
