geolocation: United States
lastAccountName: GamingWithMelon
timestamps:
  login: 1498497903661
  logout: 1498498257003
ipAddress: 72.213.171.183
lastlocation:
  world: survival112
  x: -116.5
  y: 70.0
  z: 79.5
  yaw: 0.0
  pitch: 0.0
logoutlocation:
  world: greenfield
  x: -1703.7983480918863
  y: 70.0
  z: 137.72159400911826
  yaw: -234.3899
  pitch: -1.0283178
money: '0'
