geolocation: Australia
lastAccountName: rangsta
timestamps:
  login: 1509257558909
  logout: 1509259245446
  lastteleport: 1509258934087
ipAddress: 203.40.33.153
lastlocation:
  world: plots
  x: 287.5927199666525
  y: 65.0
  z: 228.37833724990136
  yaw: -91.960884
  pitch: -3.0845404E-6
logoutlocation:
  world: shootingrange
  x: 0.0
  y: -250.98440516359594
  z: 0.0
  yaw: 214.8823
  pitch: -46.843655
godmode: false
teleportenabled: true
