geolocation: United States
lastAccountName: 1Triceratops
timestamps:
  login: 1504389842172
  logout: 1504389860953
ipAddress: 72.208.19.56
lastlocation:
  world: survival112
  x: -116.5
  y: 70.0
  z: 79.5
  yaw: 0.0
  pitch: 0.0
logoutlocation:
  world: lexstarklabs
  x: 0.5107239845417443
  y: 59.0
  z: 9.263422518945886
  yaw: 107.80791
  pitch: 46.750824
money: '0'
