lastAccountName: LKRocks24
timestamps:
  login: 1496858331867
  lastteleport: 1496857442974
  logout: 1496858337672
ipAddress: 65.35.188.240
geolocation: United States
lastlocation:
  world: greenfield
  x: -5.478920618421398
  y: 123.0625
  z: -196.78619683959
  yaw: -3.0807128
  pitch: 3.7500002
logoutlocation:
  world: greenfield
  x: -1724.1462226592218
  y: 70.0
  z: 133.61162242282506
  yaw: -296.0863
  pitch: -25.65991
money: '0'
