lastAccountName: _Brindxn
timestamps:
  login: 1497645179939
  lastteleport: 1497645386096
  logout: 1497645423818
ipAddress: 75.130.171.19
geolocation: United States
lastlocation:
  world: survival112
  x: -119.41241245737137
  y: 72.0
  z: 80.08495783719874
  yaw: 77.60558
  pitch: 9.779567
logoutlocation:
  world: survival112
  x: -190.8534251690969
  y: 65.0
  z: 78.00001361599733
  yaw: 160.0523
  pitch: 13.091971
money: '0'
