lastAccountName: Itz_4fast
timestamps:
  login: 1498106431548
  lastteleport: 1498106528604
  logout: 1498106549345
ipAddress: 24.7.177.229
geolocation: United States
lastlocation:
  world: greenfield
  x: -5.041801834783404
  y: 123.0625
  z: -193.6783262375402
  yaw: -59.330814
  pitch: 49.500008
logoutlocation:
  world: greenfield
  x: -1713.5720437564303
  y: 70.0
  z: 133.22606842303918
  yaw: -154.3361
  pitch: 1.4900639
money: '0'
