geolocation: United States
lastAccountName: sashazach
timestamps:
  login: 1505504621170
  logout: 1505504675701
ipAddress: 69.127.40.192
lastlocation:
  world: survival112
  x: -116.5
  y: 70.0
  z: 79.5
  yaw: 0.0
  pitch: 0.0
logoutlocation:
  world: lexstarklabs
  x: -13.369557927118032
  y: 59.5
  z: -0.9164135240355975
  yaw: 298.7572
  pitch: 13.600792
money: '0'
