geolocation: United States
lastAccountName: ChildishJamo
timestamps:
  login: 1498959997458
  lastteleport: 1498963971709
  logout: 1498964068486
ipAddress: 68.6.222.234
lastlocation:
  world: greenfield
  x: -5.08338025073878
  y: 123.0625
  z: -195.73899450680784
  yaw: -8.780712
  pitch: -4.65
afk: false
logoutlocation:
  world: greenfield
  x: -1712.4285546357487
  y: 70.0
  z: 140.4759655177344
  yaw: -252.58604
  pitch: -0.009923989
money: '0'
