lastAccountName: GoldenMan112
timestamps:
  login: 1499225473844
  lastteleport: 1499225540294
  logout: 1499225578366
ipAddress: 99.117.115.121
geolocation: United States
lastlocation:
  world: greenfield
  x: -125.80636346406575
  y: 64.0
  z: -206.7032658038661
  yaw: 126.78933
  pitch: -7.0918016
godmode: false
teleportenabled: true
money: '0'
homes:
  home:
    world: survival112
    x: 475.08851395187975
    y: 57.0
    z: 460.59420220092596
    yaw: -228.27075
    pitch: 13.537708
  base:
    world: survival112
    x: -391.69999998807907
    y: 66.0
    z: 485.30000001192093
    yaw: -32.404736
    pitch: 9.502609
logoutlocation:
  world: survival112
  x: -390.2286646687991
  y: 66.0
  z: 485.30000001192093
  yaw: -3.289259
  pitch: 1.7786922
afk: false
