geolocation: United States
lastAccountName: biggbw
timestamps:
  login: 1498420568804
  logout: 1498420664024
  lastteleport: 1498419575167
ipAddress: 108.129.118.232
lastlocation:
  world: spawn
  x: -42.007987327327434
  y: 9.0
  z: -5.126374371204212
  yaw: -106.2581
  pitch: 90.0
teleportenabled: true
logoutlocation:
  world: plots
  x: -114.24540599417101
  y: 172.18991077683413
  z: -106.04707519559796
  yaw: -4.4374084
  pitch: 89.112724
money: '0'
