geolocation: United States
lastAccountName: ZyriesK2
timestamps:
  login: 1499442158781
  logout: 1499442196819
ipAddress: 66.31.150.247
lastlocation:
  world: survival112
  x: -116.5
  y: 70.0
  z: 79.5
  yaw: 0.0
  pitch: 0.0
logoutlocation:
  world: greenfield
  x: -1712.5986964956244
  y: 70.0
  z: 140.3865253925194
  yaw: 90.51602
  pitch: 5.991562
money: '0'
