lastAccountName: DenMag
timestamps:
  login: 1508726347211
  logout: 1508727424671
  lastteleport: 1508727190614
ipAddress: 98.228.91.191
geolocation: United States
lastlocation:
  world: survival112
  x: -116.5
  y: 71.0
  z: 79.5
  yaw: 0.0
  pitch: 0.0
logoutlocation:
  world: survival112
  x: -119.43314024695896
  y: -257.3527808610546
  z: 80.41031192547145
  yaw: 55.71337
  pitch: -14.769148
godmode: false
teleportenabled: true
