geolocation: United States
lastAccountName: Superman567
timestamps:
  login: 1504994967960
  lastteleport: 1504994843756
  logout: 1504995009587
ipAddress: 73.112.65.198
lastlocation:
  world: metropolis
  x: 201.5
  y: 31.0
  z: 193.5
  yaw: -135.29997
  pitch: 1.6500027
money: '0'
logoutlocation:
  world: metropolis
  x: 201.5
  y: 31.0
  z: 193.5
  yaw: -136.65013
  pitch: 16.49999
