lastAccountName: _Scarfy_
timestamps:
  login: 1503966247057
  logout: 1503966266911
ipAddress: 98.246.2.43
geolocation: United States
lastlocation:
  world: survival112
  x: -116.5
  y: 70.0
  z: 79.5
  yaw: 0.0
  pitch: 0.0
logoutlocation:
  world: lexstarklabs
  x: 0.5
  y: 59.0
  z: 1.5
  yaw: -0.64209455
  pitch: 0.7007774
money: '0'
