lastAccountName: TheFlash_13
timestamps:
  login: 1500500766999
  lastteleport: 1500495761408
  logout: 1500501675561
ipAddress: 75.89.50.164
geolocation: United States
lastlocation:
  world: crossfire
  x: -4.486808827543885
  y: 77.7531999805212
  z: -46.73455109513501
  yaw: 242.85028
  pitch: -5.850005
godmode: false
teleportenabled: true
logoutlocation:
  world: crossfire
  x: -2.591743708252955
  y: 77.7531999805212
  z: -46.83860568578984
  yaw: 265.49997
  pitch: 21.900005
homes:
  home:
    world: survival112
    x: -304.6440771336836
    y: 64.0
    z: -719.3735499959928
    yaw: 234.89496
    pitch: 18.44999
  dick:
    world: greenfield
    x: -1698.492035720327
    y: 69.0
    z: 104.84421815578119
    yaw: 90.163994
    pitch: 21.89999
money: '0'
afk: false
