geolocation: United States
lastAccountName: CheesyChipster
timestamps:
  login: 1495943394854
  logout: 1495943540148
ipAddress: 75.81.112.186
lastlocation:
  world: survival
  x: 86.5
  y: 91.0
  z: -109.5
  yaw: -180.32117
  pitch: 0.8999815
logoutlocation:
  world: greenfield
  x: -1711.8704134625473
  y: 70.0
  z: 144.63777381054686
  yaw: 106.06011
  pitch: -10.002929
money: '0'
