lastAccountName: builder_Yoran
timestamps:
  login: 1498476548247
  logout: 1498476611293
ipAddress: 86.85.174.179
geolocation: Netherlands
lastlocation:
  world: survival112
  x: -116.5
  y: 70.0
  z: 79.5
  yaw: 0.0
  pitch: 0.0
logoutlocation:
  world: greenfield
  x: -1712.5
  y: 70.0
  z: 130.5
  yaw: -0.23398513
  pitch: 1.3415639
money: '0'
