geolocation: United States
lastAccountName: YTNovaGaming
timestamps:
  login: 1493764599671
  lastteleport: 1493764191372
  logout: 1493764632004
  lastheal: 1493689920489
ipAddress: 173.80.57.117
lastlocation:
  world: spleeflobby
  x: 10.624128953411635
  y: 64.0
  z: -9.079363786255685
  yaw: 192.89984
  pitch: 49.800014
godmode: false
teleportenabled: true
logoutlocation:
  world: spleef
  x: -32.055659398735145
  y: 63.0
  z: 19.83139919983103
  yaw: 356.54117
  pitch: 90.0
money: '0'
homes:
  home:
    world: survival
    x: 254.30000001192093
    y: 252.0
    z: -92.52883005525894
    yaw: 97.03247
    pitch: 55.649982
