geolocation: United States
lastAccountName: 2x2x2x2x2x2x2x2
timestamps:
  login: 1501813078250
  lastteleport: 1501813171440
  logout: 1501813855202
ipAddress: 71.80.212.36
lastlocation:
  world: spawn
  x: -6.332870425271962
  y: 9.0
  z: -28.23962326481774
  yaw: -282.90918
  pitch: 31.199997
godmode: false
teleportenabled: true
money: '0'
logoutlocation:
  world: lexstarklabs
  x: -11.414109407930354
  y: 59.0
  z: 7.322859322205763
  yaw: 112.00704
  pitch: 37.05003
