geolocation: United States
lastAccountName: max_sero
timestamps:
  login: 1495058774543
  logout: 1495059129598
  lastteleport: 1490304748539
  lastheal: 1490236733581
ipAddress: 75.132.180.100
lastlocation:
  world: greenfield
  x: -413.0233439098327
  y: 118.06759408667506
  z: -218.68454124498436
  yaw: -27.380747
  pitch: 40.65001
logoutlocation:
  world: greenfield
  x: -431.56185911596555
  y: 60.0
  z: -244.9491626151703
  yaw: -317.03088
  pitch: 18.149963
godmode: false
teleportenabled: true
money: '0'
