geolocation: United States
lastAccountName: friendlycreeperr
timestamps:
  login: 1500485594549
  logout: 1500485630205
ipAddress: 70.175.62.98
lastlocation:
  world: survival112
  x: -116.5
  y: 70.0
  z: 79.5
  yaw: 0.0
  pitch: 0.0
logoutlocation:
  world: greenfield
  x: -1724.0385154433247
  y: 76.0
  z: 146.51249998807907
  yaw: 94.566124
  pitch: 51.750034
money: '0'
