lastAccountName: Twofrog
timestamps:
  login: 1509839134482
  logout: 1509839152022
ipAddress: 72.94.198.146
geolocation: United States
lastlocation:
  world: survival112
  x: -116.5
  y: 70.0
  z: 79.5
  yaw: 0.0
  pitch: 0.0
logoutlocation:
  world: lexstarklabs
  x: -6.97147284911127
  y: 59.0625
  z: 20.498647636406645
  yaw: 84.64136
  pitch: -4.20002
teleportenabled: true
