lastAccountName: Howling_Crusader
timestamps:
  login: 1494004168823
  logout: 1494004362590
ipAddress: 97.70.37.38
geolocation: United States
lastlocation:
  world: survival
  x: 86.5
  y: 91.0
  z: -109.5
  yaw: -180.32117
  pitch: 0.8999815
logoutlocation:
  world: greenfield
  x: -1714.699999988079
  y: 70.0
  z: 146.31601214084344
  yaw: 75.9906
  pitch: -16.886396
money: '0'
