lastAccountName: DaFinessekidd
timestamps:
  login: 1497817671481
  lastteleport: 1497817745503
  logout: 1497817811432
ipAddress: 108.180.192.45
geolocation: Canada
lastlocation:
  world: greenfield
  x: -1705.463017305507
  y: 70.0
  z: 141.36940626658838
  yaw: -146.6258
  pitch: -7.7246366
logoutlocation:
  world: colosseumlobby
  x: -0.30093991783090696
  y: 88.0
  z: -3.355714092823383
  yaw: -99.444084
  pitch: 8.946394
money: '0'
