geolocation: Brazil
lastAccountName: Myke248
timestamps:
  login: 1509668943426
  logout: 1509669356724
  lastteleport: 1509669317873
ipAddress: 187.114.7.64
lastlocation:
  world: greenfield
  x: 326.79127951151895
  y: 93.0
  z: 18.381874586532824
  yaw: 170.97229
  pitch: 7.5969534
godmode: false
teleportenabled: true
logoutlocation:
  world: lexstarklabs
  x: 11.291772266032623
  y: 59.0
  z: 2.0020957925923324
  yaw: -175.91696
  pitch: 9.975433
