lastAccountName: Pioniu
timestamps:
  login: 1498613197807
  lastteleport: 1498613200100
  logout: 1498613252327
ipAddress: 185.76.10.149
geolocation: Czech Republic
lastlocation:
  world: spawn
  x: 0.5
  y: 10.0
  z: 0.5
  yaw: -178.6593
  pitch: 1.3499979
logoutlocation:
  world: spawn
  x: 0.5
  y: 10.0
  z: 0.5
  yaw: -178.6593
  pitch: 1.3499979
money: '0'
