lastAccountName: 05StampyCat08
timestamps:
  login: 1507311517888
  logout: 1507311863983
ipAddress: 104.178.70.102
geolocation: United States
lastlocation:
  world: survival112
  x: -116.5
  y: 70.0
  z: 79.5
  yaw: 0.0
  pitch: 0.0
money: '1'
logoutlocation:
  world: lexstarklabs
  x: -10.869642344965875
  y: 59.0
  z: 1.4514927650598022
  yaw: -8.208374
  pitch: 22.855822
