geolocation: United States
lastAccountName: MrGameKiller
timestamps:
  login: 1505536646765
  logout: 1505536713169
  lastteleport: 1505536557816
ipAddress: 45.19.162.164
lastlocation:
  world: lexstarklabs
  x: -2.5812422870647627
  y: 59.0
  z: 8.527046938131232
  yaw: 87.40758
  pitch: 1.0500089
logoutlocation:
  world: lexstarklabs
  x: -10.96070062691959
  y: 59.0
  z: 0.9867255322410204
  yaw: -171.49214
  pitch: -4.499996
money: '0'
