geolocation: United States
lastAccountName: blazenhaven
timestamps:
  login: 1501997450698
  logout: 1501997596360
ipAddress: 76.232.84.202
lastlocation:
  world: survival112
  x: -116.5
  y: 70.0
  z: 79.5
  yaw: 0.0
  pitch: 0.0
logoutlocation:
  world: greenfield
  x: -1712.1551194243857
  y: 70.0
  z: 140.31941231770315
  yaw: -273.23083
  pitch: 1.6369884
money: '0'
