geolocation: United States
lastAccountName: TWWAE
timestamps:
  login: 1499455049894
  logout: 1499455089710
ipAddress: 99.53.226.38
lastlocation:
  world: survival112
  x: -116.5
  y: 70.0
  z: 79.5
  yaw: 0.0
  pitch: 0.0
logoutlocation:
  world: greenfield
  x: -1713.3678757391538
  y: 70.0
  z: 140.48045718628373
  yaw: 93.06603
  pitch: 9.591564
money: '0'
