lastAccountName: kevinkp9
timestamps:
  login: 1499183873372
  lastteleport: 1499183799640
  logout: 1499183878289
ipAddress: 84.31.235.213
geolocation: Netherlands
lastlocation:
  world: greenfield
  x: -4.541751447200839
  y: 123.0625
  z: -193.92747759063928
  yaw: -0.08070252
  pitch: 40.5
logoutlocation:
  world: greenfield
  x: -1724.2542854670794
  y: 76.0
  z: 138.63909611420056
  yaw: -8.535969
  pitch: -4.94992
money: '0'
