lastAccountName: SamTheSam
timestamps:
  login: 1500068851034
  logout: 1500068854323
ipAddress: 209.169.99.185
geolocation: United States
lastlocation:
  world: survival112
  x: -116.5
  y: 70.0
  z: 79.5
  yaw: 0.0
  pitch: 0.0
logoutlocation:
  world: greenfield
  x: -1712.5
  y: 70.0
  z: 130.5
  yaw: -0.23398513
  pitch: 1.3415639
money: '0'
