lastAccountName: Px_ReZoX01
timestamps:
  login: 1509375136573
  lastteleport: 1509376831122
  logout: 1509377080755
ipAddress: 109.11.150.108
geolocation: France
lastlocation:
  world: survival112
  x: -2064.5
  y: 87.0
  z: 1230.5
  yaw: -4.8194795
  pitch: -8.697866
teleportenabled: true
godmode: false
logoutlocation:
  world: survival112
  x: -154.59815156475509
  y: 348.55862294958615
  z: 213.29916290402198
  yaw: -169.22343
  pitch: 50.033268
