geolocation: Netherlands
lastAccountName: Justkopa
timestamps:
  login: 1498473797198
  logout: 1498473861327
ipAddress: 83.128.178.87
lastlocation:
  world: survival112
  x: -116.5
  y: 70.0
  z: 79.5
  yaw: 0.0
  pitch: 0.0
logoutlocation:
  world: greenfield
  x: -1722.0162192801324
  y: 70.0
  z: 137.18720684597545
  yaw: -219.08382
  pitch: 12.141541
money: '0'
