lastAccountName: xRunninq
timestamps:
  login: 1505484304411
  logout: 1505484446739
ipAddress: 86.91.68.46
geolocation: Netherlands
lastlocation:
  world: survival112
  x: -116.5
  y: 70.0
  z: 79.5
  yaw: 0.0
  pitch: 0.0
logoutlocation:
  world: lexstarklabs
  x: -3.14985334996724
  y: 59.5
  z: 3.757851709618328
  yaw: -76.913345
  pitch: 20.919645
money: '0'
