lastAccountName: _Chumbo
timestamps:
  login: 1500056429900
  logout: 1500056452841
  lastteleport: 1500056339463
ipAddress: 108.167.21.12
geolocation: United States
lastlocation:
  world: spawn
  x: 61.42401643587684
  y: 9.0
  z: 1.3625343755538255
  yaw: -89.737305
  pitch: 25.987623
money: '0'
logoutlocation:
  world: newminigamehub
  x: 57.669399043890316
  y: 96.0
  z: 13.857436442291062
  yaw: -269.01135
  pitch: 29.906454
teleportenabled: true
