lastAccountName: Eowa
timestamps:
  login: 1494611995153
  lastteleport: 1494612029469
  logout: 1494613237322
ipAddress: 92.218.146.6
geolocation: Germany
lastlocation:
  world: greenfield
  x: -5.520245490718642
  y: 124.0
  z: -179.6644227308143
  yaw: -4.2807283
  pitch: 10.20002
afk: false
logoutlocation:
  world: underworld
  x: -15.405544975268208
  y: 13.0
  z: 23.791288000694337
  yaw: -142.94989
  pitch: 15.750011
money: '0'
