lastAccountName: AdderTheSilver
timestamps:
  login: 1495689630715
  lastteleport: 1495689724132
  logout: 1495690125998
ipAddress: 206.255.28.24
geolocation: United States
lastlocation:
  world: greenfield
  x: -5.542521370428756
  y: 123.0
  z: -200.18293281101887
  yaw: -172.58142
  pitch: 40.04999
money: '0'
logoutlocation:
  world: spawn
  x: -40.000406062267395
  y: 9.0
  z: -5.53968313589738
  yaw: 45.29065
  pitch: 36.75003
