geolocation: United States
lastAccountName: Ndaua
timestamps:
  login: 1497816139139
  lastteleport: 1497816570677
  logout: 1497833809745
ipAddress: 73.61.18.254
lastlocation:
  world: greenfield
  x: -5.429807981761222
  y: 124.41999998688698
  z: -179.97970677528463
  yaw: 344.4696
  pitch: 19.799988
afk: false
logoutlocation:
  world: survival112
  x: -116.5
  y: 72.0
  z: 79.5
  yaw: 0.0
  pitch: 0.0
money: '0'
