lastAccountName: MrBiteOf87
timestamps:
  login: 1501180256883
  lastteleport: 1501180432492
  logout: 1501180439858
ipAddress: 173.22.139.88
geolocation: United States
lastlocation:
  world: greenfield
  x: -1711.977051868113
  y: 70.0
  z: 129.91301371981731
  yaw: -171.13293
  pitch: 35.816597
logoutlocation:
  world: greenfield
  x: -5.498816150735365
  y: 123.0625
  z: -196.67885523484097
  yaw: -0.58156073
  pitch: -0.185171
money: '0'
