geolocation: United States
lastAccountName: keelash1
timestamps:
  login: 1500081446571
  lastteleport: 1500082441431
  logout: 1500082585310
ipAddress: 99.153.196.107
lastlocation:
  world: spawn
  x: -9.570665859780178
  y: 9.0
  z: -42.06697006755002
  yaw: -183.90929
  pitch: 42.450016
logoutlocation:
  world: greenfield
  x: -5.5
  y: 123.0625
  z: -198.5
  yaw: -101.630714
  pitch: 55.799995
money: '0'
