geolocation: United States
lastAccountName: TheTNTCrafter09
timestamps:
  login: 1503590293432
  lastteleport: 1503590184799
  logout: 1503590310922
ipAddress: 68.51.134.124
lastlocation:
  world: greenfield
  x: 1541.4027911677183
  y: 85.55767663585644
  z: -187.41662981418938
  yaw: -77.480804
  pitch: 21.299994
logoutlocation:
  world: greenfield
  x: -9.548921660889825
  y: 124.0
  z: -198.62306641631818
  yaw: -58.7307
  pitch: 31.8
godmode: false
teleportenabled: true
money: '0'
afk: false
homes:
  home:
    world: survival112_the_end
    x: 598.9708622709817
    y: 57.0
    z: 835.744038313996
    yaw: -201.15015
    pitch: 10.350002
  deocrisisofficial:
    world: survival112
    x: -621.1960172378401
    y: 11.0
    z: -777.1324748899573
    yaw: -120.15619
    pitch: 14.849971
