lastAccountName: Uq_
timestamps:
  login: 1507658732637
  lastteleport: 1507659300189
  logout: 1507659370490
ipAddress: 82.72.163.48
geolocation: Netherlands
lastlocation:
  world: spawn
  x: 316.4603775771701
  y: 65.0
  z: -24.992291995590733
  yaw: -267.1357
  pitch: 1.4493966
godmode: false
teleportenabled: true
logoutlocation:
  world: greenfield
  x: 17.303305578303082
  y: 5.305438451751212
  z: 139.2030979498035
  yaw: -180.01161
  pitch: 0.46778247
