lastAccountName: mooshyroomsoup
timestamps:
  login: 1498878932770
  lastteleport: 1498870803320
  logout: 1498879203420
ipAddress: 76.14.70.67
geolocation: United States
lastlocation:
  world: survival112
  x: 208.02217787725718
  y: 66.00578570616658
  z: -166.98898747148755
  yaw: 277.61786
  pitch: 20.117495
godmode: false
teleportenabled: true
homes:
  home:
    world: survival112
    x: 283.59694970816224
    y: 63.0
    z: -103.00077531094155
    yaw: 294.06982
    pitch: 50.732723
  wolf:
    world: survival112
    x: 302.05836109882495
    y: 88.0
    z: 308.2887509612058
    yaw: 178.50781
    pitch: 27.438534
  spawner:
    world: survival112
    x: 375.44564803650115
    y: 12.0
    z: -90.50050014442328
    yaw: 325.48703
    pitch: 26.107405
afk: false
logoutlocation:
  world: survival112
  x: 283.6899548903461
  y: 63.0
  z: -104.49952783914725
  yaw: 169.70935
  pitch: -90.0
money: '0'
