lastAccountName: Chris1927
timestamps:
  login: 1501032731844
  logout: 1501032745948
ipAddress: 93.41.44.226
geolocation: Italy
lastlocation:
  world: greenfield
  x: -1722.8717463252747
  y: 70.0
  z: 136.71141957104973
  yaw: 172.71606
  pitch: 35.09156
logoutlocation:
  world: torture
  x: -9.5
  y: 69.0
  z: -4.5
  yaw: -91.1044
  pitch: 13.807311
money: '0'
