lastAccountName: kill900
timestamps:
  login: 1508554347627
  logout: 1508554392765
ipAddress: 70.68.200.70
geolocation: Canada
lastlocation:
  world: survival112
  x: -116.5
  y: 70.0
  z: 79.5
  yaw: 0.0
  pitch: 0.0
logoutlocation:
  world: lexstarklabs
  x: -15.217289563538857
  y: 59.0
  z: 19.688480499044733
  yaw: 70.69102
  pitch: -8.944176
