geolocation: N/A
lastAccountName: President_Myth
timestamps:
  login: 1509837977869
  logout: 1509838066507
ipAddress: 127.0.0.1
lastlocation:
  world: survival112
  x: -116.5
  y: 70.0
  z: 79.5
  yaw: 0.0
  pitch: 0.0
logoutlocation:
  world: lexstarklabs
  x: -12.955142008442563
  y: 59.0625
  z: -0.2556962253413202
  yaw: -268.909
  pitch: 12.205822
