geolocation: United States
lastAccountName: Benbenmerk
timestamps:
  login: 1500850395149
  lastteleport: 1500850569719
  logout: 1500850631179
ipAddress: 73.244.198.40
lastlocation:
  world: greenfield
  x: -1727.0211005338729
  y: 69.0
  z: 173.17239073712668
  yaw: 149.86427
  pitch: 65.4
money: '0'
logoutlocation:
  world: greenfield
  x: -1718.4030362051533
  y: 70.0
  z: 146.69999998807907
  yaw: 162.91406
  pitch: 27.149994
