geolocation: United States
lastAccountName: LittleLionessCub
timestamps:
  login: 1509321686050
  lastteleport: 1509322190193
  logout: 1509322459917
ipAddress: 97.84.66.119
lastlocation:
  world: survival112
  x: -121.6020687078279
  y: 73.0
  z: 84.57768144647741
  yaw: -147.68585
  pitch: 11.346356
godmode: false
teleportenabled: true
logoutlocation:
  world: lexstarklabs
  x: 5.659970532616014
  y: 59.0
  z: 8.361941116843607
  yaw: -162.01161
  pitch: 15.149913
