geolocation: United States
lastAccountName: GoodGirl34
timestamps:
  login: 1507758636024
  logout: 1507758659079
ipAddress: 24.56.168.206
lastlocation:
  world: survival112
  x: -116.5
  y: 70.0
  z: 79.5
  yaw: 0.0
  pitch: 0.0
logoutlocation:
  world: lexstarklabs
  x: -13.312505039834972
  y: 59.0
  z: 10.588741078144391
  yaw: -1.1589272
  pitch: 11.90583
