lastAccountName: Ironmanjacob10
timestamps:
  login: 1500705072874
  lastteleport: 1500705223938
  logout: 1500705234960
ipAddress: 139.218.40.31
geolocation: Australia
lastlocation:
  world: greenfield
  x: -5.068255628006
  y: 123.0625
  z: -193.69110639947502
  yaw: 274.4192
  pitch: 39.899998
teleportenabled: true
logoutlocation:
  world: greenfield
  x: -1712.5
  y: 70.0
  z: 149.5
  yaw: -180.43597
  pitch: 2.3900626
money: '0'
