geolocation: India
lastAccountName: JustinGaming9601
timestamps:
  login: 1497390061379
  lastteleport: 1497390149036
  logout: 1497390169737
ipAddress: 122.177.95.183
lastlocation:
  world: greenfield
  x: -1712.9770223744954
  y: 70.0
  z: 129.94409753594687
  yaw: -188.48407
  pitch: 15.291582
logoutlocation:
  world: greenfield
  x: -5.978972424790608
  y: 123.0625
  z: -197.3260244265732
  yaw: 29.469296
  pitch: 8.700002
money: '0'
