geolocation: United Kingdom
lastAccountName: shayroe
timestamps:
  login: 1500764943259
  lastteleport: 1500764924478
  logout: 1500764949388
ipAddress: 86.145.79.14
lastlocation:
  world: greenfield
  x: -1726.8819041236782
  y: 69.0
  z: 173.42766900108288
  yaw: -257.6859
  pitch: 48.74007
money: '0'
logoutlocation:
  world: greenfield
  x: -1718.802690714616
  y: 70.0
  z: 132.91532561802214
  yaw: -308.836
  pitch: 14.240065
