lastAccountName: LuckyLukas72
timestamps:
  login: 1501062670648
  lastteleport: 1501062902629
  logout: 1501062928639
ipAddress: 41.249.20.17
geolocation: Morocco
lastlocation:
  world: policeoffice
  x: 6.137499988079071
  y: 75.0
  z: 46.13749998807907
  yaw: 4.0571594
  pitch: -5.2500067
money: '0'
logoutlocation:
  world: greenfield
  x: -1722.3239022719208
  y: 70.0
  z: 137.3782373299047
  yaw: -230.08588
  pitch: 26.840052
