geolocation: United States
lastAccountName: XXROBONYANXX
timestamps:
  login: 1505253471305
  lastteleport: 1505253825622
  logout: 1505254023434
ipAddress: 66.41.200.65
lastlocation:
  world: greenfield
  x: -5.5
  y: 123.0625
  z: -198.5
  yaw: -5.630713
  pitch: 6.0
money: '0'
logoutlocation:
  world: lexstarklabs
  x: -1.7491547627051525
  y: 59.0
  z: 8.545887362722207
  yaw: -35.14209
  pitch: 25.000778
