lastAccountName: SirRuss2001
timestamps:
  login: 1502951257368
  lastteleport: 1502951405079
  logout: 1502951423485
ipAddress: 50.98.95.106
geolocation: Canada
lastlocation:
  world: greenfield
  x: -1712.5071735470076
  y: 70.0
  z: 129.8308052466682
  yaw: 168.36629
  pitch: 28.341524
logoutlocation:
  world: greenfield
  x: -2.9352946795831127
  y: 123.0625
  z: -194.75327893609852
  yaw: 173.76923
  pitch: 8.7
money: '0'
