lastAccountName: pacman5601
timestamps:
  login: 1508366596568
  logout: 1508366626809
ipAddress: 23.16.43.117
geolocation: Canada
lastlocation:
  world: survival112
  x: -116.5
  y: 70.0
  z: 79.5
  yaw: 0.0
  pitch: 0.0
logoutlocation:
  world: lexstarklabs
  x: -10.5
  y: 59.0
  z: 0.5
  yaw: -179.80899
  pitch: -8.794178
