geolocation: United States
lastAccountName: Tocuh
timestamps:
  login: 1509239431360
  logout: 1509239476540
ipAddress: 104.172.184.147
lastlocation:
  world: survival112
  x: -116.5
  y: 70.0
  z: 79.5
  yaw: 0.0
  pitch: 0.0
logoutlocation:
  world: lexstarklabs
  x: -10.672544867688243
  y: 59.0625
  z: 4.488774204786674
  yaw: -143.80896
  pitch: 14.005823
