geolocation: United Kingdom
lastAccountName: Moonead
timestamps:
  login: 1505552571036
  logout: 1505552897236
ipAddress: 92.3.139.156
lastlocation:
  world: survival112
  x: -116.5
  y: 70.0
  z: 79.5
  yaw: 0.0
  pitch: 0.0
logoutlocation:
  world: lexstarklabs
  x: -2.060690785540178
  y: 59.0
  z: 36.52373393018813
  yaw: -218.56065
  pitch: 9.317163
money: '0'
