lastAccountName: Sherderrr
timestamps:
  login: 1507290702331
  logout: 1507290732456
ipAddress: 82.166.42.253
geolocation: Israel
lastlocation:
  world: survival112
  x: -116.5
  y: 70.0
  z: 79.5
  yaw: 0.0
  pitch: 0.0
logoutlocation:
  world: lexstarklabs
  x: 0.6782453364819141
  y: 59.0
  z: 10.321364029732736
  yaw: -3.5004578
  pitch: 27.750044
