geolocation: Netherlands
lastAccountName: DusDaniell
timestamps:
  login: 1504262667389
  lastteleport: 1504266486797
  logout: 1504266871536
ipAddress: 86.93.138.168
lastlocation:
  world: greenfield
  x: -36.77563648225607
  y: 81.0
  z: -8.699059848907496
  yaw: 168.21893
  pitch: 41.249874
godmode: false
teleportenabled: true
afk: false
homes:
  home:
    world: survival112
    x: -343.9871829399269
    y: 74.0
    z: 114.14916365560043
    yaw: 145.81306
    pitch: 27.150026
  home2:
    world: survival112
    x: -238.27280547444232
    y: 81.0
    z: -1.1939817903946177
    yaw: 175.963
    pitch: 39.15006
logoutlocation:
  world: survival112
  x: -178.30000001192093
  y: 14.0
  z: -160.18262109132996
  yaw: -354.88367
  pitch: 26.250004
money: '0'
