lastAccountName: CAMDENSKI
timestamps:
  login: 1508511426884
  logout: 1508511666148
ipAddress: 92.22.94.70
geolocation: United Kingdom
lastlocation:
  world: survival112
  x: -116.5
  y: 70.0
  z: 79.5
  yaw: 0.0
  pitch: 0.0
logoutlocation:
  world: lexstarklabs
  x: -11.244684485578283
  y: 59.0
  z: 0.0927956596198688
  yaw: -176.30621
  pitch: -21.303173
