lastAccountName: MutantMaggots
timestamps:
  login: 1507764817947
  lastteleport: 1507765272080
  logout: 1507765847779
ipAddress: 108.41.201.10
geolocation: United States
lastlocation:
  world: greenfield
  x: -65.56676009769961
  y: 53.5
  z: -207.91756883062897
  yaw: -52.662537
  pitch: 42.467808
godmode: false
teleportenabled: true
logoutlocation:
  world: greenfield
  x: 20.81432705117028
  y: 89.40922324984597
  z: -216.97938682037275
  yaw: -105.61182
  pitch: 26.399937
