geolocation: United States
lastAccountName: tressor365
timestamps:
  login: 1501519832267
  lastteleport: 1501519898185
  logout: 1501519975015
ipAddress: 99.122.136.249
lastlocation:
  world: greenfield
  x: -5.491904946553007
  y: 124.08692408821369
  z: -179.9631366732784
  yaw: -4.130726
  pitch: 9.299984
logoutlocation:
  world: survival112
  x: -29.69999998807907
  y: 64.0
  z: 111.2832085953187
  yaw: 18.750038
  pitch: 72.74999
money: '0'
