lastAccountName: Teriyakiiii
timestamps:
  login: 1510183338121
  logout: 1510183529295
  lastteleport: 1508551586763
ipAddress: 190.161.250.107
geolocation: Chile
lastlocation:
  world: spawn
  x: 318.5
  y: 65.0
  z: -25.5
  yaw: -269.40906
  pitch: 0.45000514
godmode: false
teleportenabled: true
logoutlocation:
  world: lexstarklabs
  x: -18.383805581062603
  y: 59.0
  z: 8.10912955179242
  yaw: 176.43268
  pitch: 34.649998
