geolocation: United States
lastAccountName: Armadillo_Master
timestamps:
  login: 1499627475918
  logout: 1499627594010
ipAddress: 75.168.40.153
lastlocation:
  world: survival112
  x: -116.5
  y: 70.0
  z: 79.5
  yaw: 0.0
  pitch: 0.0
logoutlocation:
  world: greenfield
  x: -1706.6504499525713
  y: 70.0
  z: 144.9617021793149
  yaw: -55.530106
  pitch: -12.789639
money: '0'
