lastAccountName: Comonster320
timestamps:
  login: 1508184203237
  logout: 1508184238287
ipAddress: 71.218.144.23
geolocation: United States
lastlocation:
  world: survival112
  x: -116.5
  y: 70.0
  z: 79.5
  yaw: 0.0
  pitch: 0.0
logoutlocation:
  world: lexstarklabs
  x: -10.994561151902754
  y: 59.0
  z: -0.6600925615882356
  yaw: -176.35876
  pitch: -8.194177
