lastAccountName: Noahp100
timestamps:
  login: 1509297818522
  lastteleport: 1509236320901
  logout: 1509297849544
ipAddress: 172.9.236.101
geolocation: United States
lastlocation:
  world: theworldroom
  x: -4.466624473654057
  y: 103.0
  z: 7.330883813752635
  yaw: -86.10382
  pitch: 14.438069
godmode: false
teleportenabled: true
logoutlocation:
  world: infinitycity
  x: -1265.0150614749414
  y: 28.0
  z: 499.43332297844495
  yaw: 175.35005
  pitch: -4.3500094
