lastAccountName: kasoncat
timestamps:
  login: 1498064472140
  lastteleport: 1498064586086
  logout: 1498064588929
ipAddress: 73.223.140.193
geolocation: United States
lastlocation:
  world: greenfield
  x: -1712.2088889117101
  y: 70.0
  z: 129.93939404147255
  yaw: 183.06635
  pitch: 22.950014
logoutlocation:
  world: greenfield
  x: -5.56770799470107
  y: 123.0625
  z: -194.89703560640294
  yaw: 1.4192874
  pitch: 7.8
money: '0'
