geolocation: United States
lastAccountName: CakeOfWonder
timestamps:
  login: 1503866954408
  logout: 1503867069728
ipAddress: 128.163.236.225
lastlocation:
  world: survival112
  x: -116.5
  y: 70.0
  z: 79.5
  yaw: 0.0
  pitch: 0.0
money: '0'
logoutlocation:
  world: greenfield
  x: -1718.539896308173
  y: 70.0
  z: 146.60250350119736
  yaw: -190.7342
  pitch: 34.64997
