lastAccountName: diamondminer269
timestamps:
  login: 1507204447096
  logout: 1507204489834
ipAddress: 74.105.103.79
geolocation: United States
lastlocation:
  world: survival112
  x: -116.5
  y: 70.0
  z: 79.5
  yaw: 0.0
  pitch: 0.0
logoutlocation:
  world: lexstarklabs
  x: -0.002726216874231857
  y: 59.0
  z: 20.007615994723942
  yaw: -0.25878906
  pitch: 7.7058315
