lastAccountName: RakingDumas
timestamps:
  login: 1501033079968
  logout: 1501033100870
ipAddress: 93.41.44.226
geolocation: Italy
lastlocation:
  world: greenfield
  x: -1718.6230053428226
  y: 70.0
  z: 143.89890722884635
  yaw: 128.61603
  pitch: 32.691566
logoutlocation:
  world: torture
  x: -9.5
  y: 69.0
  z: -4.5
  yaw: -91.1044
  pitch: 13.807311
money: '0'
