lastAccountName: RealEarthquake
timestamps:
  login: 1500212504277
  lastteleport: 1500212577006
  logout: 1500212591356
ipAddress: 82.173.172.230
geolocation: Netherlands
lastlocation:
  world: greenfield
  x: -1712.0564171358815
  y: 70.0
  z: 129.87562999642373
  yaw: 177.41386
  pitch: 17.988647
logoutlocation:
  world: greenfield
  x: -23.82316009004322
  y: 69.0
  z: -189.1205594737634
  yaw: 81.582436
  pitch: -4.3759913
money: '0'
