geolocation: United States
lastAccountName: legoman_3
timestamps:
  login: 1501519851876
  logout: 1501519939080
  lastteleport: 1501519895019
ipAddress: 99.122.139.26
lastlocation:
  world: greenfield
  x: -1727.304664051764
  y: 69.0
  z: 173.47002349190186
  yaw: -270.3818
  pitch: 38.391636
logoutlocation:
  world: lexstarklabs
  x: 20.043763206097942
  y: 60.17675927506424
  z: 34.495507856503565
  yaw: 108.25787
  pitch: -1.9992154
money: '0'
