geolocation: United Kingdom
lastAccountName: stampyroo1609
timestamps:
  login: 1497624511869
  lastteleport: 1497624558948
  logout: 1497624714084
ipAddress: 109.156.169.15
lastlocation:
  world: survival112
  x: 84.81666299484422
  y: 69.17675927506424
  z: 130.10140806172424
  yaw: 232.94958
  pitch: 42.30003
logoutlocation:
  world: survival112
  x: -264.24058374209767
  y: 65.0
  z: -326.04141769410387
  yaw: -145.51068
  pitch: 2.2499933
money: '0'
