geolocation: United States
lastAccountName: Jutshiii
timestamps:
  login: 1499655373404
  lastteleport: 1499655501388
  logout: 1499655645071
ipAddress: 72.186.245.62
lastlocation:
  world: spawn
  x: -8.925000011920929
  y: 9.0
  z: -42.10496194679294
  yaw: -196.80928
  pitch: 16.800001
logoutlocation:
  world: greenfield
  x: 3.0879551847803723
  y: 124.0
  z: -182.76393459192997
  yaw: -190.28072
  pitch: 22.200003
money: '0'
