geolocation: United States
lastAccountName: TARDIS5078
timestamps:
  login: 1498232807782
  lastteleport: 1498232750395
  logout: 1498233411609
ipAddress: 76.21.177.207
lastlocation:
  world: greenfield
  x: -5.418250753488558
  y: 124.08692408821369
  z: -179.9169738434309
  yaw: -2.3826184
  pitch: 10.452884
logoutlocation:
  world: survival112
  x: -68.3777392483275
  y: 63.0
  z: 54.69999998807906
  yaw: -128.4627
  pitch: -33.496902
money: '0'
