geolocation: Greece
lastAccountName: SpyrosPlaysMC
timestamps:
  login: 1496390102588
  lastteleport: 1496390151531
  logout: 1496390160660
ipAddress: 178.59.51.72
lastlocation:
  world: greenfield
  x: -4.896199782588833
  y: 123.0625
  z: -193.9364261370185
  yaw: -68.015884
  pitch: 17.358028
logoutlocation:
  world: greenfield
  x: -1725.597245286164
  y: 70.0
  z: 139.73898109506695
  yaw: -124.753105
  pitch: 15.556365
money: '0'
