geolocation: Canada
lastAccountName: Andrewplays180
timestamps:
  login: 1498834352298
  lastteleport: 1498834577369
  logout: 1498834623305
ipAddress: 99.229.232.51
lastlocation:
  world: spawn
  x: -9.471835781145717
  y: 9.0
  z: -42.13964943053172
  yaw: -184.80939
  pitch: 28.499992
logoutlocation:
  world: greenfield
  x: -5.5
  y: 123.0625
  z: -198.5
  yaw: 0.069287464
  pitch: -4.5
money: '0'
