geolocation: Ireland
lastAccountName: KillianRainbow
timestamps:
  login: 1508437525419
  lastteleport: 1508437843551
  logout: 1508437870233
ipAddress: 86.44.150.87
lastlocation:
  world: spawn
  x: 305.8221854540487
  y: 65.0
  z: -18.068408287994405
  yaw: -347.70895
  pitch: 4.6500077
godmode: false
teleportenabled: true
logoutlocation:
  world: overvoid
  x: -40.300720972869435
  y: 96.0
  z: 40.23636800499185
  yaw: 76.14982
  pitch: 27.30003
