geolocation: United States
lastAccountName: Cyb3rShadow
timestamps:
  login: 1499876024591
  lastteleport: 1499875664202
  logout: 1499876221377
ipAddress: 99.126.238.28
lastlocation:
  world: plots
  x: 98.50196409706336
  y: 88.37605941518606
  z: 260.99772863661485
  yaw: -322.16898
  pitch: 39.211403
logoutlocation:
  world: atlantis
  x: -53.0
  y: 88.0
  z: -578.0
  yaw: -159.25412
  pitch: 41.741222
money: '0'
