lastAccountName: Sami1137
timestamps:
  login: 1502858270089
  logout: 1502858530526
  lastteleport: 1502858412621
ipAddress: 70.244.245.163
geolocation: United States
lastlocation:
  world: greenfield
  x: -4.586152283347193
  y: 123.0625
  z: -194.0405859943914
  yaw: -54.957157
  pitch: 12.642121
logoutlocation:
  world: lexstarklabs
  x: -4.6772013010627225
  y: 59.0
  z: 42.65318472693225
  yaw: -262.56305
  pitch: 38.323505
money: '0'
