geolocation: United States
lastAccountName: SuperDogKrypto
timestamps:
  login: 1493512797832
  logout: 1493512878335
ipAddress: 45.50.114.210
lastlocation:
  world: survival
  x: 86.5
  y: 91.0
  z: -109.5
  yaw: -180.32117
  pitch: 0.8999815
logoutlocation:
  world: greenfield
  x: -1723.4675832128964
  y: 70.0
  z: 139.06883334543394
  yaw: -276.234
  pitch: 17.991573
money: '0'
