geolocation: United States
lastAccountName: Zbluebowling
timestamps:
  login: 1504052869835
  logout: 1504052877692
ipAddress: 71.36.100.127
lastlocation:
  world: survival112
  x: -116.5
  y: 70.0
  z: 79.5
  yaw: 0.0
  pitch: 0.0
logoutlocation:
  world: lexstarklabs
  x: -7.022153677379787
  y: 59.0
  z: 29.997789597167955
  yaw: 89.14547
  pitch: 12.957489
money: '0'
