geolocation: United States
lastAccountName: Grundelwanderer
timestamps:
  login: 1496883232760
  lastteleport: 1496883331875
  logout: 1496883344412
ipAddress: 173.175.184.1
lastlocation:
  world: colosseumlobby
  x: -15.197166852371787
  y: 88.0
  z: -25.694334762258222
  yaw: 88.80004
  pitch: 50.1
logoutlocation:
  world: colosseum
  x: 1.4455205822971522
  y: 77.0
  z: 16.59313619880052
  yaw: -137.99965
  pitch: 14.25007
money: '0'
