lastAccountName: GhostRaider369
timestamps:
  login: 1508504537789
  lastteleport: 1508506802134
  logout: 1508506802331
ipAddress: 73.148.92.230
geolocation: United States
lastlocation:
  world: classroom
  x: -4.5
  y: 99.0
  z: 0.5
  yaw: -98.82624
  pitch: 3.1823092
godmode: false
teleportenabled: true
logoutlocation:
  world: lexstarklabs
  x: 0.5
  y: 59.0
  z: 6.5
  yaw: -98.82624
  pitch: -0.17303352
