lastAccountName: GOWood
timestamps:
  login: 1499240273183
  logout: 1499240312765
  lastteleport: 1499237876700
ipAddress: 110.141.96.157
geolocation: Australia
lastlocation:
  world: greenfield
  x: -5.442570678886755
  y: 124.08692408821369
  z: -179.56505149816712
  yaw: 3.5150723
  pitch: 35.958904
logoutlocation:
  world: survival112
  x: -85.55013945850493
  y: 74.0
  z: 70.74682671034277
  yaw: -185.58246
  pitch: 9.988278
money: '0'
