geolocation: Canada
lastAccountName: AntoyBoy
timestamps:
  login: 1504924537805
  lastteleport: 1504924548588
  logout: 1504924671467
ipAddress: 99.240.197.164
lastlocation:
  world: lexstarklabs
  x: 0.9312634384120833
  y: 59.0
  z: 3.848117991501365
  yaw: -12.192094
  pitch: 10.000777
logoutlocation:
  world: lexstarklabs
  x: 8.033590573521673
  y: 59.0
  z: 40.62231894524186
  yaw: 69.70776
  pitch: 20.400007
money: '0'
