geolocation: Portugal
lastAccountName: loumipe
timestamps:
  login: 1497986905057
  logout: 1497987075202
ipAddress: 213.22.241.204
lastlocation:
  world: survival112
  x: -116.5
  y: 70.0
  z: 79.5
  yaw: 0.0
  pitch: 0.0
logoutlocation:
  world: greenfield
  x: -1717.300000011921
  y: 69.0
  z: 179.69999998807907
  yaw: 261.96582
  pitch: -2.7084303
money: '0'
