geolocation: United States
lastAccountName: stdem
timestamps:
  login: 1509930203113
  lastteleport: 1509930645956
  logout: 1509930646362
ipAddress: 75.178.83.38
lastlocation:
  world: classroom
  x: 1.2622746829325862
  y: 100.0
  z: -0.08347707365542499
  yaw: 283.5498
  pitch: 26.817137
logoutlocation:
  world: lexstarklabs
  x: 0.5
  y: 60.0
  z: 6.5
  yaw: 283.5498
  pitch: -0.17303352
