lastAccountName: mitchypants
timestamps:
  login: 1508058863360
  logout: 1508058893502
ipAddress: 86.178.106.105
geolocation: United Kingdom
lastlocation:
  world: survival112
  x: -116.5
  y: 70.0
  z: 79.5
  yaw: 0.0
  pitch: 0.0
logoutlocation:
  world: lexstarklabs
  x: -10.5
  y: 59.0
  z: 0.5
  yaw: -12.859161
  pitch: -0.69417703
