lastAccountName: MinecraftFun124
timestamps:
  login: 1509806033069
  logout: 1509808403153
  lastteleport: 1509808230410
ipAddress: 85.73.119.252
geolocation: Greece
lastlocation:
  world: lexstarklabs
  x: 0.028189730413763242
  y: 59.0625
  z: 35.579748985395355
  yaw: -88.0804
  pitch: 40.838024
logoutlocation:
  world: nyc
  x: -655.5
  y: -254.74018528536826
  z: -1989.5
  yaw: 8.044482
  pitch: 22.871569
godmode: false
teleportenabled: true
