geolocation: United States
lastAccountName: JackLauren1
timestamps:
  login: 1507396178989
  lastteleport: 1507397508010
  logout: 1507397553376
  lastheal: 1490221174795
ipAddress: 98.226.5.160
lastlocation:
  world: greenfield
  x: -3.5
  y: 69.0
  z: -214.5
  yaw: 236.08789
  pitch: 32.549908
godmode: false
teleportenabled: true
logoutlocation:
  world: lexstarklabs
  x: -0.24113916277783495
  y: 59.0
  z: 30.85700213532794
  yaw: 14.838285
  pitch: -87.44999
money: '0'
homes:
  teleporter:
    world: survival
    x: 488.30000001192093
    y: 55.0
    z: -2483.474944492994
    yaw: -88.60681
    pitch: 5.212769
  fire:
    world: survival
    x: 903.4960057816352
    y: 74.0
    z: -317.0775122537017
    yaw: -2.8433533
    pitch: 5.212746
  home:
    world: survival112
    x: -2020.7856664340886
    y: 71.0
    z: -398.8427209456221
    yaw: -140.60442
    pitch: 22.499973
afk: false
