geolocation: Australia
lastAccountName: Mr_Shark1
timestamps:
  login: 1499505623911
  lastteleport: 1499505669235
  logout: 1499505807237
ipAddress: 120.147.146.32
lastlocation:
  world: greenfield
  x: -5.498645150426455
  y: 123.0625
  z: -196.22286727568522
  yaw: -0.080712534
  pitch: 1.5
teleportenabled: true
logoutlocation:
  world: greenfield
  x: -1708.570329638313
  y: 70.0
  z: 144.23023646066864
  yaw: -284.6859
  pitch: 10.049991
money: '0'
