geolocation: United States
lastAccountName: Meatball_Man456
timestamps:
  login: 1509049305246
  lastteleport: 1509051322170
  logout: 1509051382303
ipAddress: 70.44.51.34
lastlocation:
  world: survival112
  x: 103.25317402395416
  y: 110.0
  z: 118.1258203369638
  yaw: 105.514244
  pitch: 2.8500493
godmode: false
teleportenabled: true
logoutlocation:
  world: greenfield
  x: -33.69999998807907
  y: 69.0
  z: -239.87716678053326
  yaw: -276.01154
  pitch: 32.717785
