geolocation: United States
lastAccountName: flameandrick
timestamps:
  login: 1498881301273
  lastteleport: 1498882282670
  logout: 1498882288541
ipAddress: 76.103.10.116
lastlocation:
  world: spawn
  x: 0.5433179295067786
  y: 10.0
  z: -0.14004323295348198
  yaw: -175.74126
  pitch: 12.171316
afk: false
logoutlocation:
  world: spawn
  x: 0.9450583294983765
  y: 10.0
  z: 0.7002784499261833
  yaw: -11.597573
  pitch: 25.667566
money: '0'
