geolocation: United States
lastAccountName: Ahlone
timestamps:
  login: 1501014335223
  lastteleport: 1501014377754
  logout: 1501014423168
ipAddress: 172.112.230.104
lastlocation:
  world: plots
  x: 17.057512863528036
  y: 54.0
  z: 69.78898581781803
  yaw: -6.8602905
  pitch: 3.5449915
logoutlocation:
  world: plots
  x: 260.20516344311005
  y: 67.0
  z: 99.04561163846382
  yaw: -36.30029
  pitch: 44.699993
money: '0'
