geolocation: Finland
lastAccountName: NEVIS98
timestamps:
  login: 1508687892233
  lastteleport: 1508688404222
  logout: 1508689241717
ipAddress: 85.76.51.47
lastlocation:
  world: parkour
  x: 0.5
  y: 85.0
  z: 0.5
  yaw: -2.3872905
  pitch: 7.9882493
logoutlocation:
  world: infiniteparkour
  x: -147.81481444636057
  y: 67.0
  z: 15.245908220028719
  yaw: 115.808105
  pitch: -1.6839763
