geolocation: Denmark
lastAccountName: Mr_Outis
timestamps:
  login: 1497976164982
  logout: 1497976272492
ipAddress: 5.186.114.30
lastlocation:
  world: survival112
  x: -116.5
  y: 70.0
  z: 79.5
  yaw: 0.0
  pitch: 0.0
logoutlocation:
  world: greenfield
  x: -1720.8757052390079
  y: 70.0
  z: 138.1930897095906
  yaw: -34.434082
  pitch: 11.691552
money: '0'
