lastAccountName: spy1375
timestamps:
  login: 1509823041686
  lastteleport: 1509824695520
  logout: 1509824733105
ipAddress: 31.39.164.189
geolocation: France
lastlocation:
  world: spawn
  x: 306.45849621147073
  y: 65.0
  z: -30.510810886065904
  yaw: -269.40894
  pitch: 0.9000056
godmode: false
teleportenabled: true
logoutlocation:
  world: survival112
  x: -122.36776447353023
  y: 68.0
  z: 57.0873329934693
  yaw: -255.68704
  pitch: 5.646363
