lastAccountName: SirViki
timestamps:
  login: 1495815241243
  lastteleport: 1495815429998
  logout: 1495815468147
ipAddress: 70.191.40.79
geolocation: United States
lastlocation:
  world: survival
  x: 73.69999998807907
  y: 83.0625
  z: -121.68757506957469
  yaw: -135.50912
  pitch: 15.031185
logoutlocation:
  world: spawn
  x: -37.69999998807907
  y: 25.763915864705023
  z: 0.650609578923255
  yaw: -95.100784
  pitch: 34.108803
money: '0'
