geolocation: United States
lastAccountName: GPB_4_thewin
timestamps:
  login: 1502929295221
  lastteleport: 1502929358510
  logout: 1502929430370
ipAddress: 162.245.202.220
lastlocation:
  world: greenfield
  x: -4.401406367330674
  y: 123.0625
  z: -193.97872887965613
  yaw: 358.11923
  pitch: 27.750017
logoutlocation:
  world: lexstarklabs
  x: 7.389175689051245
  y: 60.0
  z: 3.357465314453139
  yaw: 265.90775
  pitch: 24.300003
money: '0'
