geolocation: United States
lastAccountName: Couleurs
timestamps:
  login: 1508537235127
  lastteleport: 1508537315482
  logout: 1508537405207
ipAddress: 73.139.143.49
lastlocation:
  world: spawn
  x: 305.9783644318051
  y: 65.0
  z: -23.91477104170187
  yaw: -274.37622
  pitch: 3.8724618
godmode: false
teleportenabled: true
logoutlocation:
  world: lexstarklabs
  x: -13.679239907349173
  y: 59.495200877005914
  z: 33.09025663791499
  yaw: -178.96466
  pitch: -13.756035
