lastAccountName: LazerDroider
timestamps:
  login: 1501031475507
  lastteleport: 1498406103093
  logout: 1501031487059
ipAddress: 93.41.44.226
geolocation: Italy
lastlocation:
  world: spawn
  x: -3.3911109907926074
  y: 9.0
  z: -25.48349343062082
  yaw: 167.69073
  pitch: -0.75000113
afk: false
logoutlocation:
  world: torture
  x: -9.5
  y: 69.0
  z: -4.5
  yaw: -91.1044
  pitch: 13.807311
money: '0'
