geolocation: Japan
lastAccountName: nevsfam
timestamps:
  login: 1505964173523
  logout: 1505964214447
  lastteleport: 1505964201033
ipAddress: 65.99.70.155
money: '0'
logoutlocation:
  world: lexstarklabs
  x: 2.0528381320601015
  y: 59.0
  z: 35.99012563870044
  yaw: -11.864635
  pitch: 32.41664
lastlocation:
  world: greenfield
  x: -4.7796495014474605
  y: 123.0625
  z: -193.6010651851497
  yaw: -88.397255
  pitch: 51.15747
godmode: false
teleportenabled: true
afk: false
homes:
  home:
    world: survival112
    x: -63.69999998807907
    y: 82.0
    z: -55.69999998807907
    yaw: 357.85522
    pitch: 8.8031025
  mushroom:
    world: survival
    x: -632.5218862254156
    y: 75.0
    z: -1973.026915065139
    yaw: -18.303032
    pitch: 20.78296
