geolocation: United Kingdom
lastAccountName: laceyelise
timestamps:
  login: 1505929967464
  logout: 1505848508434
  lastteleport: 1505848111413
ipAddress: 2.124.31.2
lastlocation:
  world: greenfield
  x: -5.3958810629722676
  y: 124.31168707874468
  z: -180.0013535521443
  yaw: -1.730835
  pitch: 37.950016
logoutlocation:
  world: survival112
  x: 44.61715672036975
  y: 28.0
  z: 3.8037637868159533
  yaw: -181.34981
  pitch: 10.350038
afk: true
money: '0'
