geolocation: United States
lastAccountName: BrodsterTV
timestamps:
  login: 1497136737941
  lastteleport: 1497136713737
  logout: 1497136744617
ipAddress: 73.161.158.197
lastlocation:
  world: greenfield
  x: -4.037125848388383
  y: 123.0625
  z: -194.07658968017114
  yaw: 38.16931
  pitch: 21.599989
logoutlocation:
  world: greenfield
  x: -1712.132988437083
  y: 70.0
  z: 136.0987825999176
  yaw: -198.43582
  pitch: 18.590052
teleportenabled: true
money: '0'
