lastAccountName: LonelyBladeYT
timestamps:
  login: 1501306315206
  logout: 1501306400643
  lastteleport: 1501306392837
ipAddress: 115.117.214.75
geolocation: India
lastlocation:
  world: greenfield
  x: -5.5
  y: 124.0
  z: -198.5
  yaw: -0.080712534
  pitch: 0.9000001
logoutlocation:
  world: lexstarklabs
  x: 0.5
  y: 59.0
  z: 1.5
  yaw: -0.64209455
  pitch: 0.7007774
money: '0'
