lastAccountName: elnegrito2
timestamps:
  login: 1502669173123
  lastteleport: 1502669234641
  logout: 1502669417477
ipAddress: 75.178.83.38
geolocation: United States
lastlocation:
  world: greenfield
  x: -1727.09498173181
  y: 69.0
  z: 173.36912018896265
  yaw: 91.565956
  pitch: 64.49157
logoutlocation:
  world: lexstarklabs
  x: -11.640694609603562
  y: 59.0
  z: 0.23949135793482693
  yaw: -178.9924
  pitch: -11.29923
money: '0'
