geolocation: Australia
lastAccountName: xMrHoneyx
timestamps:
  login: 1496566712912
  lastteleport: 1496566887122
  logout: 1496566934328
ipAddress: 101.182.211.188
lastlocation:
  world: greenfield
  x: -4.51435708081935
  y: 123.0625
  z: -194.04465059954427
  yaw: 347.01923
  pitch: 10.950001
logoutlocation:
  world: greenfield
  x: -1712.1877891247254
  y: 70.0
  z: 142.45793660804247
  yaw: 3.763999
  pitch: 16.499998
money: '0'
