lastAccountName: BeansInTheCan
timestamps:
  login: 1498321377754
  lastteleport: 1498319163259
  logout: 1498321408480
ipAddress: 74.101.127.125
geolocation: United States
lastlocation:
  world: greenfield
  x: -1712.946863452971
  y: 70.0
  z: 129.76960172668598
  yaw: -176.63403
  pitch: 22.491577
logoutlocation:
  world: greenfield
  x: -2.4752606327149973
  y: 123.0625
  z: -194.86156074225272
  yaw: -4.8807135
  pitch: 4.05
money: '0'
