lastAccountName: SAnimations
timestamps:
  login: 1507735699734
  logout: 1507736218070
  lastteleport: 1507736054390
ipAddress: 105.212.57.8
geolocation: South Africa
logoutlocation:
  world: spawn
  x: 321.26960076488
  y: 65.0
  z: -26.58511180076504
  yaw: 285.42407
  pitch: -29.102379
lastlocation:
  world: spawn
  x: 317.2240233275688
  y: 65.0
  z: -24.344953108799547
  yaw: -108.94649
  pitch: 13.760962
