geolocation: Romania
lastAccountName: BonnieMC
timestamps:
  login: 1498666893908
  lastteleport: 1498666897827
  logout: 1498667131887
ipAddress: 5.12.29.7
lastlocation:
  world: greenfield
  x: -1713.0180580644978
  y: 70.0
  z: 129.97439497512133
  yaw: 144.39476
  pitch: 20.03455
logoutlocation:
  world: greenfield
  x: 9.80527800903143
  y: 70.55674975006164
  z: -199.02002654741355
  yaw: -96.17741
  pitch: 67.81547
money: '0'
