geolocation: United States
lastAccountName: CrystalWGame
timestamps:
  login: 1506881203598
  logout: 1506884941914
  lastteleport: 1506884392740
  lastheal: 1501193842826
ipAddress: 174.74.104.133
lastlocation:
  world: lexstarklabs
  x: 2.0472385521314878
  y: 59.0
  z: 32.71211749981736
  yaw: 193.03831
  pitch: 33.276974
logoutlocation:
  world: survival112
  x: 904.0727424826688
  y: 67.0
  z: -227.31604642955324
  yaw: 291.66193
  pitch: 51.750053
godmode: false
teleportenabled: true
money: '0'
homes:
  home:
    world: survival112
    x: 224.405085690956
    y: 32.0
    z: -125.76249998807907
    yaw: 117.96222
    pitch: 50.09998
