lastAccountName: Cyborg987
timestamps:
  login: 1494052904722
  lastteleport: 1494053668622
  logout: 1494054153870
ipAddress: 219.89.165.233
geolocation: New Zealand
lastlocation:
  world: survival_nether
  x: -140.5830724578267
  y: 129.875
  z: -94.15048615638021
  yaw: 144.58595
  pitch: 90.0
godmode: false
teleportenabled: true
money: '0'
logoutlocation:
  world: greenfield
  x: -1723.8459946389553
  y: 70.0
  z: 136.06020299680392
  yaw: 111.96632
  pitch: 9.141549
homes:
  raid:
    world: survival_nether
    x: -131.8505021855809
    y: 129.0
    z: -86.33682231744045
    yaw: -296.56473
    pitch: -5.999941
  yeah:
    world: greenfield
    x: -1957.5494149085494
    y: 69.0
    z: -71.20853053292281
    yaw: -156.91856
    pitch: 11.250025
  start:
    world: destructiblecity
    x: 399.0997957133906
    y: 75.0
    z: 237.07307578807414
    yaw: 189.00012
    pitch: 22.19999
  caakes:
    world: destructiblecity
    x: 598.5
    y: 69.0
    z: 188.5
    yaw: 232.0496
    pitch: 36.600006
