geolocation: United Kingdom
lastAccountName: Zatorator
timestamps:
  login: 1498510468476
  lastteleport: 1498510839956
  logout: 1498510879738
ipAddress: 86.150.77.99
lastlocation:
  world: spawn
  x: -9.560904993375413
  y: 9.0
  z: -42.912094577419424
  yaw: -178.80914
  pitch: 22.350008
logoutlocation:
  world: greenfield
  x: -5.3389683291648025
  y: 123.0625
  z: -198.28775084096938
  yaw: -181.7307
  pitch: 16.799992
money: '0'
