geolocation: United Kingdom
lastAccountName: random_person2
timestamps:
  login: 1504924571156
  logout: 1504924888549
ipAddress: 77.99.155.188
lastlocation:
  world: survival112
  x: -116.5
  y: 70.0
  z: 79.5
  yaw: 0.0
  pitch: 0.0
logoutlocation:
  world: lexstarklabs
  x: -14.94311162420459
  y: 59.0
  z: 19.422934064608427
  yaw: -94.142334
  pitch: -0.9312046
money: '0'
