geolocation: United States
lastAccountName: MystiCoding
timestamps:
  login: 1496070757007
  lastteleport: 1496071604369
  logout: 1496071650563
ipAddress: 76.2.95.221
lastlocation:
  world: spleeflobby
  x: 10.520103628738136
  y: 64.0
  z: 10.081051879594327
  yaw: 0.99398804
  pitch: 28.077269
afk: false
logoutlocation:
  world: newminigamehub
  x: 41.275939883625384
  y: 96.0
  z: -21.237560290346487
  yaw: -132.82556
  pitch: 12.923881
money: '0'
