geolocation: United States
lastAccountName: 3arthcake
timestamps:
  login: 1500177671063
  logout: 1500177680428
  lastteleport: 1500155366300
ipAddress: 99.120.97.179
lastlocation:
  world: greenfield
  x: -1712.2530266384733
  y: 70.0
  z: 129.0995349057976
  yaw: -212.78235
  pitch: 14.091564
logoutlocation:
  world: greenfield
  x: -6.948388419221406
  y: 123.0625
  z: -185.9024475813428
  yaw: -61.430737
  pitch: 1.7999909
money: '0'
