lastAccountName: Seedot_
timestamps:
  login: 1496449357334
  lastteleport: 1496449463302
  logout: 1496449545779
ipAddress: 24.22.218.227
geolocation: United States
lastlocation:
  world: greenfield
  x: -4.394223385395353
  y: 123.0625
  z: -193.79085667033948
  yaw: 4.269806
  pitch: 7.4999256
logoutlocation:
  world: greenfield
  x: -1723.9113232401794
  y: 76.0
  z: 138.89625643178155
  yaw: 47.86466
  pitch: -19.660038
money: '0'
