lastAccountName: asipin21
timestamps:
  login: 1496503304963
  lastteleport: 1496500398245
  logout: 1496504041262
ipAddress: 75.140.214.144
geolocation: United States
lastlocation:
  world: greenfield
  x: -5.367948301136494
  y: 124.0
  z: -179.93033399572215
  yaw: -46.103973
  pitch: 2.9113004
afk: false
logoutlocation:
  world: survival_the_end
  x: 0.0
  y: 62.0
  z: 0.0
  yaw: -27.803247
  pitch: 10.76637
money: '0'
