geolocation: Belgium
lastAccountName: VxCrytek
timestamps:
  login: 1503256792657
  lastteleport: 1503256924275
  logout: 1503256941434
ipAddress: 81.242.68.111
lastlocation:
  world: greenfield
  x: -5.54375284343941
  y: 124.08692408821369
  z: -179.39277882807403
  yaw: -1.1306794
  pitch: 6.149986
money: '0'
logoutlocation:
  world: survival112
  x: -104.95791287392996
  y: 73.0
  z: 77.41365212411925
  yaw: -69.299965
  pitch: -9.300004
