geolocation: United States
lastAccountName: FlashDaCrafter
timestamps:
  login: 1503184388122
  lastteleport: 1503184477444
  logout: 1503184482021
ipAddress: 99.2.176.51
lastlocation:
  world: greenfield
  x: -4.4225216775013205
  y: 123.0625
  z: -193.92437459705064
  yaw: 313.11923
  pitch: 8.550002
godmode: false
logoutlocation:
  world: lexstarklabs
  x: 0.5592085417204178
  y: 59.0
  z: 4.726254725900359
  yaw: 2.5079064
  pitch: 5.6507807
money: '0'
