geolocation: United States
lastAccountName: Falukey
timestamps:
  login: 1500931919711
  logout: 1500932270089
  lastteleport: 1500932257072
ipAddress: 98.186.83.217
lastlocation:
  world: spawn
  x: -42.78995742852899
  y: 9.0
  z: -5.385959019692933
  yaw: 256.94052
  pitch: 22.799982
money: '0'
logoutlocation:
  world: plots
  x: 123.53886035050452
  y: 95.09981618044071
  z: 309.7743803378416
  yaw: -248.2499
  pitch: 48.150032
