geolocation: United States
lastAccountName: masongreenman
timestamps:
  login: 1496694276875
  lastteleport: 1496694244885
  logout: 1496694283836
ipAddress: 24.5.219.235
lastlocation:
  world: greenfield
  x: -5.576491725578852
  y: 124.0
  z: -179.49583293866257
  yaw: 6.51947
  pitch: 8.100025
teleportenabled: true
logoutlocation:
  world: survival
  x: 91.88820740135735
  y: 83.0625
  z: -125.57765375419557
  yaw: -105.31586
  pitch: 8.250001
money: '0'
