lastAccountName: TheDreamersCause
timestamps:
  login: 1503624691855
  lastteleport: 1503624969090
  logout: 1503626387202
ipAddress: 70.119.20.53
geolocation: United States
lastlocation:
  world: spawn
  x: -41.92500001192093
  y: 9.0
  z: -4.87953503264824
  yaw: 111.890564
  pitch: 33.000042
logoutlocation:
  world: plots
  x: 550.9956607066296
  y: 64.9375
  z: 272.149624411307
  yaw: -260.39813
  pitch: 28.950039
money: '0'
