lastAccountName: KimberleyLouise
timestamps:
  login: 1502421512166
  lastteleport: 1502421704715
  logout: 1502421824316
ipAddress: 73.164.169.57
geolocation: United States
lastlocation:
  world: greenfield
  x: -1712.0796640949873
  y: 70.0
  z: 129.942604270584
  yaw: -156.68416
  pitch: 46.941628
logoutlocation:
  world: greenfield
  x: -2.7207386491732546
  y: 123.0
  z: -183.14712232062513
  yaw: 13.719332
  pitch: -6.8999987
money: '0'
