lastAccountName: CrazyPlaysYT
timestamps:
  login: 1509738187872
  lastteleport: 1509739568495
  logout: 1509739793985
ipAddress: 84.197.76.198
geolocation: Belgium
lastlocation:
  world: spawn
  x: 305.2457977538784
  y: 65.0
  z: -29.532852394378978
  yaw: 121.1976
  pitch: 5.8726587
godmode: false
teleportenabled: true
logoutlocation:
  world: survival112
  x: -156.56575931566172
  y: 71.0
  z: 152.02040813706304
  yaw: -19.108568
  pitch: -26.51081
