geolocation: United States
lastAccountName: LANEBOY13
timestamps:
  login: 1499460057747
  logout: 1499460162578
ipAddress: 24.47.178.41
lastlocation:
  world: survival112
  x: -116.5
  y: 70.0
  z: 79.5
  yaw: 0.0
  pitch: 0.0
logoutlocation:
  world: greenfield
  x: -1718.2446988182019
  y: 70.0
  z: 136.09334978326496
  yaw: 29.01603
  pitch: 6.4415603
money: '0'
