geolocation: Netherlands
lastAccountName: SpiderManAvenger
timestamps:
  login: 1499954346681
  logout: 1499954509791
ipAddress: 77.168.148.7
lastlocation:
  world: survival112
  x: -116.5
  y: 70.0
  z: 79.5
  yaw: 0.0
  pitch: 0.0
logoutlocation:
  world: greenfield
  x: -1727.5751559624857
  y: 69.93612497923645
  z: 172.00496177071003
  yaw: -294.0834
  pitch: 28.049994
money: '0'
