geolocation: United States
lastAccountName: pigL0ver
timestamps:
  login: 1503798757757
  logout: 1503798769540
  lastteleport: 1503793130167
ipAddress: 73.22.23.39
lastlocation:
  world: greenfield
  x: -1726.8758876724698
  y: 69.0
  z: 173.5012931489151
  yaw: 86.165886
  pitch: 46.64165
logoutlocation:
  world: lexstarklabs
  x: -9.425842412770136
  y: 59.0
  z: 9.74273096339993
  yaw: 181.60782
  pitch: 13.000779
money: '0'
