geolocation: Denmark
lastAccountName: Papaman15
timestamps:
  login: 1495281732477
  lastteleport: 1495281883633
  logout: 1495281895905
ipAddress: 188.176.113.73
lastlocation:
  world: survival
  x: 11.329374152202414
  y: 62.0
  z: -223.47484284726147
  yaw: -90.46625
  pitch: 7.050025
logoutlocation:
  world: spawn
  x: -6.270600853560763
  y: 9.0
  z: -36.322757494109794
  yaw: -223.35938
  pitch: -4.200004
money: '0'
