geolocation: United States
lastAccountName: CadeJason
timestamps:
  login: 1509301505769
  lastteleport: 1509306046852
  logout: 1509306681804
ipAddress: 50.110.78.174
lastlocation:
  world: survival112
  x: -986.3000000119209
  y: 112.0
  z: 1374.9372012683314
  yaw: -157.20337
  pitch: 17.398285
logoutlocation:
  world: survival112
  x: -1487.0425025170412
  y: 90.0788157726744
  z: 1712.800329317762
  yaw: 180.82428
  pitch: 80.23298
godmode: false
teleportenabled: true
homes:
  home:
    world: survival112
    x: -563.2424215325921
    y: 38.0625
    z: 800.0682232362209
    yaw: -252.33643
    pitch: 31.2
  bedroom:
    world: survival112
    x: -565.6208807341843
    y: 32.0625
    z: 799.8052299146572
    yaw: -76.98645
    pitch: 31.949995
  team:
    world: survival112
    x: -982.298493173786
    y: 112.0
    z: 1374.7864291643075
    yaw: -171.39124
    pitch: 22.950073
  idek:
    world: survival112
    x: 2414.9532749591162
    y: 63.540443459632634
    z: 1655.4819922346578
    yaw: -87.2359
    pitch: 54.735847
afk: false
