geolocation: Germany
lastAccountName: mohamd55p
timestamps:
  login: 1510152385933
  lastteleport: 1510153322477
  logout: 1510153641681
ipAddress: 84.169.12.133
lastlocation:
  world: classroom
  x: 8.04652103099775
  y: 100.0
  z: -2.7029735772674264
  yaw: -20.526459
  pitch: 10.532311
teleportenabled: true
godmode: false
logoutlocation:
  world: lexstarklabs
  x: -2.625692679072122
  y: 59.0
  z: 35.0806428033643
  yaw: 348.1382
  pitch: -17.549986
