geolocation: Canada
lastAccountName: i_love_rainbows
timestamps:
  login: 1503341859029
  logout: 1503343991767
  lastteleport: 1503343980953
ipAddress: 173.246.7.36
lastlocation:
  world: deathdrop
  x: 5.455479386139533
  y: 1.0
  z: -3.9216023528468344
  yaw: -98.77863
  pitch: 2.3140192
logoutlocation:
  world: deathdrop
  x: 0.5
  y: 253.0
  z: 3.5
  yaw: -182.46495
  pitch: 13.826416
money: '0'
godmode: false
teleportenabled: true
afk: false
homes:
  mine:
    world: survival112
    x: -351.69999998807907
    y: 15.0
    z: 68.69999998807904
    yaw: -274.29004
    pitch: 35.696384
  exp:
    world: survival112
    x: -256.52612255956257
    y: 35.0
    z: 75.30000001192093
    yaw: -345.74536
    pitch: 65.07862
  loot:
    world: survival112
    x: -369.25233755650953
    y: 77.0
    z: 593.7398039571107
    yaw: -335.73193
    pitch: 20.005083
