geolocation: United States
lastAccountName: _OTK_
timestamps:
  login: 1499801780920
  logout: 1499801858774
ipAddress: 97.91.10.187
lastlocation:
  world: survival112
  x: -116.5
  y: 70.0
  z: 79.5
  yaw: 0.0
  pitch: 0.0
logoutlocation:
  world: greenfield
  x: -5.5
  y: 123.0625
  z: -198.5
  yaw: 2.8451622
  pitch: -0.4715003
money: '0'
