geolocation: United States
lastAccountName: SUICIDEMINERS
timestamps:
  login: 1505087843709
  logout: 1505088063526
ipAddress: 172.58.137.44
lastlocation:
  world: survival112
  x: -116.5
  y: 70.0
  z: 79.5
  yaw: 0.0
  pitch: 0.0
logoutlocation:
  world: lexstarklabs
  x: -3.3004407150283
  y: 59.5
  z: 7.8720076557961995
  yaw: 74.805176
  pitch: -3.150002
money: '0'
