geolocation: United Kingdom
lastAccountName: MasonMcKenzie
timestamps:
  login: 1498333449131
  lastteleport: 1498333573449
  logout: 1498333648207
ipAddress: 86.163.110.227
lastlocation:
  world: greenfield
  x: -1712.5626476441976
  y: 70.0
  z: 145.41101633960824
  yaw: -181.93112
  pitch: 0.5211185
teleportenabled: true
logoutlocation:
  world: greenfield
  x: -1696.300000011921
  y: 70.0
  z: 142.30000001192093
  yaw: -157.96751
  pitch: 45.56263
money: '0'
