lastAccountName: Krampankalium
timestamps:
  login: 1507662418062
  lastteleport: 1507662514134
  logout: 1507662568235
ipAddress: 95.155.202.115
geolocation: Sweden
lastlocation:
  world: lexstarklabs
  x: 0.36038002562976296
  y: 59.0
  z: 35.310378407430164
  yaw: -144.76172
  pitch: 21.87696
godmode: false
teleportenabled: true
logoutlocation:
  world: nyc
  x: -654.7888118538252
  y: 25.0
  z: -1992.9861303722814
  yaw: 10.950006
  pitch: -3.3000011
