lastAccountName: DarkKnightRisez
timestamps:
  login: 1504980587328
  logout: 1504980713882
ipAddress: 92.135.204.223
geolocation: France
lastlocation:
  world: survival112
  x: -116.5
  y: 70.0
  z: 79.5
  yaw: 0.0
  pitch: 0.0
logoutlocation:
  world: lexstarklabs
  x: 3.123583144725745
  y: 59.0
  z: 41.33729336599369
  yaw: -147.94246
  pitch: 10.450733
money: '0'
