geolocation: United States
lastAccountName: bondoslinger
timestamps:
  login: 1495495757836
  lastteleport: 1495495820202
  logout: 1495495927399
ipAddress: 75.172.104.55
lastlocation:
  world: greenfield
  x: -5.428614831029974
  y: 123.0
  z: -199.83904193476152
  yaw: 187.83264
  pitch: 58.892773
logoutlocation:
  world: spawn
  x: 0.5
  y: 10.0
  z: 0.5
  yaw: -178.6593
  pitch: 1.3499979
money: '0'
