lastAccountName: HurricaneHeist
timestamps:
  login: 1508533213065
  lastteleport: 1508537537613
  logout: 1508537556147
ipAddress: 148.74.88.4
geolocation: United States
lastlocation:
  world: gotham
  x: 256.323222339148
  y: 40.5
  z: 298.2802794897782
  yaw: 180.74512
  pitch: 23.099794
godmode: false
teleportenabled: true
logoutlocation:
  world: lexstarklabs
  x: -2.6316924003102673
  y: 59.0
  z: 10.436480034675343
  yaw: 69.08032
  pitch: 22.459469
