geolocation: United States
lastAccountName: ENZOFERRARI2003
timestamps:
  login: 1497307409322
  logout: 1497307462482
  lastteleport: 1497307149086
ipAddress: 72.189.131.115
lastlocation:
  world: greenfield
  x: -5.495732906754711
  y: 123.0625
  z: -194.94806041033164
  yaw: -1.4307125
  pitch: 19.199999
afk: false
logoutlocation:
  world: greenfield
  x: -1719.980078493133
  y: 70.0
  z: 143.55093544830214
  yaw: -286.9359
  pitch: 12.749987
money: '0'
