geolocation: United States
lastAccountName: AndrewDoes
timestamps:
  login: 1498971353794
  lastteleport: 1498971502034
  logout: 1498971803574
ipAddress: 96.28.162.14
lastlocation:
  world: greenfield
  x: -1712.580305928378
  y: 70.0
  z: 129.57439671241886
  yaw: -179.70587
  pitch: 19.729996
logoutlocation:
  world: greenfield
  x: 97.39023026610342
  y: 53.0
  z: -649.511777717429
  yaw: -116.714355
  pitch: 25.385918
money: '0'
