geolocation: Brazil
lastAccountName: LukasSmasher
timestamps:
  login: 1494796154635
  logout: 1494796636831
  lastteleport: 1494791609234
ipAddress: 189.4.74.192
lastlocation:
  world: greenfield
  x: -5.540239480727901
  y: 124.08692408821369
  z: -179.54691787801593
  yaw: -0.5307143
  pitch: 17.399998
logoutlocation:
  world: survival
  x: 103.26601794175443
  y: 69.0
  z: -77.18282091869406
  yaw: 23.07887
  pitch: -21.300003
money: '0'
