lastAccountName: Sparkyscool101
timestamps:
  login: 1499757012530
  lastteleport: 1499757901728
  logout: 1499757924337
ipAddress: 118.149.81.38
geolocation: New Zealand
lastlocation:
  world: greenfield
  x: -1712.7153898073338
  y: 70.0
  z: 137.30743200996693
  yaw: 35.714054
  pitch: 17.699987
money: '0'
logoutlocation:
  world: greenfield
  x: 1.3000000119209285
  y: 123.0625
  z: -188.067352734625
  yaw: 48.369263
  pitch: 38.54996
godmode: false
teleportenabled: true
afk: false
homes:
  home:
    world: survival_nether
    x: -130.70493961652465
    y: 128.0
    z: -89.2175167289934
    yaw: -64.51458
    pitch: 32.999973
  ravien:
    world: survival
    x: 437.69999998807907
    y: 40.0
    z: -818.4636296873485
    yaw: 272.68317
    pitch: 36.44994
