lastAccountName: xMqtthew
timestamps:
  login: 1508529848120
  lastteleport: 1508529931638
  logout: 1508529942677
ipAddress: 47.222.34.91
geolocation: United States
lastlocation:
  world: spawn
  x: 322.04627249142425
  y: 65.5
  z: -27.403718111773507
  yaw: -151.359
  pitch: 52.500008
logoutlocation:
  world: spawn
  x: 318.5
  y: 65.0
  z: -25.5
  yaw: -213.15894
  pitch: 56.10001
