geolocation: Sweden
lastAccountName: henlan02
timestamps:
  login: 1497282794040
  lastteleport: 1497283146119
  logout: 1497283202770
ipAddress: 213.185.227.186
lastlocation:
  world: greenfield
  x: -5.450375058747744
  y: 124.0
  z: -179.75303702579404
  yaw: 1.4193441
  pitch: 22.200043
logoutlocation:
  world: survival112
  x: -131.69999998807907
  y: 63.0
  z: 90.70699018843396
  yaw: -127.5001
  pitch: 6.6000123
money: '0'
