lastAccountName: iSoHappy321
timestamps:
  login: 1508565088479
  logout: 1508565159483
ipAddress: 73.70.165.229
geolocation: United States
lastlocation:
  world: survival112
  x: -116.5
  y: 70.0
  z: 79.5
  yaw: 0.0
  pitch: 0.0
logoutlocation:
  world: lexstarklabs
  x: -16.378535418293673
  y: 59.0
  z: 39.40763146434108
  yaw: -168.25897
  pitch: 16.950014
