lastAccountName: BareTobias
timestamps:
  login: 1493482576900
  lastteleport: 1493482413268
  logout: 1493482582264
ipAddress: 88.90.175.60
geolocation: Norway
lastlocation:
  world: greenfield
  x: -1727.119478741897
  y: 69.0
  z: 173.26790646091104
  yaw: -250.88846
  pitch: 15.118077
logoutlocation:
  world: greenfield
  x: -1707.0966447185297
  y: 70.0
  z: 143.83433613447085
  yaw: 84.26111
  pitch: 1.5469785
money: '0'
