lastAccountName: Dragonslayer2040
timestamps:
  login: 1496862937519
  logout: 1496863054726
  lastteleport: 1496862967944
ipAddress: 94.175.15.62
geolocation: United Kingdom
money: '0'
logoutlocation:
  world: spawn
  x: 19.318917526136097
  y: 9.0
  z: -2.58998025711967
  yaw: 185.09076
  pitch: 0.14999482
lastlocation:
  world: greenfield
  x: 141.12349094805236
  y: 69.0
  z: -213.38325807989077
  yaw: -132.83047
  pitch: 29.699953
