lastAccountName: XSoullessMikeX
timestamps:
  login: 1508541707813
  lastteleport: 1508541609403
  logout: 1508541728169
ipAddress: 64.180.237.170
geolocation: Canada
lastlocation:
  world: lexstarklabs
  x: 0.9484509968903337
  y: 59.0
  z: 41.58354354052924
  yaw: -13.608985
  pitch: 7.8558316
logoutlocation:
  world: spawn
  x: 316.935722746169
  y: 65.0
  z: -23.841041086658798
  yaw: -4.3590393
  pitch: 90.0
