geolocation: United States
lastAccountName: 0TheChosenOne0
timestamps:
  login: 1497644788771
  lastteleport: 1497644966503
  logout: 1497645074952
ipAddress: 72.200.209.158
lastlocation:
  world: greenfield
  x: -5.528908150138056
  y: 124.02442408821369
  z: -179.96460245797175
  yaw: -1.5807188
  pitch: -13.049995
godmode: false
teleportenabled: true
logoutlocation:
  world: survival112
  x: -76.02511677723696
  y: 77.0
  z: 92.69999998807907
  yaw: -34.500397
  pitch: 14.100015
money: '0'
