geolocation: United States
lastAccountName: THE_SAVAGE_GOD
timestamps:
  login: 1506275070582
  logout: 1506275184735
  lastteleport: 1506275100704
ipAddress: 173.79.42.195
lastlocation:
  world: greenfield
  x: -29.1481378164699
  y: 69.0
  z: -213.3742903048258
  yaw: -350.81454
  pitch: 24.42939
logoutlocation:
  world: plots
  x: -24.718411151262345
  y: 65.0
  z: 75.49500810366203
  yaw: 52.369537
  pitch: 2.1600013
money: '0'
