geolocation: United States
lastAccountName: KJtheGreat
timestamps:
  login: 1495408855545
  lastteleport: 1495408797441
  logout: 1495408876766
ipAddress: 173.80.112.111
lastlocation:
  world: greenfield
  x: -4.898189510582762
  y: 123.0625
  z: -193.9189236449115
  yaw: 173.9321
  pitch: 11.136054
teleportenabled: true
logoutlocation:
  world: greenfield
  x: -1708.2397121206889
  y: 70.0
  z: 143.30000001192093
  yaw: 143.77048
  pitch: 3.4136868
money: '0'
