geolocation: United States
lastAccountName: ShamBullGaming
timestamps:
  login: 1504658060343
  lastteleport: 1504658937616
  logout: 1504658993724
ipAddress: 184.61.60.58
lastlocation:
  world: greenfield
  x: -5.5
  y: 123.0625
  z: -198.5
  yaw: -0.080712534
  pitch: 0.9000001
godmode: false
teleportenabled: false
money: '0'
logoutlocation:
  world: overvoid
  x: -31.292959137838984
  y: 97.25220334025373
  z: 37.792914975730305
  yaw: -85.1001
  pitch: 13.049971
afk: false
homes:
  star:
    world: survival112
    x: -1817.512499988079
    y: 70.0
    z: -673.3000000119209
    yaw: 247.10857
    pitch: 16.49998
  first:
    world: survival112
    x: -2351.8052682347134
    y: 66.0
    z: -1884.6251917089164
    yaw: -7.0235815
    pitch: 46.949154
  star2:
    world: survival112
    x: 309.7088441942747
    y: 65.0
    z: 194.16273946832342
    yaw: -40.193497
    pitch: 13.49999
