lastAccountName: jammer135021
timestamps:
  login: 1504734701199
  lastteleport: 1504734729675
  logout: 1504735306584
ipAddress: 76.16.56.47
geolocation: United States
lastlocation:
  world: lexstarklabs
  x: -15.877583113976337
  y: 59.0
  z: 41.85664999699722
  yaw: -81.19206
  pitch: 42.85078
afk: false
logoutlocation:
  world: greenfield
  x: -1.1625348763507861
  y: 124.0
  z: -199.00160048514527
  yaw: 317.31958
  pitch: 27.600029
money: '0'
