lastAccountName: Rogue_Shooter
timestamps:
  login: 1501334434695
  lastteleport: 1501334162167
  logout: 1501334491741
ipAddress: 173.22.110.26
geolocation: United States
lastlocation:
  world: greenfield
  x: -4.7738780637812415
  y: 123.0625
  z: -193.81418469173994
  yaw: -1.5689812
  pitch: 2.2529716
money: '0'
logoutlocation:
  world: lexstarklabs
  x: -13.789719226468005
  y: 73.0
  z: 20.073112860204624
  yaw: -272.3532
  pitch: 19.75338
