lastAccountName: tadenaikwo
timestamps:
  login: 1509144292815
  logout: 1509144412045
ipAddress: 98.114.207.162
geolocation: United States
lastlocation:
  world: survival112
  x: -116.5
  y: 70.0
  z: 79.5
  yaw: 0.0
  pitch: 0.0
teleportenabled: true
logoutlocation:
  world: lexstarklabs
  x: -0.9937073270052605
  y: 59.0
  z: 31.550787318794946
  yaw: 39.192097
  pitch: 24.749987
