geolocation: United States
lastAccountName: PhantomFoxyM8y7
timestamps:
  login: 1499916558838
  lastteleport: 1499916664977
  logout: 1499916773290
ipAddress: 65.32.117.250
lastlocation:
  world: greenfield
  x: -5.759198573147563
  y: 123.0625
  z: -194.23927080158904
  yaw: 8.520866
  pitch: 11.959189
logoutlocation:
  world: greenfield
  x: -1723.6277522982862
  y: 70.0
  z: 144.78193867742047
  yaw: 85.67645
  pitch: 8.284737
money: '0'
