geolocation: Brazil
lastAccountName: Hendrix_Derrick
timestamps:
  login: 1497150590664
  logout: 1497150690244
ipAddress: 189.121.186.34
lastlocation:
  world: greenfield
  x: -5.533928179228707
  y: 123.0
  z: -200.01935944104642
  yaw: 181.7192
  pitch: 59.250004
logoutlocation:
  world: spawn
  x: 15.857673564548525
  y: 9.0
  z: 0.8776736368074207
  yaw: 96.44059
  pitch: 5.8500385
money: '0'
