geolocation: United States
lastAccountName: spacewizard2006
timestamps:
  login: 1499354206557
  logout: 1499354582927
ipAddress: 73.188.155.119
lastlocation:
  world: survival112
  x: -116.5
  y: 70.0
  z: 79.5
  yaw: 0.0
  pitch: 0.0
logoutlocation:
  world: greenfield
  x: -1719.2666422869052
  y: 70.0
  z: 134.77571641508248
  yaw: -276.9832
  pitch: 25.791527
money: '0'
