geolocation: United States
lastAccountName: BonnZGamer
timestamps:
  login: 1500168642998
  lastteleport: 1500168818896
  logout: 1500168830875
ipAddress: 104.0.244.216
lastlocation:
  world: greenfield
  x: -5.627199398831357
  y: 124.08692408821369
  z: -179.91702465843176
  yaw: -2.9307249
  pitch: 28.350008
logoutlocation:
  world: survival112
  x: -102.78103857624536
  y: 74.0
  z: 84.1268932870511
  yaw: 72.2999
  pitch: 15.300002
money: '0'
