lastAccountName: jay050411
timestamps:
  login: 1500636390049
  lastteleport: 1500636344842
  logout: 1500636498507
ipAddress: 36.226.203.212
geolocation: Taiwan
lastlocation:
  world: greenfield
  x: -5.503245495644273
  y: 124.08692408821369
  z: -179.30000001192093
  yaw: 2.019043
  pitch: 14.999991
logoutlocation:
  world: survival112
  x: -116.84689510928406
  y: 72.0
  z: 79.30000001192093
  yaw: 277.04996
  pitch: 17.1
money: '0'
