lastAccountName: giduvuan
geolocation: Singapore
timestamps:
  login: 1509931290535
  lastteleport: 1509932038681
  logout: 1509932053939
ipAddress: 182.55.82.45
lastlocation:
  world: spawn
  x: 303.7440677945101
  y: 65.0
  z: -28.192780295956325
  yaw: -298.24585
  pitch: 2.6462047
godmode: false
teleportenabled: true
logoutlocation:
  world: plots
  x: 287.7995679005375
  y: 65.0
  z: 231.4327032901543
  yaw: 213.3808
  pitch: 16.059803
