lastAccountName: SchwiftyNeko
timestamps:
  login: 1508618006136
  logout: 1508618061768
ipAddress: 110.175.2.245
geolocation: Australia
lastlocation:
  world: survival112
  x: -116.5
  y: 70.0
  z: 79.5
  yaw: 0.0
  pitch: 0.0
logoutlocation:
  world: lexstarklabs
  x: -10.945097338745352
  y: 59.0
  z: -0.24111701506106126
  yaw: -170.80898
  pitch: 11.005826
