geolocation: United Kingdom
lastAccountName: oceanblxss
timestamps:
  login: 1496498066066
  lastteleport: 1496496928970
  logout: 1496498159240
ipAddress: 94.0.34.104
lastlocation:
  world: greenfield
  x: -4.616096206681169
  y: 123.0625
  z: -194.01148142705318
  yaw: -10.580712
  pitch: 7.0499997
logoutlocation:
  world: greenfield
  x: -1721.3917113023072
  y: 70.0
  z: 137.5952270982594
  yaw: -204.73645
  pitch: 7.340041
money: '0'
