lastAccountName: Milan_mans
timestamps:
  login: 1494770056805
  lastteleport: 1494770164382
  logout: 1494770199286
ipAddress: 178.118.107.152
geolocation: Belgium
lastlocation:
  world: greenfield
  x: -5.09815266701395
  y: 123.0625
  z: -193.80236089370797
  yaw: -3.6058328
  pitch: 1.8791997
logoutlocation:
  world: greenfield
  x: -1718.5255035866383
  y: 70.0
  z: 135.05942845918594
  yaw: 234.15723
  pitch: 12.769553
money: '0'
