geolocation: United Kingdom
lastAccountName: 21CATS
timestamps:
  login: 1507574278113
  logout: 1507574283548
  lastteleport: 1503510830807
ipAddress: 90.212.29.203
lastlocation:
  world: greenfield
  x: 106.6265863953177
  y: 100.6027820086539
  z: -170.17499763788663
  yaw: 190.4193
  pitch: 31.199999
teleportenabled: true
godmode: false
logoutlocation:
  world: survival112
  x: 1958.5694148127932
  y: 183.10529781924188
  z: -1705.4353394767181
  yaw: 20.38089
  pitch: 45.29998
money: '0'
