lastAccountName: Bloodthirsty_92
timestamps:
  login: 1498056539188
  logout: 1498056760718
ipAddress: 88.85.60.183
geolocation: Faroe Islands
lastlocation:
  world: survival112
  x: -116.5
  y: 70.0
  z: 79.5
  yaw: 0.0
  pitch: 0.0
logoutlocation:
  world: greenfield
  x: -5.5
  y: 123.0625
  z: -198.5
  yaw: 1.1192873
  pitch: 8.250003
money: '0'
