lastAccountName: Bthiebold58
timestamps:
  login: 1509838908945
  logout: 1509838931913
ipAddress: 142.129.94.18
geolocation: United States
lastlocation:
  world: survival112
  x: -116.5
  y: 70.0
  z: 79.5
  yaw: 0.0
  pitch: 0.0
logoutlocation:
  world: lexstarklabs
  x: 0.23947297711780707
  y: 59.0625
  z: 8.770265837913911
  yaw: -48.708965
  pitch: 14.30582
