geolocation: Netherlands
lastAccountName: xDarrenTryx
timestamps:
  login: 1500122439737
  logout: 1500122570646
ipAddress: 217.123.157.254
lastlocation:
  world: survival112
  x: -116.5
  y: 70.0
  z: 79.5
  yaw: 0.0
  pitch: 0.0
logoutlocation:
  world: greenfield
  x: -5.5
  y: 123.0625
  z: -198.5
  yaw: -0.080712534
  pitch: 0.9000001
money: '0'
