lastAccountName: RaviSH7
timestamps:
  login: 1502889689712
  lastteleport: 1502894505270
  logout: 1502894801209
ipAddress: 92.233.219.141
geolocation: United Kingdom
lastlocation:
  world: survival112
  x: -457.2349360178281
  y: 72.0
  z: 674.2043931200341
  yaw: -192.29388
  pitch: 64.91841
money: '0'
godmode: false
teleportenabled: true
homes:
  mine:
    world: survival112
    x: -423.32959921282367
    y: 12.0
    z: 834.5264390270105
    yaw: -285.90277
    pitch: 13.082501
  netherbase:
    world: survival112_nether
    x: -76.89193282737858
    y: 73.0
    z: 83.70969068562549
    yaw: 199.6347
    pitch: 31.16844
  blazespawners:
    world: survival112_nether
    x: -373.6175432979738
    y: 70.0
    z: 682.6108736397977
    yaw: -90.15417
    pitch: 3.5446894
logoutlocation:
  world: survival112
  x: -454.35483153757866
  y: 63.0625
  z: 676.4141297709085
  yaw: 123.70667
  pitch: 17.798079
