lastAccountName: PapyrusTheGamer
timestamps:
  login: 1501726434812
  lastteleport: 1501726513303
  logout: 1501726894752
ipAddress: 45.20.100.171
geolocation: United States
lastlocation:
  world: lexstarklabs
  x: -9.02905234346913
  y: 59.0
  z: 1.0502104194807886
  yaw: 176.8079
  pitch: -6.3492284
logoutlocation:
  world: office
  x: 4.783773067023259
  y: 134.0
  z: 26.276463933373687
  yaw: -319.10376
  pitch: 29.525541
money: '0'
