lastAccountName: Spaghetti_Furi
timestamps:
  login: 1500828295961
  lastteleport: 1500828334493
  logout: 1500828373110
ipAddress: 90.1.176.55
geolocation: France
lastlocation:
  world: greenfield
  x: -5.549122255037464
  y: 124.02442408821369
  z: -179.94499889301468
  yaw: 1.5208224
  pitch: -19.385595
logoutlocation:
  world: survival112
  x: -116.5
  y: 71.0
  z: 79.5
  yaw: -86.54741
  pitch: -4.0037346
money: '0'
