geolocation: United States
lastAccountName: VickMoon234
timestamps:
  login: 1497487608103
  logout: 1497487620355
ipAddress: 107.134.112.140
lastlocation:
  world: survival112
  x: -116.5
  y: 70.0
  z: 79.5
  yaw: 0.0
  pitch: 0.0
logoutlocation:
  world: greenfield
  x: -1720.8303674955016
  y: 70.0
  z: 134.74668141576888
  yaw: 79.86606
  pitch: 15.891556
money: '0'
