lastAccountName: HB6
timestamps:
  login: 1496734120448
  lastteleport: 1496734613267
  logout: 1496734840919
ipAddress: 169.0.158.168
geolocation: South Africa
afk: false
lastlocation:
  world: greenfield
  x: -5.5
  y: 123.0
  z: -198.5
  yaw: -0.080712534
  pitch: 0.9000001
logoutlocation:
  world: spawn
  x: 0.5
  y: 10.0
  z: 0.5
  yaw: -178.6593
  pitch: 1.3499979
money: '0'
