geolocation: Egypt
lastAccountName: HeilHindley
timestamps:
  login: 1500499598545
  lastteleport: 1500499636432
  logout: 1500499675683
ipAddress: 41.35.76.85
lastlocation:
  world: greenfield
  x: -4.782450873531
  y: 123.0625
  z: -194.1371185634095
  yaw: -55.13071
  pitch: 3.0000002
logoutlocation:
  world: greenfield
  x: -1712.5
  y: 70.0
  z: 149.5
  yaw: -180.43597
  pitch: 2.3900626
money: '0'
