geolocation: United States
lastAccountName: 22nisa
timestamps:
  login: 1509919692794
  lastteleport: 1502569863575
  logout: 1509919781805
ipAddress: 68.4.96.246
lastlocation:
  world: lexstarklabs
  x: 0.34562328859523833
  y: 59.0
  z: 0.38028178036224514
  yaw: 182.66025
  pitch: 0.2386585
godmode: false
teleportenabled: true
logoutlocation:
  world: greenfield
  x: -9.521186327687326
  y: 69.0
  z: -256.17085885322894
  yaw: -78.544586
  pitch: 16.700283
money: '0'
