geolocation: New Zealand
lastAccountName: LaBormans
timestamps:
  login: 1504151450461
  logout: 1504151862281
ipAddress: 101.98.224.86
lastlocation:
  world: survival112
  x: -116.5
  y: 70.0
  z: 79.5
  yaw: 0.0
  pitch: 0.0
logoutlocation:
  world: lexstarklabs
  x: 1.4326035831608086
  y: 59.0
  z: 15.51583043662685
  yaw: -19.991638
  pitch: 26.55001
money: '0'
