geolocation: United States
lastAccountName: TheRanD
timestamps:
  login: 1501091460741
  lastteleport: 1501092110794
  logout: 1501092653923
ipAddress: 174.26.58.242
lastlocation:
  world: policeoffice
  x: 5.376088847233448
  y: 75.0
  z: 45.65051415620327
  yaw: 241.69794
  pitch: 5.54204
teleportenabled: true
godmode: false
logoutlocation:
  world: survival112
  x: -116.5
  y: 71.0
  z: 79.5
  yaw: 0.0
  pitch: 0.0
homes:
  lol:
    world: survival112
    x: -1650.085289687623
    y: 63.0
    z: -813.4363671964738
    yaw: -192.19092
    pitch: 28.439972
  dna:
    world: survival112
    x: -193.3244608532963
    y: 72.0
    z: 239.83939752005188
    yaw: 267.98007
    pitch: 47.502075
money: '0'
