lastAccountName: Lukeninja212
timestamps:
  login: 1509850009138
  lastteleport: 1509851509503
  logout: 1509852335195
ipAddress: 24.26.130.192
geolocation: United States
lastlocation:
  world: spawn
  x: 303.95548817356575
  y: 65.0
  z: -23.525915583678355
  yaw: -278.10886
  pitch: 9.600004
godmode: false
teleportenabled: true
logoutlocation:
  world: lexstarklabs
  x: 1.6995794296799822
  y: 59.0625
  z: 36.27068929864047
  yaw: 211.48848
  pitch: 16.776962
