lastAccountName: Harokuu
timestamps:
  login: 1500498155872
  lastteleport: 1500498719566
  logout: 1500498988241
ipAddress: 24.243.177.114
geolocation: United States
lastlocation:
  world: greenfield
  x: -5.5990136727820055
  y: 124.08692408821369
  z: -179.30000001192093
  yaw: -5.6307154
  pitch: 31.049997
money: '0'
logoutlocation:
  world: survival112
  x: 67.85733707398008
  y: 63.0
  z: 395.94814352835675
  yaw: 358.65005
  pitch: 13.199996
