lastAccountName: Tobo_Da_Hobo
timestamps:
  login: 1507819665772
  logout: 1507819695896
ipAddress: 108.88.45.124
geolocation: United States
lastlocation:
  world: survival112
  x: -116.5
  y: 70.0
  z: 79.5
  yaw: 0.0
  pitch: 0.0
logoutlocation:
  world: lexstarklabs
  x: -10.5
  y: 59.0
  z: 0.5
  yaw: 179.59085
  pitch: -11.494181
