lastAccountName: W0lv3r_PvP
timestamps:
  login: 1500116560156
  logout: 1500116823847
  lastteleport: 1500114342932
ipAddress: 93.41.44.226
geolocation: Italy
lastlocation:
  world: spawn
  x: -4.854080005048725
  y: 9.0
  z: -29.93951126321485
  yaw: 167.9907
  pitch: 7.799999
logoutlocation:
  world: lavahop
  x: -1.5029771229146718
  y: 59.0
  z: 6.880145320689874
  yaw: 179.84247
  pitch: 0.7499951
money: '0'
