lastAccountName: EnergyCrash
timestamps:
  login: 1498165017364
  lastteleport: 1498165357959
  logout: 1498165448649
ipAddress: 77.138.154.63
geolocation: Israel
lastlocation:
  world: greenfield
  x: -5.537918824663469
  y: 124.31168707874468
  z: -179.70863638723452
  yaw: -2.4067078
  pitch: 29.522173
logoutlocation:
  world: survival112
  x: -57.79092574256131
  y: 65.0
  z: 45.32959786231332
  yaw: -91.512695
  pitch: 29.900751
money: '0'
