geolocation: Singapore
lastAccountName: MogoMan_1
timestamps:
  login: 1508012855569
  lastteleport: 1505670954126
  logout: 1508013133986
ipAddress: 173.239.197.74
lastlocation:
  world: spawn
  x: -9.546168909848454
  y: 9.0
  z: -36.60438644263076
  yaw: -178.6593
  pitch: 1.3499979
logoutlocation:
  world: torture
  x: -9.365581569944627
  y: 69.0
  z: -4.500370811741264
  yaw: -94.94229
  pitch: 13.224803
godmode: false
teleportenabled: true
money: '0'
afk: false
homes:
  home:
    world: greenfield
    x: -1722.6917904149657
    y: 69.0
    z: 178.7582264650917
    yaw: -91.22613
    pitch: 14.699929
  saltwithnopepper:
    world: survival112
    x: -1355.7192874804487
    y: 75.36690282187526
    z: 30.761658262781733
    yaw: 136.84389
    pitch: 51.05389
