lastAccountName: _SkySpider_
timestamps:
  login: 1509262675403
  lastteleport: 1509262719363
  logout: 1509262772535
ipAddress: 91.5.102.194
geolocation: Germany
lastlocation:
  world: lexstarklabs
  x: 0.5
  y: 59.0625
  z: 6.5
  yaw: -0.16168213
  pitch: -0.17303352
teleportenabled: true
godmode: false
logoutlocation:
  world: lexstarklabs
  x: -15.612331691664767
  y: 59.0625
  z: 37.0135687271714
  yaw: 193.8148
  pitch: -4.541964
