lastAccountName: Valtrai
timestamps:
  login: 1509582080213
  logout: 1509582092854
ipAddress: 186.50.14.39
geolocation: Uruguay
lastlocation:
  world: survival112
  x: -116.5
  y: 70.0
  z: 79.5
  yaw: 0.0
  pitch: 0.0
logoutlocation:
  world: greenfield
  x: -1710.8029502250713
  y: 69.0
  z: 144.55632539883834
  yaw: -153.9841
  pitch: 4.791562
money: '0'
