lastAccountName: StopOwl91
timestamps:
  login: 1506868694390
  logout: 1506868724535
ipAddress: 173.52.118.22
geolocation: United States
lastlocation:
  world: survival112
  x: -116.5
  y: 70.0
  z: 79.5
  yaw: 0.0
  pitch: 0.0
logoutlocation:
  world: lexstarklabs
  x: 9.560238721041927
  y: 59.0
  z: 40.26253505624398
  yaw: -95.219475
  pitch: 8.247944
