geolocation: United States
lastAccountName: Metalcube10
timestamps:
  login: 1502072285395
  lastteleport: 1502072337767
  logout: 1502072357054
ipAddress: 99.93.175.9
lastlocation:
  world: greenfield
  x: -1712.308185088386
  y: 70.0
  z: 129.64458228129365
  yaw: 170.0163
  pitch: 46.19152
logoutlocation:
  world: greenfield
  x: -6.2432541202832095
  y: 123.0625
  z: -189.2439631815517
  yaw: 147.96927
  pitch: 19.650002
money: '0'
