lastAccountName: ZayIsSavagee
timestamps:
  login: 1505009464883
  logout: 1505009499319
ipAddress: 166.170.52.8
geolocation: United States
lastlocation:
  world: survival112
  x: -116.5
  y: 70.0
  z: 79.5
  yaw: 0.0
  pitch: 0.0
logoutlocation:
  world: lexstarklabs
  x: -9.170912051125132
  y: 59.0
  z: 10.245743325908059
  yaw: 87.85786
  pitch: 12.30001
money: '0'
