geolocation: United States
lastAccountName: Wackomite65586
timestamps:
  login: 1500431211873
  lastteleport: 1500431000886
  logout: 1500431298094
ipAddress: 68.188.116.55
lastlocation:
  world: spawn
  x: -36.92500001192093
  y: 29.0
  z: 0.9217940453713378
  yaw: -103.809204
  pitch: 34.800014
money: '0'
logoutlocation:
  world: plots
  x: -44.981220844816605
  y: 65.5
  z: 180.88200386110978
  yaw: -71.25032
  pitch: -9.600007
