geolocation: United States
lastAccountName: Airvatar
timestamps:
  login: 1496825250242
  lastteleport: 1496825299506
  logout: 1496825309916
ipAddress: 136.63.184.131
lastlocation:
  world: greenfield
  x: -1712.4895850642515
  y: 70.0
  z: 130.12127660064203
  yaw: 185.01613
  pitch: 28.79996
logoutlocation:
  world: greenfield
  x: 0.7151346640363069
  y: 123.0625
  z: -186.22325946303397
  yaw: -270.6807
  pitch: 34.79999
money: '0'
