geolocation: Sweden
lastAccountName: LucasStormen
timestamps:
  login: 1499505795864
  lastteleport: 1499506253355
  logout: 1499506334352
ipAddress: 83.172.120.14
lastlocation:
  world: greenfield
  x: -5.5
  y: 123.0625
  z: -198.5
  yaw: -0.080712534
  pitch: 0.9000001
teleportenabled: true
logoutlocation:
  world: greenfield
  x: -1720.464159189326
  y: 70.0
  z: 138.21763878733208
  yaw: -127.67038
  pitch: 3.005415
money: '0'
