lastAccountName: Genghis1
timestamps:
  login: 1506684714339
  logout: 1506684729446
ipAddress: 197.234.194.70
geolocation: South Africa
lastlocation:
  world: survival112
  x: -116.5
  y: 70.0
  z: 79.5
  yaw: 0.0
  pitch: 0.0
logoutlocation:
  world: lexstarklabs
  x: 0.5
  y: 59.0
  z: 9.5
  yaw: -359.81958
  pitch: 44.097946
