lastAccountName: Robinkid21
geolocation: United States
timestamps:
  login: 1505016787584
  logout: 1505016976694
  lastteleport: 1505016858804
ipAddress: 47.149.5.68
logoutlocation:
  world: lexstarklabs
  x: 17.404694667856166
  y: 59.0
  z: 40.75911428430564
  yaw: -160.54205
  pitch: 1.9007155
lastlocation:
  world: greenfield
  x: -4.382814357148276
  y: 123.0625
  z: -193.7819297642182
  yaw: -0.6807115
  pitch: 12.750005
money: '0'
