geolocation: United States
lastAccountName: Dodle110
timestamps:
  login: 1495383461290
  lastteleport: 1495383412824
  logout: 1495383672329
ipAddress: 66.133.228.150
lastlocation:
  world: skywarslobby
  x: 5.0749999880790675
  y: 78.0
  z: 14.925000011920929
  yaw: 50.598877
  pitch: 47.323128
logoutlocation:
  world: spawn
  x: 12.4735240434448
  y: 9.0
  z: 0.598077653150489
  yaw: -84.550476
  pitch: 18.213303
money: '0'
