geolocation: United States
lastAccountName: YEE10
timestamps:
  login: 1508026897126
  logout: 1508027135137
  lastteleport: 1508027122439
ipAddress: 108.48.116.209
lastlocation:
  world: plots
  x: 287.3343822316649
  y: 65.0
  z: 233.6613844894145
  yaw: -85.84642
  pitch: -0.51327944
logoutlocation:
  world: techcombatknockbackgame
  x: 7.457031832208857
  y: 112.0
  z: -21.717114083603228
  yaw: -282.98425
  pitch: -24.92701
