geolocation: United States
lastAccountName: Rickb2004
timestamps:
  login: 1499978443603
  lastteleport: 1499978459433
  logout: 1499978515344
ipAddress: 98.167.202.97
lastlocation:
  world: greenfield
  x: -1712.340103704853
  y: 70.0
  z: 129.4581749380411
  yaw: -161.08519
  pitch: 72.74004
logoutlocation:
  world: greenfield
  x: -31.41160017075174
  y: 69.0
  z: -166.2539614589784
  yaw: 84.819496
  pitch: 52.34997
money: '0'
