geolocation: United States
lastAccountName: FruityAli
timestamps:
  login: 1493506511371
  logout: 1493506855585
ipAddress: 70.119.223.74
lastlocation:
  world: spleef
  x: -8.5
  y: 54.0
  z: -0.5
  yaw: 230.29475
  pitch: -41.993256
logoutlocation:
  world: spleeflobby
  x: 0.8934551497114369
  y: 64.0
  z: 6.783117670885151
  yaw: -148.9497
  pitch: 9.449998
money: '0'
