lastAccountName: EarthQuakeMaster
timestamps:
  login: 1505466087780
  logout: 1505466254722
  lastteleport: 1505466113001
ipAddress: 116.240.67.184
geolocation: Australia
lastlocation:
  world: greenfield
  x: -5.553649220615625
  y: 123.0625
  z: -195.93093846575943
  yaw: 1.2692891
  pitch: 10.049999
logoutlocation:
  world: lexstarklabs
  x: -1.4892454300191078
  y: 59.0
  z: 12.045051793846392
  yaw: 332.50797
  pitch: 13.600766
money: '0'
