lastAccountName: ILoveMinecraft17
timestamps:
  login: 1509140363580
  lastteleport: 1509140920623
  logout: 1509140932780
ipAddress: 73.24.34.135
geolocation: United States
lastlocation:
  world: spawn
  x: 305.3963944930621
  y: 65.0
  z: -27.525373976908526
  yaw: -277.95905
  pitch: 0.90000916
godmode: false
teleportenabled: true
logoutlocation:
  world: plots
  x: 286.09352474116434
  y: 65.0
  z: 235.3779310285766
  yaw: -338.24176
  pitch: 11.487583
