lastAccountName: hiki16
timestamps:
  login: 1508954629231
  lastteleport: 1508955248607
  logout: 1508955686652
ipAddress: 84.192.182.169
geolocation: Belgium
lastlocation:
  world: spawn
  x: 304.2738790948631
  y: 65.0
  z: -30.57026873983837
  yaw: -274.1892
  pitch: 3.8453908
godmode: false
teleportenabled: true
logoutlocation:
  world: survival112
  x: -73.30035449413228
  y: 88.61580299623533
  z: -259.79079951813264
  yaw: 304.8894
  pitch: 20.249056
