lastAccountName: clopez719
timestamps:
  login: 1498638663977
  lastteleport: 1498638723670
  logout: 1498638731544
ipAddress: 64.113.110.68
geolocation: United States
lastlocation:
  world: greenfield
  x: -5.438041946940238
  y: 124.08692408821369
  z: -179.4254737595635
  yaw: -3.32229
  pitch: 30.556961
logoutlocation:
  world: survival112
  x: -119.5
  y: 71.0
  z: 77.5
  yaw: -1.7932109
  pitch: 8.690175
money: '0'
