lastAccountName: Kachowwwww
timestamps:
  login: 1506835218054
  lastteleport: 1506839956330
  logout: 1506841534422
ipAddress: 47.150.20.156
geolocation: United States
lastlocation:
  world: spawn
  x: 320.2896553398008
  y: 41.0
  z: -40.5473390661142
  yaw: 100.03955
  pitch: 6.1500893
godmode: false
teleportenabled: true
logoutlocation:
  world: plots
  x: 413.35676706092136
  y: 71.01324913444702
  z: 652.554034279425
  yaw: 194.25061
  pitch: 24.000078
