geolocation: Turkey
lastAccountName: ZebraLaney
timestamps:
  login: 1506851423748
  logout: 1506851548169
ipAddress: 78.184.209.184
lastlocation:
  world: survival112
  x: -116.5
  y: 70.0
  z: 79.5
  yaw: 0.0
  pitch: 0.0
logoutlocation:
  world: lexstarklabs
  x: -14.956182541085216
  y: 59.0
  z: 11.269465681283096
  yaw: -314.0698
  pitch: 6.5979023
