geolocation: United States
lastAccountName: Phcrown
timestamps:
  login: 1502336513731
  logout: 1502336686899
ipAddress: 100.0.94.226
lastlocation:
  world: greenfield
  x: -1721.8628510605686
  y: 70.0
  z: 136.78592349376143
  yaw: -238.8841
  pitch: 16.191544
logoutlocation:
  world: lexstarklabs
  x: -15.165925842868083
  y: 59.0
  z: 25.558179938271792
  yaw: -96.04193
  pitch: 1.3007828
money: '0'
