geolocation: United States
lastAccountName: KittyTiger06
timestamps:
  login: 1501447586655
  logout: 1501447598542
ipAddress: 108.56.242.58
lastlocation:
  world: survival112
  x: -116.5
  y: 70.0
  z: 79.5
  yaw: 0.0
  pitch: 0.0
logoutlocation:
  world: greenfield
  x: -1712.5
  y: 70.0
  z: 130.5
  yaw: -1.8839852
  pitch: 13.341561
money: '0'
