lastAccountName: SPY12
timestamps:
  login: 1502438511270
  logout: 1502438520467
ipAddress: 152.115.82.74
geolocation: Denmark
lastlocation:
  world: survival112
  x: -116.5
  y: 70.0
  z: 79.5
  yaw: 0.0
  pitch: 0.0
logoutlocation:
  world: greenfield
  x: -1712.6068747341458
  y: 70.0
  z: 131.3590364810445
  yaw: 5.7660165
  pitch: 19.94156
money: '0'
