lastAccountName: Tylervader
timestamps:
  login: 1499634742640
  lastteleport: 1499634799869
  logout: 1499634839507
ipAddress: 99.74.177.136
geolocation: United States
lastlocation:
  world: greenfield
  x: -4.844673455849733
  y: 123.0625
  z: -194.0795870758318
  yaw: 296.3195
  pitch: 30.750013
logoutlocation:
  world: greenfield
  x: -1714.039890518606
  y: 70.0
  z: 139.27884813169288
  yaw: -269.98605
  pitch: -1.3599744
money: '0'
