lastAccountName: Rocker_Girl_HD
timestamps:
  login: 1506965260931
  lastteleport: 1506965488995
  logout: 1506965501656
ipAddress: 194.230.12.83
geolocation: Switzerland
lastlocation:
  world: spawn
  x: 304.2011597231782
  y: 65.0
  z: -31.292647599730554
  yaw: -258.28424
  pitch: 7.5538697
logoutlocation:
  world: spawn
  x: -49.853506762466914
  y: 24.0
  z: -85.06884435934897
  yaw: 88.93278
  pitch: -36.50555
