geolocation: Germany
lastAccountName: Mattis1TTS
timestamps:
  login: 1498994171135
  lastteleport: 1498994873350
  logout: 1498994878029
ipAddress: 91.248.157.178
lastlocation:
  world: greenfield
  x: -4.09729157283218
  y: 123.0625
  z: -193.77779076335548
  yaw: -345.83057
  pitch: 24.899961
logoutlocation:
  world: greenfield
  x: -1703.7770832546032
  y: 70.0
  z: 141.90127175243387
  yaw: -113.98597
  pitch: 15.740061
money: '0'
