geolocation: United States
lastAccountName: CH0ICE
timestamps:
  login: 1499881830953
  lastteleport: 1499881941320
  logout: 1499881988949
ipAddress: 76.21.116.218
lastlocation:
  world: greenfield
  x: -5.303257912879521
  y: 123.0
  z: -180.30000001192093
  yaw: 16.713457
  pitch: 48.09079
logoutlocation:
  world: greenfield
  x: -8.120229187868729
  y: 123.0
  z: -189.8741570016387
  yaw: 15.34558
  pitch: 15.870343
money: '0'
