geolocation: United States
lastAccountName: orange_menace
timestamps:
  login: 1504453539710
  lastteleport: 1504375635624
  logout: 1504453562269
ipAddress: 98.221.153.23
lastlocation:
  world: spawn
  x: -50.953337559843845
  y: 24.0
  z: -85.5019542905793
  yaw: -90.090996
  pitch: 21.440594
logoutlocation:
  world: anarchy
  x: 11.312307601122633
  y: 68.0
  z: 310.26705740515064
  yaw: -89.98064
  pitch: -6.802472
money: '0'
