geolocation: United States
lastAccountName: Breaker_Senpai
timestamps:
  login: 1500692122643
  lastteleport: 1500694364674
  logout: 1500694439028
  lastheal: 1500693902660
ipAddress: 98.251.53.97
lastlocation:
  world: greenfield
  x: -4.76926886236337
  y: 123.0625
  z: -193.63489785003213
  yaw: 271.39056
  pitch: 32.65872
godmode: false
teleportenabled: true
logoutlocation:
  world: greenfield
  x: -1724.4026500842228
  y: 70.0
  z: 145.7164625076169
  yaw: -346.9588
  pitch: 23.760822
money: '0'
