lastAccountName: Glowing1
timestamps:
  login: 1494352168883
  lastteleport: 1494352338530
  logout: 1494352488953
ipAddress: 178.149.147.252
geolocation: Serbia
lastlocation:
  world: greenfield
  x: -5.475586369977784
  y: 124.02442408821369
  z: -179.9698126173171
  yaw: -2.9306827
  pitch: -6.1500053
logoutlocation:
  world: survival_nether
  x: -38.441011729412786
  y: 54.0
  z: 51.4756123307893
  yaw: -245.26598
  pitch: 56.250008
money: '0'
