lastAccountName: X_SkillZ_pvp
timestamps:
  login: 1510004569547
  lastteleport: 1509917052317
  logout: 1510004693008
ipAddress: 73.112.79.9
geolocation: United States
lastlocation:
  world: survival112
  x: -134.86631246717877
  y: 72.0
  z: 65.20066955300118
  yaw: 229.00693
  pitch: 90.0
logoutlocation:
  world: greenfield
  x: -27.373237986530686
  y: 65.15578971992372
  z: -217.0337677577803
  yaw: 226.61343
  pitch: 16.314396
godmode: false
teleportenabled: true
