geolocation: Finland
lastAccountName: Toke_Gamer07
timestamps:
  login: 1504016746195
  lastteleport: 1501494922273
  logout: 1504016854546
ipAddress: 188.238.149.124
lastlocation:
  world: spawn
  x: -50.41649095999572
  y: 24.0
  z: -85.50008050067117
  yaw: -91.0505
  pitch: 30.899927
money: '0'
logoutlocation:
  world: anarchy
  x: 0.35856391870953613
  y: 72.0
  z: 64.89303055635442
  yaw: -48.150116
  pitch: 54.3
