geolocation: United States
lastAccountName: HiBuddy91402
timestamps:
  login: 1501203457165
  lastteleport: 1501204041038
  logout: 1501204077282
ipAddress: 68.230.37.125
lastlocation:
  world: greenfield
  x: -5.3856322248014425
  y: 123.0625
  z: -195.38414478383734
  yaw: -1.7307109
  pitch: 2.8499863
logoutlocation:
  world: greenfield
  x: -1712.0353961478384
  y: 70.0
  z: 144.28829619618807
  yaw: -257.23553
  pitch: 21.59003
money: '0'
