geolocation: United States
lastAccountName: Kyanlte
timestamps:
  login: 1494206846873
  logout: 1494206942253
ipAddress: 108.250.231.154
lastlocation:
  world: survival
  x: 86.5
  y: 91.0
  z: -109.5
  yaw: -180.32117
  pitch: 0.8999815
logoutlocation:
  world: greenfield
  x: -5.088918075876193
  y: 92.91666519183372
  z: -189.54521007864273
  yaw: -193.0546
  pitch: 90.0
money: '0'
