geolocation: United States
lastAccountName: Wilderr21
timestamps:
  login: 1509761796351
  logout: 1509762207191
  lastteleport: 1508706870420
ipAddress: 172.6.120.110
lastlocation:
  world: spawn
  x: 303.53905623702445
  y: 65.0
  z: -30.17048461438673
  yaw: -263.12735
  pitch: 13.295898
godmode: false
teleportenabled: true
logoutlocation:
  world: survival112
  x: 1487.9224115725413
  y: 135.91916256630526
  z: -66.21325369104177
  yaw: -315.5077
  pitch: 81.741936
