geolocation: United States
lastAccountName: SebHobbit
timestamps:
  login: 1510107938927
  logout: 1510109763368
  lastteleport: 1510109530986
ipAddress: 142.129.98.123
lastlocation:
  world: lexstarklabs
  x: 5.5
  y: 59.0
  z: 35.5
  yaw: -140.64961
  pitch: 46.48932
logoutlocation:
  world: greenfield
  x: -26.187519745929198
  y: 69.0
  z: -215.51047390346508
  yaw: 135.6062
  pitch: 44.81165
godmode: false
teleportenabled: true
