geolocation: Denmark
lastAccountName: KFK1a
timestamps:
  login: 1503322699223
  logout: 1503322717694
ipAddress: 152.115.82.74
lastlocation:
  world: survival112
  x: -116.5
  y: 70.0
  z: 79.5
  yaw: 0.0
  pitch: 0.0
logoutlocation:
  world: greenfield
  x: -1712.4831503825262
  y: 70.0
  z: 131.76870406602944
  yaw: -1.8789597
  pitch: 1.9584293
money: '0'
