lastAccountName: Joe_Mania
timestamps:
  login: 1495381590383
  logout: 1495381625502
ipAddress: 156.222.100.233
geolocation: Egypt
lastlocation:
  world: survival
  x: 86.5
  y: 91.0
  z: -109.5
  yaw: -180.32117
  pitch: 0.8999815
logoutlocation:
  world: greenfield
  x: -1712.5
  y: 70.0
  z: 130.5
  yaw: -0.23398513
  pitch: 1.3415639
money: '0'
