lastAccountName: VibePlayz
timestamps:
  login: 1503229671769
  lastteleport: 1503229761772
  logout: 1503229779865
ipAddress: 185.31.154.188
geolocation: United Kingdom
lastlocation:
  world: greenfield
  x: -1706.8436441897727
  y: 70.0
  z: 135.8117464670213
  yaw: 268.13562
  pitch: -8.922183
logoutlocation:
  world: greenfield
  x: -6.623098906898474
  y: 123.0
  z: -183.98669766242838
  yaw: -6.5430737
  pitch: 14.204862
money: '0'
