geolocation: United States
lastAccountName: ActiveCoast9
timestamps:
  login: 1493487171993
  lastteleport: 1492133914463
  logout: 1493487204655
ipAddress: 50.173.68.19
lastlocation:
  world: greenfield
  x: -48.82645428428799
  y: 110.0
  z: -193.1895611878747
  yaw: 98.76925
  pitch: 42.750015
logoutlocation:
  world: survival
  x: 86.5
  y: 91.0
  z: -109.5
  yaw: -180.32117
  pitch: 0.8999815
money: '0'
