geolocation: United States
lastAccountName: Meatball31
timestamps:
  login: 1503008575496
  lastteleport: 1503009556700
  logout: 1503010949461
ipAddress: 68.4.173.217
lastlocation:
  world: survival112
  x: 111.51562114305722
  y: 74.8652609246551
  z: 385.28541009699967
  yaw: 205.7749
  pitch: 35.24994
money: '0'
godmode: false
teleportenabled: true
logoutlocation:
  world: survival112
  x: 171.99142545603863
  y: 70.92421382304255
  z: 281.1438248914638
  yaw: 62.07129
  pitch: 53.700024
homes:
  home:
    world: greenfield
    x: -0.477321983164099
    y: 123.0
    z: -192.598768539917
    yaw: 353.16925
    pitch: 39.450012
  meatabll31:
    world: survival112
    x: 170.3143068469986
    y: 65.0
    z: 281.87617076205254
    yaw: -92.90528
    pitch: -25.79999
  meatball31:
    world: survival112
    x: 169.44526092022832
    y: 65.0
    z: 280.73965437513704
    yaw: 289.62592
    pitch: -4.401116
