geolocation: United States
lastAccountName: TARDIScrafter_42
timestamps:
  login: 1500764944984
  lastteleport: 1500764972547
  logout: 1500765096208
ipAddress: 50.5.224.222
lastlocation:
  world: greenfield
  x: -4.365420407903976
  y: 123.0625
  z: -194.9671204098484
  yaw: -359.18103
  pitch: 9.15002
money: '0'
logoutlocation:
  world: greenfield
  x: -1723.2558165320738
  y: 69.0625
  z: 176.81233232391074
  yaw: -157.48624
  pitch: -1.350023
