lastAccountName: Flowerpower226
timestamps:
  login: 1506864069503
  logout: 1506867821195
  lastteleport: 1506866559196
ipAddress: 82.3.253.164
geolocation: United Kingdom
lastlocation:
  world: survival112
  x: -817.5194234159102
  y: 117.21043232778933
  z: 1292.7248380966532
  yaw: 174.71729
  pitch: 45.585663
logoutlocation:
  world: survival112
  x: -353.03041565752545
  y: 82.47441361003067
  z: 95.69228589858704
  yaw: 352.12598
  pitch: 41.78169
teleportenabled: true
godmode: false
