lastAccountName: Zoom_PvP
timestamps:
  login: 1508683377502
  logout: 1508683775333
ipAddress: 213.185.253.248
geolocation: Sweden
lastlocation:
  world: survival112
  x: -116.5
  y: 70.0
  z: 79.5
  yaw: 0.0
  pitch: 0.0
logoutlocation:
  world: lexstarklabs
  x: -8.658934207765448
  y: 59.0625
  z: 40.65928730083685
  yaw: -275.20285
  pitch: 2.759511
