lastAccountName: SpringFox909
timestamps:
  login: 1510155908557
  lastteleport: 1510157108591
  logout: 1510158477993
ipAddress: 31.54.97.185
geolocation: United Kingdom
lastlocation:
  world: theworldroom
  x: -5.513876048963414
  y: 103.0
  z: 7.794630865910433
  yaw: -94.953735
  pitch: 8.738102
godmode: false
teleportenabled: true
logoutlocation:
  world: nyc
  x: -708.218403754169
  y: 140.8934136371268
  z: -1944.411044086007
  yaw: 83.54997
  pitch: 51.9
