lastAccountName: TheHeroOfTime23
timestamps:
  login: 1495568421038
  lastteleport: 1495570883635
  logout: 1495570916381
ipAddress: 73.32.182.44
geolocation: United States
lastlocation:
  world: greenfield
  x: -4.300000011920926
  y: 115.46273306675994
  z: -191.69999998807907
  yaw: 63.219543
  pitch: 37.200058
godmode: false
teleportenabled: true
logoutlocation:
  world: survival
  x: -2473.5
  y: 64.0
  z: 2317.5
  yaw: -345.45517
  pitch: -4.7998905
afk: false
homes:
  two:
    world: survival
    x: 86.5
    y: 89.0
    z: -109.5
    yaw: -180.32117
    pitch: 0.8999815
  three:
    world: survival
    x: 86.4835305843153
    y: 95.67130769914908
    z: -129.3146221055693
    yaw: -180.32117
    pitch: 0.8999815
  wild:
    world: survival
    x: -509.3663439405111
    y: 65.0
    z: 2473.7154022042187
    yaw: 91.03201
    pitch: 21.150013
money: '0'
