lastAccountName: noobby_YT_777
timestamps:
  login: 1506967728006
  lastteleport: 1506968950720
  logout: 1506969038351
ipAddress: 71.237.65.141
geolocation: United States
lastlocation:
  world: gotham
  x: 289.4351042283519
  y: 86.10763677071019
  z: 226.50254032132395
  yaw: -161.67775
  pitch: 21.755188
godmode: false
teleportenabled: true
logoutlocation:
  world: gotham
  x: 160.67693365923355
  y: 64.36796158264137
  z: 280.47932447874564
  yaw: 213.65808
  pitch: 31.650002
