lastAccountName: zap_robbieS2002
timestamps:
  login: 1507393916783
  lastteleport: 1507394328348
  logout: 1507394350968
ipAddress: 74.115.56.138
geolocation: United States
lastlocation:
  world: lexstarklabs
  x: 0.4138754916342346
  y: 59.0
  z: 41.81780846098741
  yaw: -5.711899
  pitch: 9.276906
godmode: false
teleportenabled: true
logoutlocation:
  world: spawn
  x: 317.43777443960954
  y: 65.0
  z: -25.24264673251749
  yaw: -251.55885
  pitch: 37.649994
