geolocation: Canada
lastAccountName: jjakejacob15
timestamps:
  login: 1497489196503
  lastteleport: 1497488640410
  logout: 1497489750928
ipAddress: 24.57.153.76
lastlocation:
  world: greenfield
  x: -1714.483873484709
  y: 70.0
  z: 134.3083103387415
  yaw: -87.43594
  pitch: 18.59006
logoutlocation:
  world: survival112
  x: -219.10994159373175
  y: 27.0
  z: 81.49849574099562
  yaw: -125.250885
  pitch: 78.29996
money: '0'
