geolocation: United States
lastAccountName: CormanYT
timestamps:
  login: 1498412081726
  logout: 1498412418314
  lastteleport: 1498412106283
ipAddress: 68.55.252.215
lastlocation:
  world: greenfield
  x: -5.5367554994845705
  y: 123.0625
  z: -195.06615700905664
  yaw: -3.4243422
  pitch: 0.06409262
logoutlocation:
  world: spawn
  x: 0.556724028684469
  y: 10.0
  z: -4.159685071713337
  yaw: -180.33112
  pitch: 10.848947
money: '0'
