lastAccountName: Torashi_
timestamps:
  login: 1493434492274
  lastteleport: 1493436307537
  logout: 1493436579190
ipAddress: 173.25.242.148
geolocation: United States
lastlocation:
  world: greenfield
  x: -1696.300000011921
  y: 70.0
  z: 142.59353655521107
  yaw: 89.31558
  pitch: 19.041561
teleportenabled: true
logoutlocation:
  world: greenfield
  x: -1696.4976511485875
  y: 70.0
  z: 142.69999998807907
  yaw: 87.51554
  pitch: 4.4915633
money: '0'
