health: 20.0
hunger: 20
exp: 0.0
exp-level: 0
remainingAir: 300
fireTicks: -20
saturation: 4.0
exhaustion: 0.111103535
inventory: {}
location:
  ==: org.bukkit.Location
  world: colosseum
  x: 23.829288350776764
  y: 77.0
  z: -0.634718777089468
  pitch: -1.6034026
  yaw: -8.252695
