health: 20.0
hunger: 20
exp: 0.12280705
exp-level: 19
remainingAir: 300
fireTicks: -20
saturation: 1.0
exhaustion: 2.1999998
location:
  ==: org.bukkit.Location
  world: greenfield
  x: -25.5
  y: 69.0
  z: -215.5
  pitch: 0.46778247
  yaw: 180.05774
inventory: {}
