health: 20.0
hunger: 20
exp: 0.0
exp-level: 0
remainingAir: 300
fireTicks: -20
saturation: 5.0
exhaustion: 0.0
location:
  ==: org.bukkit.Location
  world: survival112
  x: -142.4099075101576
  y: 220.0
  z: 107.88542794002846
  pitch: 7.450793
  yaw: 340.36633
inventory: {}
