health: 20.0
hunger: 20
exp: 0.12280705
exp-level: 19
remainingAir: 300
fireTicks: -20
saturation: 1.0
exhaustion: 2.1999998
location:
  ==: org.bukkit.Location
  world: lexstarklabs
  x: 5.172284836194608
  y: 59.0625
  z: 42.91047838554649
  pitch: 7.049934
  yaw: 170.06145
inventory: {}
