health: 20.0
hunger: 20
exp: 0.12280705
exp-level: 19
remainingAir: 300
fireTicks: -20
saturation: 1.0
exhaustion: 2.1999998
location:
  ==: org.bukkit.Location
  world: survival112
  x: -121.66184770986906
  y: 120.01027201961267
  z: 723.2305390874568
  pitch: 29.929455
  yaw: -13.567383
inventory: {}
