health: 20.0
hunger: 20
exp: 0.0
exp-level: 0
remainingAir: 300
fireTicks: -20
saturation: 5.0
exhaustion: 3.7606006
location:
  ==: org.bukkit.Location
  world: lexstarklabs
  x: -75.8342196356376
  y: 248.0
  z: 132.02826135093318
  pitch: 1.2672797
  yaw: 44.68512
inventory: {}
