health: 20.0
hunger: 20
exp: 0.0
exp-level: 0
remainingAir: 300
fireTicks: -20
saturation: 5.0
exhaustion: 2.6430001
location:
  ==: org.bukkit.Location
  world: lexstarklabs
  x: -82.88485405730749
  y: 79.0
  z: 93.58677401353395
  pitch: 12.536208
  yaw: -179.9662
inventory: {}
