health: 20.0
hunger: 20
exp: 0.0
exp-level: 0
remainingAir: 300
fireTicks: -20
saturation: 5.0
exhaustion: 3.7606006
location:
  ==: org.bukkit.Location
  world: survival112
  x: 2.8421639733033492
  y: 65.0
  z: 124.325037337777
  pitch: 28.56001
  yaw: -15.800139
inventory: {}
