health: 20.0
hunger: 20
exp: 0.0
exp-level: 0
remainingAir: 300
fireTicks: -20
saturation: 5.0
exhaustion: 3.7606006
location:
  ==: org.bukkit.Location
  world: rollercoaster
  x: -13.5
  y: 255.7125
  z: 1101.6264872579911
  pitch: 35.999928
  yaw: -62.029274
inventory: {}
