inventory: {}
armor_contents: {}
health: 5.333333969116211
hunger: 17
exp: 0.0
exp-level: 0
remainingAir: 300
fireTicks: -20
saturation: 0.0
exhaustion: 2.9340146
