inventory: {}
health: 20.0
hunger: 20
exp: 0.076923005
exp-level: 3
remainingAir: 300
fireTicks: -20
saturation: 0.0
exhaustion: 2.0273075
