health: 10.499942779541016
hunger: 17
exp: 0.0
exp-level: 0
remainingAir: 300
fireTicks: -20
saturation: 0.0
exhaustion: 1.0
inventory: {}
location:
  ==: org.bukkit.Location
  world: survival112
  x: -1866.7241830637035
  y: 65.0
  z: -658.0973851970259
  pitch: 7.6499085
  yaw: 209.7619
