health: 10.499942779541016
hunger: 17
exp: 0.0
exp-level: 0
remainingAir: 300
fireTicks: -20
saturation: 0.0
exhaustion: 1.0
inventory: {}
location:
  ==: org.bukkit.Location
  world: lexstarklabs
  x: -74.5
  y: 89.0
  z: 98.5
  pitch: -2.211763
  yaw: -2.3300514
