health: 20.0
hunger: 20
exp: 0.72972965
exp-level: 15
remainingAir: 300
fireTicks: -20
saturation: 5.0
exhaustion: 0.0
inventory: {}
location:
  ==: org.bukkit.Location
  world: survival112
  x: 1598.2133230742886
  y: 23.0
  z: -388.67643658746687
  pitch: 23.249996
  yaw: -272.4262
