health: 20.0
hunger: 20
exp: 0.72972965
exp-level: 15
remainingAir: 300
fireTicks: -20
saturation: 5.0
exhaustion: 0.0
inventory: {}
location:
  ==: org.bukkit.Location
  world: survival112
  x: -20.234415025137423
  y: 76.79673560066871
  z: -349.6914389112014
  pitch: 16.09824
  yaw: -280.10278
