health: 20.0
hunger: 20
exp: 0.72972965
exp-level: 15
remainingAir: 300
fireTicks: -20
saturation: 5.0
exhaustion: 0.0
inventory: {}
location:
  ==: org.bukkit.Location
  world: waynemanor
  x: 7.57037714361492
  y: 57.05489334703208
  z: 607.0766117307608
  pitch: 22.415993
  yaw: -133.75879
