spawns: 
  default: 
    world: spawn
    x: 318.5
    y: 65.0
    z: -25.5
    yaw: -270.00903
    pitch: 0.45000514
  newbies: 
    world: lexstarklabs
    x: -10.5
    y: 59.0
    z: 0.5
    yaw: -179.80899
    pitch: -8.794178
  blueteampvpparkour: 
    world: pvpparkour
    x: -14.922116048432347
    y: 99.0
    z: -0.578218946180046
    yaw: -1.0498127
    pitch: 11.549996
  redteampvpparkour: 
    world: pvpparkour
    x: 0.0576857827240741
    y: 99.0
    z: -0.49200436988445095
    yaw: -0.5998778
    pitch: 14.39998
