inventory: {}
health: 17.500001907348633
hunger: 17
exp: 0.8695647
exp-level: 8
remainingAir: 300
fireTicks: -20
saturation: 0.0
exhaustion: 1.0
