inventory: {}
health: 12.833333969116211
hunger: 20
exp: 0.8695647
exp-level: 8
remainingAir: 300
fireTicks: -20
saturation: 4.0
exhaustion: 1.0
