inventory: {}
health: 14.666666030883789
hunger: 12
exp: 9.753487E-8
exp-level: 2
remainingAir: 300
fireTicks: -20
saturation: 0.0
exhaustion: 3.4840102
