health: 20.0
hunger: 20
exp: 0.0
exp-level: 0
remainingAir: 300
fireTicks: -20
saturation: 5.0
exhaustion: 0.0
inventory: {}
location:
  ==: org.bukkit.Location
  world: lexstarklabs
  x: -76.87235365467357
  y: 79.0
  z: 98.07396015822619
  pitch: 12.929153
  yaw: 248.95467
