world: wooftywoo
x: -330.0
y: 180.0
z: 1190.0
yaw: 114.149956
pitch: -7.5000005
name: airTemple
