world: spawn
x: -83.5
y: 24.0
z: -85.5
yaw: 90.03631
pitch: 3.4968445
name: anarchy
