world: techcombatknockbackgame
x: 22.699999988079078
y: 112.0
z: 6.4807716708155
yaw: -269.84958
pitch: 0.90002507
name: antivirusteam
