world: colosseum
x: -0.5
y: 77.0
z: 30.5
yaw: -179.84956
pitch: -2.6999302
name: arenaorange
