world: wooftywoo
x: -32.5
y: 62.0
z: 439.5
yaw: -89.89461
pitch: 4.800163
name: arena
