world: colosseum
x: 29.5
y: 77.0
z: 0.5
yaw: 90.00038
pitch: -4.049945
name: arenayellow
