world: wooftywoo
x: -10.505277034360587
y: 62.0
z: 425.31831150408834
yaw: -0.041503906
pitch: 12.000182
name: arenaBlue
