world: greenfield
x: 16.5
y: 8.0
z: 140.5
yaw: -130.55173
pitch: 23.388807
name: arkham
