world: greenfield
x: -2050.5
y: 161.0
z: -54.5
yaw: -270.16858
pitch: 2.8500073
name: BasementLevel10
