world: greenfield
x: -2009.5
y: 20.0
z: -54.5
yaw: -270.16675
pitch: 2.5499918
name: BasementLevel4
