world: greenfield
x: -1998.5
y: 221.0
z: -54.5
yaw: -270.01523
pitch: 1.949994
name: BasementLevel16
