world: greenfield
x: -2050.5
y: 135.0
z: -54.5
yaw: -270.01904
pitch: 2.3999956
name: BasementLevel9
