world: greenfield
x: -1998.5
y: 203.0
z: -54.5
yaw: 89.68489
pitch: 1.6500086
name: BasementLevel17
