world: greenfield
x: -2009.5
y: 92.0
z: -54.5
yaw: -270.16827
pitch: 2.100027
name: BasementLevel7
