world: wooftywoo
x: 2059.5476871787023
y: 72.0
z: -1132.0127233992494
yaw: -89.70178
pitch: 4.950011
name: bitCity
