world: elytrapvp
x: 2.699999988079071
y: 121.0
z: 0.5694817980539029
yaw: -267.74988
pitch: 23.550064
name: blueteamelytrapvp
