world: boatrace
x: 0.5
y: 85.0
z: 0.5
yaw: 90.599945
pitch: 3.1499958
name: boatrace
