world: wooftywoo
x: 543.5
y: 78.0
z: -441.5
yaw: -90.04357
pitch: -0.3000016
name: buildHub
