world: wooftywoo
x: 1319.5
y: 63.0
z: -4555.5
yaw: -89.55347
pitch: 10.349561
name: casinoV1
