world: spawn
x: 318.5
y: 65.0
z: -25.5
yaw: -270.00903
pitch: 0.45000514
name: centhub
