world: infinitycity
x: -63.45691456698439
y: 29.0
z: 64.47840084670997
yaw: -178.93042
pitch: 4.2541165
name: centralcity
