world: chess
x: -17.5
y: 92.0
z: 0.5
yaw: -90.16423
pitch: 3.4499927
name: chess
