world: greenfield
x: -5.5
y: 123.0
z: -180.5
yaw: -180.29926
pitch: 3.6000051
name: citypad
