world: deathdrop
x: 0.5
y: 253.0
z: 3.5
yaw: -179.84975
pitch: 6.750001
name: deathdrop
