world: office
x: 13.473898471720002
y: 137.0625
z: 1.4358656820813993
yaw: -229.96257
pitch: 7.1084223
name: desk
