world: office
x: -7.480244303750864
y: 137.0
z: -13.418646761647137
yaw: 213.5247
pitch: 6.875415
name: dnaengineering
