world: deathdrop
x: -0.5
y: 253.0
z: -94.5
yaw: -0.14953254
pitch: 11.550002
name: drop3
