world: elytramedium
x: 45.5
y: 83.0
z: 47.5
yaw: -0.050217427
pitch: 0.8999649
name: elytramedium
