world: elytrapole
x: 20.5
y: 63.0
z: 7.5
yaw: 0.15015578
pitch: 4.9500012
name: elytrapolered
