world: escaperoom
x: -66.5830354166275
y: 86.0
z: 41.11416909082838
yaw: 1.5014234
pitch: 19.800016
name: escaperoom
