world: flat
x: -107.75094775617859
y: 4.0
z: -57.609226076390556
yaw: -269.15717
pitch: 4.050002
name: fashionshow
