world: fightclub
x: 7.495279577096758
y: 39.0
z: 26.63412803990434
yaw: -180.70142
pitch: 1.7492608
name: fightclub
