world: rollercoaster
x: 0.5
y: 249.0
z: -8.5
yaw: 1.7998948
pitch: 11.549977
name: forevercoaster
