world: fortressofsolitude
x: 415.5
y: 64.0
z: -868.5
yaw: -269.24997
pitch: -0.89999676
name: fortressofsolitude
