world: freezetag
x: -0.6611980039554068
y: 95.0
z: -1.7801257105001715
yaw: -0.69904274
pitch: 26.564411
name: freezetag
