world: creative
x: 26812.819275839003
y: 162.0
z: 23794.077851297454
yaw: -130.35037
pitch: 12.450047
name: godFathersFortress
