world: flat
x: 20000.5
y: 5.0
z: 20000.5
yaw: -356.55457
pitch: 22.95005
name: gothtropolis
