world: hallofjustice
x: 46.5
y: 4.0
z: -24.5
yaw: -2.5501099
pitch: -1.4999999
name: hallofjustice
