world: pornhub_nether
x: 1027.5
y: 33.0
z: 949.5
yaw: -359.27625
pitch: 11.100094
name: hellV1
