world: heroicparkour
x: 0.5830199325035039
y: 22.0
z: 1.2895312956520313
yaw: 179.69861
pitch: 3.59999
name: heroicparkour
