world: hilariousrace
x: 19.5
y: 85.0
z: -7.5
yaw: -359.69928
pitch: 4.649991
name: hilariousrace
