world: creative
x: -1300.891520736897
y: 80.0
z: -1383.4838842525598
yaw: -90.44974
pitch: 2.1001766
name: hospital
