world: colosseum
x: -0.681841843140377
y: 77.0
z: 13.707544983126272
yaw: -179.69955
pitch: -0.6000037
name: husbando2
