world: colosseum
x: -0.5153117032364682
y: 77.0
z: -13.016540623946383
yaw: -0.59953195
pitch: 0.6000515
name: husbando1
