world: infectiontag
x: 0.4729196822192071
y: 89.0
z: 0.10638839359301469
yaw: -2.8986206
pitch: 20.680983
name: infectiontag
