world: wooftywoo
x: 4441.606346344092
y: 83.07526360779114
z: 4367.590184751146
yaw: 232.13129
pitch: 31.500032
name: infiniteparkourend
