world: info
x: 16.5
y: 84.0
z: 29.5
yaw: 0.11575172
pitch: 3.7880874
name: info
