world: overvoid
x: -37.81597265369808
y: 96.0
z: 37.66650564371007
yaw: 181.19981
pitch: 5.100009
name: jailvisitor
