world: overvoid
x: -37.480374077152014
y: 96.0
z: 38.286444317080324
yaw: 179.94994
pitch: 5.249999
name: jail
