world: kartraces
x: 0.5
y: 4.0
z: 0.5
yaw: -174.28786
pitch: 9.960968
name: kartraces
