world: plots
x: 30.86159504482369
y: 66.0
z: 278.4689744201283
yaw: -190.94962
pitch: 15.600009
name: lab3
