world: plots
x: 223.0852574828983
y: 66.0
z: -32.35326948108347
yaw: 2.5496826
pitch: 8.999999
name: lab6
