world: plots
x: 269.57883802421946
y: 66.0
z: 104.49719371625258
yaw: 121.34971
pitch: 16.799992
name: lab7
