world: plots
x: 18.530341812849443
y: 54.0
z: 74.62537176030474
yaw: -179.06029
pitch: -1.1050096
name: lab8
