world: labyrinth
x: -3.772485275647417
y: 8.0
z: 0.04854584268452439
yaw: -90.46063
pitch: 3.7262099
name: labyrinth
