world: lasertag
x: 78.5
y: 84.0
z: 27.5
yaw: 179.70166
pitch: 0.3000027
name: lasertagred2
