world: lasertag
x: 3.3903293369829584
y: 78.0
z: -24.69999998807907
yaw: -1.0517578
pitch: -0.6000511
name: lasertagredteam
