world: lavahop
x: -1.5
y: 59.0
z: 10.5
yaw: 179.84782
pitch: 0.7499971
name: lavahop
