world: leafdecay
x: -0.2300480763465986
y: 125.0
z: 14.456561419426647
yaw: -267.4935
pitch: 12.230997
name: leafdecay
