world: infinitycity
x: -1239.1350170869175
y: 69.0
z: 493.44530920502314
yaw: -260.14313
pitch: 17.415354
name: leak
