world: longparkour
x: 0.6574401702273243
y: 127.0
z: 10.806144236793859
yaw: -0.6002197
pitch: 2.8500056
name: longparkourspectator
