world: wooftywoo
x: 9121.642551351668
y: 68.0
z: 12041.550379365457
yaw: 260.81946
pitch: -0.15000688
name: marathonstart
