world: megaparkour
x: -21.5
y: 154.0
z: -137.5
yaw: -181.50131
pitch: 15.450029
name: megaparkour
