world: metropolis
x: 228.5
y: 31.0
z: 238.5
yaw: 206.55022
pitch: -42.44998
name: metropolis
