world: minecraftparkourmode
x: 0.44715547640055975
y: 6.0
z: 0.3000000119209294
yaw: 359.99988
pitch: 17.250008
name: minecraftparkourmode
