world: obstaclecourse
x: -0.49216207927010597
y: 98.0
z: 3.650951819028589
yaw: -177.89966
pitch: 38.24997
name: obstaclecoursespectator
