world: obstaclecourse
x: -1.5
y: 93.0
z: -0.5
yaw: -90.599434
pitch: 7.9500146
name: obstaclecourse
