world: wooftywoo
x: 225.66863467989276
y: 66.0
z: 242.65676386856111
yaw: 1.4972564
pitch: -1.2000035
name: oldspawnv1
