world: wooftywoo
x: 1006.5
y: 66.5
z: 2002.5
yaw: -90.60545
pitch: -1.0500008
name: oldSpawnV3
