world: survival
x: 0.5
y: 71.0
z: 0.5
yaw: -0.14984131
pitch: -0.6000058
name: olympus
