world: parkour
x: 0.4275037514112605
y: 85.0
z: 0.5169209825689824
yaw: -0.93198943
pitch: 7.3414483
name: parkour
