world: parkour
x: 0.5
y: 85.0
z: 0.5
yaw: -0.93198943
pitch: 7.3414483
name: parkourhub
