world: infiniteparkour
x: 1.8553653698153467
y: 61.0
z: -2.7816840472554216
yaw: 192.82306
pitch: 20.399673
name: parkourgod
