world: policeoffice
x: -0.5915911054606526
y: 75.0
z: 62.54401550199141
yaw: 183.00824
pitch: 12.600089
name: police
