world: colosseumlobby
x: 0.5
y: 88.0
z: 0.5
yaw: 180.00002
pitch: 1.0499991
name: pvp
