world: pvpparkourlobby
x: -0.3098806955246805
y: 71.0
z: -1.6082610725047197
yaw: 1.6033605
pitch: 6.508023
name: pvpparkour
