world: pvpworldsforest
x: 3.0945638654613714
y: 75.0
z: 4.955235773128346
yaw: -179.10007
pitch: 4.799916
name: pvpworldsforest
