world: quickparkour
x: 0.4388381092421292
y: 86.0
z: -0.4614315117545962
yaw: -1.9522095
pitch: 12.149998
name: quickparkour
