world: extremesumo
x: -1.4888100324902271
y: 5.0
z: 6.4595628515811425
yaw: 43.352795
pitch: 1.350003
name: redteamextremesumo
