world: wooftywoo
x: 1031.5
y: 65.0
z: 1576.5
yaw: -33.906036
pitch: 10.050002
name: rulesHall
