world: wooftywoo
x: 2150.1602821108013
y: 67.0
z: 6658.575776368274
yaw: -223.85144
pitch: 21.149689
name: sealab
