world: skywars
x: 31.5
y: 93.0
z: -52.5
yaw: -0.08918802
pitch: 0.30001467
name: skywars2
