world: skywars
x: -54.5
y: 93.0
z: -3.5
yaw: 270.06088
pitch: 0.15000722
name: skywars10
