world: skywars
x: 50.5
y: 93.0
z: 26.5
yaw: 89.76069
pitch: 0.14999703
name: skywars5
