world: skywars
x: -47.5
y: 93.0
z: 26.5
yaw: 270.06088
pitch: 0.29999965
name: skywars9
