world: skywarslobby
x: 0.5
y: 79.0
z: 0.5
yaw: -0.8999969
pitch: -0.60002625
name: skywars
