world: skywars
x: 1.5
y: 93.0
z: 52.5
yaw: 180.06073
pitch: 0.15001205
name: skywars7
