world: skywars
x: 50.5
y: 93.0
z: -33.5
yaw: 90.06073
pitch: 0.2999727
name: skywars3
