world: spleef
x: -27.5
y: 30.0
z: 274.5
yaw: -179.85822
pitch: 12.900001
name: spleeflobby
