world: colosseum
x: 22.77476395430999
y: 77.0
z: 0.42072347106890157
yaw: -271.02228
pitch: 2.331832
name: spott2
