world: sprintparkour
x: 0.5735238469874656
y: 77.0
z: -0.4902144794745098
yaw: -358.94925
pitch: 2.5499954
name: sprintparkour
