world: starlabs
x: 1.3437590384504443
y: 85.0
z: 9.38652305347077
yaw: -178.30743
pitch: 7.0466375
name: starlabs
