world: greenfield
x: -25.5
y: 69.0
z: -215.5
yaw: -180.01161
pitch: 0.46778247
name: starcity
