world: spleef
x: -8.584104696788799
y: 54.0
z: 1.542315901167591
yaw: -163.95508
pitch: -63.26294
name: superspleef
