world: survival112
x: -132.5
y: 73.0
z: 82.5
yaw: 0.36300346
pitch: 3.846365
name: survival
