world: RabbitSeasonDuckSeason
x: 387.0
y: 66.0
z: 121.0
yaw: 90.599976
pitch: 2.8499854
name: Sv1
