world: techcombatknockbackgame
x: 8.5
y: 112.0
z: -22.5
yaw: 2.4002976
pitch: 5.0999947
name: tckg
