world: techcombatknockbackgame
x: 8.508245342658544
y: 112.0
z: -22.13717709255987
yaw: 2.4002976
pitch: 5.0999947
name: techcombatknockbackgame
