world: lexstarklabs
x: -59.5
y: 63.0
z: 30.5
yaw: -353.24332
pitch: 16.311573
name: temp
