world: alpha
x: -1474.5
y: 171.0
z: 2064.5
yaw: -90.057755
pitch: 1.0503153
name: thealpha2
