world: greenfield
x: -46.625328167873356
y: 110.0
z: -190.5025599699271
yaw: 88.97839
pitch: 40.486435
name: thepolice
