world: spawn
x: 318.3803976485766
y: 65.0
z: -36.77622865334619
yaw: -181.20898
pitch: 1.7999885
name: todolist
