world: torture
x: -3.530226547838577
y: 69.0
z: -4.630064240044784
yaw: -273.08844
pitch: 15.49661
name: tortureadmin
