world: flat
x: 339.51688463199054
y: 20.402495446475797
z: -96.23766026820252
yaw: -188.15039
pitch: 15.150062
name: towerrace
