world: turfwars
x: 1.3335676872913982
y: 105.0
z: 1.5197209533640117
yaw: -264.45068
pitch: 12.60004
name: turfwarsspectator
