world: turfwars
x: 13.69999998807907
y: 94.0
z: -0.4741125203665937
yaw: -269.54935
pitch: 1.9500023
name: turfwarsblue
