world: turfwars
x: -10.512424483190728
y: 94.0
z: -0.5050342963015786
yaw: -89.24935
pitch: -1.5000305
name: turfwarsred
