world: underworld
x: -50.91102903543981
y: 14.5
z: -6.3665813790197605
yaw: 272.10037
pitch: 14.999982
name: underworldjudge
