world: underworld
x: -47.43475325398004
y: 13.0
z: -17.803280467313602
yaw: -358.79962
pitch: 6.1499677
name: underworldjail
