world: vampirez
x: -1.5510261885755217
y: 85.0
z: -27.491306945429237
yaw: 1.6507622
pitch: 1.5000352
name: vampirezsurvivor
