world: vampirez
x: 2.46624347533779
y: 94.0
z: 32.59103162990247
yaw: 180.30031
pitch: 4.34998
name: vampirezvampire
