world: techcombatknockbackgame
x: -4.699999988079076
y: 112.0
z: -12.474173390836281
yaw: -93.899734
pitch: 5.4000325
name: virusteam
