world: plots
x: 133.5
y: 65.0
z: 138.5
yaw: 0.07946992
pitch: 5.652138
name: waifurules
