world: policeoffice
x: 5.511523759753628
y: 75.0
z: 47.61597440312547
yaw: 179.55713
pitch: 6.1499977
name: warncop
