world: policeoffice
x: 5.375579021449748
y: 75.0
z: 45.503941660537635
yaw: 0.90722656
pitch: 6.599999
name: warnperp
