world: whitehouse
x: -263.74193370980527
y: 67.0
z: -0.6341834105362089
yaw: 270.29996
pitch: -9.300011
name: whitehouse
