inventory: {}
health: 13.628042221069336
hunger: 20
exp: 0.0
exp-level: 0
remainingAir: 300
fireTicks: -20
saturation: 0.0
exhaustion: 1.8550072
location:
  ==: org.bukkit.Location
  world: lexstarklabs
  x: -121.5
  y: 81.0
  z: 148.5
  pitch: 5.0113773
  yaw: -79.32605
