lastAccountName: XxFurryFuryxX
timestamps:
  login: 1456524660939
  logout: 1456524678153
ipAddress: 99.57.134.201
lastlocation:
  world: wooftywoo
  x: 3997.5
  y: 91.0
  z: 4088.5
  yaw: -90.3
  pitch: 2.7
logoutlocation:
  world: survival
  x: 0.1628158533712849
  y: 69.0
  z: -19.449497479575616
  yaw: -181.94994
  pitch: 7.949993
