lastAccountName: Unseeneshed
timestamps:
  login: 1424211553108
  lastteleport: 1424203177291
  logout: 1424211978289
ipAddress: 173.49.245.32
lastlocation:
  world: wooftywoo
  x: -281.2403498629161
  y: 72.875
  z: -339.9922593069853
  yaw: 86.233116
  pitch: 70.7805
logoutlocation:
  world: wooftywoo
  x: 241.29060979579197
  y: 64.0
  z: -2158.7537915240896
  yaw: 341.5374
  pitch: 37.47818
money: '557.50'
homes:
  home:
    world: wooftywoo
    x: 236.48375124937252
    y: 64.0
    z: -2161.230232824368
    yaw: 269.83752
    pitch: 26.077976
