lastAccountName: HOCKUS_POCKUS
timestamps:
  login: 1444587208653
  lastteleport: 1443384679418
  logout: 1444587377171
ipAddress: 86.25.122.245
lastlocation:
  world: wooftywoo
  x: 2945.799016104949
  y: 69.0
  z: -3058.5927440562896
  yaw: -161.43158
  pitch: -7.4595885
logoutlocation:
  world: wooftywoo
  x: 1299.0394891794042
  y: 70.0
  z: -1499.877707925124
  yaw: -328.7253
  pitch: 19.91288
afk: false
homes:
  home:
    world: survival_nether
    x: 186.9172495769346
    y: 32.0
    z: -160.7172462172128
    yaw: 212.34663
    pitch: 14.0424185
  n:
    world: survival_nether
    x: 186.9172495769346
    y: 32.0
    z: -160.7172462172128
    yaw: 212.34663
    pitch: 14.002155
nickname: bumboy69
