lastAccountName: fenster67
timestamps:
  login: 1430347314591
  lastteleport: 1430347356792
  logout: 1430347373714
ipAddress: 172.56.18.33
lastlocation:
  world: wooftywoo
  x: 1049.7044562091323
  y: 65.0
  z: 1657.9761320143007
  yaw: -57.906048
  pitch: 19.199999
logoutlocation:
  world: flat
  x: -60.89850615139585
  y: 4.0
  z: 3.6227009629947133
  yaw: 121.64902
  pitch: 32.849903
