timestamps:
  login: 1395965721286
  lastteleport: 1389661175625
  logout: 1395965805384
ipAddress: 173.66.197.66
lastlocation:
  world: wooftywoo
  x: -3850.326603219506
  y: 74.0
  z: 861.9673236201434
  yaw: -47.40781
  pitch: 11.25
logoutlocation:
  world: wooftywoo
  x: 662.611089785466
  y: 68.0
  z: 427.5004994734823
  yaw: 99.485664
  pitch: 28.200014
lastAccountName: heyyyimaboy
