lastAccountName: TheUpgraded
timestamps:
  login: 1465254538842
  lastteleport: 1465130021842
  logout: 1465254548955
ipAddress: 172.74.165.235
lastlocation:
  world: '1_9'
  x: 129.5
  y: 67.0
  z: -317.5
  yaw: -90.59996
  pitch: 5.399978
godmode: false
homes:
  home:
    world: '1_9'
    x: 2243.4399640026636
    y: 73.0
    z: 1239.522285686037
    yaw: -111.552734
    pitch: 41.999958
  wolf:
    world: '1_9'
    x: -2398.590320285775
    y: 77.0
    z: 1025.9153614418838
    yaw: -179.25269
    pitch: 30.30001
  hore:
    world: '1_9'
    x: -3325.141312552644
    y: 70.0
    z: 720.0977687118545
    yaw: -231.15239
    pitch: 9.899934
logoutlocation:
  world: '1_9'
  x: 2244.2734396264837
  y: 73.875
  z: 1238.2783634732514
  yaw: -212.23918
  pitch: 59.408867
afk: false
nickname: Ender
money: '731.75'
