lastAccountName: GOTeamLeoGO
timestamps:
  login: 1466734931576
  lastteleport: 1466733497669
  logout: 1466734953282
  lastheal: 1466732532581
ipAddress: 162.236.190.255
lastlocation:
  world: '1_9'
  x: 5.300000011920929
  y: 43.0
  z: -311.74470847035064
  yaw: 23.099615
  pitch: -80.549995
godmode: false
logoutlocation:
  world: '1_9'
  x: 12.6280147699296
  y: 32.94111336249918
  z: -207.67842632396645
  yaw: 175.80031
  pitch: 50.39999
homes:
  hq:
    world: '1_9'
    x: 76.30110659268927
    y: 97.0
    z: -918.0027004165685
    yaw: -274.2002
    pitch: 26.099968
  home:
    world: '1_9'
    x: -593.8145603337812
    y: 64.0
    z: -1052.9922512219996
    yaw: 93.151344
    pitch: -0.8282281
nickname: ยง4Leo
afk: false
money: '-300.0'
