lastAccountName: GOTeamLeoGO
timestamps:
  login: 1467147386720
  lastteleport: 1467147177905
  logout: 1467147740707
  lastheal: 1466732532581
ipAddress: 162.236.190.255
lastlocation:
  world: '1_9'
  x: -624.6341213330985
  y: 86.81388149341952
  z: 2229.520844381986
  yaw: 61.042347
  pitch: 9.900038
godmode: false
logoutlocation:
  world: plots
  x: -1904.5026866958071
  y: 81.65120744009421
  z: 428.2039615724745
  yaw: -270.3164
  pitch: 12.600015
homes:
  hq:
    world: '1_9'
    x: 76.30110659268927
    y: 97.0
    z: -918.0027004165685
    yaw: -274.2002
    pitch: 26.099968
  home:
    world: '1_9'
    x: -593.8145603337812
    y: 64.0
    z: -1052.9922512219996
    yaw: 93.151344
    pitch: -0.8282281
nickname: ยง4Leo
afk: false
money: '-1297.0'
