lastAccountName: GoodSovietVodka
timestamps:
  login: 1407069078017
  lastteleport: 1407069118616
  logout: 1407069661075
ipAddress: 108.30.250.181
lastlocation:
  world: wooftywoo
  x: 1003.3911606328958
  y: 66.0
  z: 2000.8150181149015
  yaw: -86.849075
  pitch: 19.950022
homes:
  home:
    world: creative
    x: 4897.946548657678
    y: 64.0
    z: -1300.604190281032
    yaw: 96.81348
    pitch: 19.649998
logoutlocation:
  world: creative
  x: 4924.851783757606
  y: 57.59126458363881
  z: -1268.6165643576055
  yaw: 343.6427
  pitch: -32.881203
nickname: latinfish
