timestamps:
  login: 1393030560926
  logout: 1393030634265
ipAddress: 69.255.48.23
lastlocation:
  world: wooftywoo
  x: 645.0
  y: 67.0
  z: 414.0
  yaw: 89.850006
  pitch: -1.949999
logoutlocation:
  world: wooftywoo
  x: 644.3589626401285
  y: 68.0
  z: 407.14225145931306
  yaw: -191.24902
  pitch: 27.899988
lastAccountName: dwjns58
