lastAccountName: GreenEwan
timestamps:
  login: 1432845119320
  lastteleport: 1432845133321
  logout: 1432845141881
ipAddress: 74.220.181.103
lastlocation:
  world: wooftywoo
  x: -1202.50797509116
  y: 63.0
  z: -6348.148700952748
  yaw: -180.21767
  pitch: 51.79048
logoutlocation:
  world: wooftywoo
  x: 474.3974759465478
  y: 68.0
  z: 402.79867541474664
  yaw: -254.10286
  pitch: 3.0062728
