lastAccountName: MrDerpLots
timestamps:
  login: 1454204853052
  logout: 1454204913755
ipAddress: 104.2.21.1
lastlocation:
  world: wooftywoo
  x: 3997.5
  y: 91.0
  z: 4088.5
  yaw: -90.3
  pitch: 2.7
logoutlocation:
  world: survival
  x: -10.517937577328487
  y: 71.0
  z: -4.8385460988756845
  yaw: -90.89996
  pitch: -0.2999962
