lastAccountName: alanr435
timestamps:
  login: 1435621166507
  logout: 1435621274586
ipAddress: 50.53.129.63
lastlocation:
  world: wooftywoo
  x: 645.0
  y: 67.0
  z: 414.0
  yaw: 89.850006
  pitch: -1.949999
logoutlocation:
  world: wooftywoo
  x: -1250.7767008180472
  y: 103.0
  z: -6113.483584804069
  yaw: 5.290268
  pitch: 6.6712537
