lastAccountName: skeleton_bone
timestamps:
  login: 1440098682140
  lastteleport: 1440100574819
  logout: 1440100966334
  mute: 0
ipAddress: 66.188.157.216
lastlocation:
  world: wooftywoo
  x: 3104.50854023413
  y: 74.0
  z: 5927.699999988079
  yaw: -8.851014
  pitch: 73.800026
logoutlocation:
  world: survival
  x: 1.4308970242344536
  y: 72.0
  z: 6.696483106972579
  yaw: -356.84766
  pitch: 10.050013
muted: false
afk: false
homes:
  home:
    world: flat
    x: 1900.8682344046706
    y: 4.0
    z: 1465.7946267837735
    yaw: -180.187
    pitch: 10.585186
nickname: skeleton_bone
