lastAccountName: Superman_Playz
timestamps:
  login: 1466618632488
  lastteleport: 1466619186178
  logout: 1466619260760
ipAddress: 47.21.39.234
lastlocation:
  world: '1_9'
  x: 116.71822639199982
  y: 68.0
  z: -318.9786199184665
  yaw: 95.70032
  pitch: 18.449999
logoutlocation:
  world: '1_9'
  x: 39.30000001192093
  y: 67.0
  z: -316.53272730369844
  yaw: 90.000084
  pitch: 20.70001
godmode: false
