lastAccountName: professorg3
timestamps:
  login: 1408997061960
  lastteleport: 1408997386744
  logout: 1408998066578
ipAddress: 24.113.132.78
lastlocation:
  world: wooftywoo
  x: 1003.8369338813567
  y: 76.0
  z: 2000.4572358618223
  yaw: -282.00546
  pitch: 57.45
logoutlocation:
  world: creative
  x: 25077.27259750012
  y: 70.0
  z: 24260.8740881737
  yaw: 14.7002535
  pitch: -42.75
