lastAccountName: bncasey7
timestamps:
  login: 1420766405730
  lastteleport: 1410565910051
  logout: 1420766479602
ipAddress: 72.238.70.231
lastlocation:
  world: flat
  x: 11.452835784644867
  y: 6.57457244120459
  z: 0.2813526220085166
  yaw: 110.997375
  pitch: 41.699894
nickname: Plasma257
logoutlocation:
  world: wooftywoo
  x: 492.30000001192093
  y: 118.0
  z: 408.30000001192093
  yaw: -196.71748
  pitch: 27.749996
homes:
  home:
    world: wooftywoo
    x: 1760.9731005655465
    y: 65.0
    z: 4847.4677495907035
    yaw: 270.45898
    pitch: 2.6690838
money: '6612.0'
afk: false
