lastAccountName: XxXxXPIPPOXxXxX
timestamps:
  login: 1433191105503
  logout: 1433191139006
ipAddress: 87.4.183.104
lastlocation:
  world: wooftywoo
  x: 645.0
  y: 67.0
  z: 414.0
  yaw: 89.850006
  pitch: -1.949999
homes:
  home:
    world: wooftywoo
    x: -1202.5
    y: 63.0
    z: -6345.5
    yaw: -177.70894
    pitch: 8.838009
logoutlocation:
  world: wooftywoo
  x: -1202.5
  y: 63.0
  z: -6345.5
  yaw: -180.78093
  pitch: 8.838009
