lastAccountName: Mastermessi
timestamps:
  login: 1430413805156
  lastteleport: 1430246804246
  logout: 1430415286011
  mute: 0
ipAddress: 2.124.44.102
lastlocation:
  world: wooftywoo
  x: 474.01583139689546
  y: 69.0
  z: 467.63588148569437
  yaw: -195.49518
  pitch: -25.800068
nickname: IsHermesAGirl
logoutlocation:
  world: wooftywoo
  x: 3999.885666139938
  y: 91.0
  z: 4065.544367602652
  yaw: -355.2002
  pitch: 25.500011
afk: false
muted: false
