lastAccountName: Footballman_2000
timestamps:
  login: 1439097726953
  lastteleport: 1439097552974
  logout: 1439098616390
ipAddress: 188.126.194.76
lastlocation:
  world: wooftywoo
  x: 71.29290026580169
  y: 78.0
  z: -107.62959505868483
  yaw: -141.48358
  pitch: 13.349892
homes:
  home:
    world: wooftywoo
    x: -121.58440018544152
    y: 64.0
    z: 206.73743600873536
    yaw: -86.73364
    pitch: 11.849871
logoutlocation:
  world: wooftywoo
  x: -129.5
  y: 64.0999984741211
  z: 206.5
  yaw: -282.93457
  pitch: 27.14984
afk: false
