lastAccountName: KingMilo1817
timestamps:
  login: 1433862975194
  lastteleport: 1433576595837
  logout: 1433863141360
ipAddress: 62.234.3.33
lastlocation:
  world: wooftywoo
  x: 845.8790892601129
  y: 64.0
  z: 382.5288971290092
  yaw: 34.177914
  pitch: 26.250006
logoutlocation:
  world: wooftywoo
  x: 845.0215705861971
  y: 64.0
  z: 380.26304532740494
  yaw: -8.421252
  pitch: 25.95
homes:
  home:
    world: wooftywoo
    x: 876.4611451235626
    y: 63.0
    z: 343.1714337922599
    yaw: -82.82208
    pitch: 49.199932
