lastAccountName: diamondclaw06
timestamps:
  login: 1467212863774
  lastteleport: 1467214854543
  logout: 1467131746230
ipAddress: 24.21.132.104
lastlocation:
  world: wooftywoo
  x: 4001.90150169607
  y: 91.0
  z: 4083.5031649672014
  yaw: -72.73439
  pitch: 2.9255865
godmode: false
logoutlocation:
  world: hilariousrace
  x: -0.3947120132744369
  y: 79.0
  z: 63.192260254950064
  yaw: -344.98456
  pitch: 24.700798
homes:
  home:
    world: godlyparkour
    x: 7.466919968117251
    y: 93.0
    z: -16.17704599694338
    yaw: -185.43951
    pitch: 44.723965
afk: false
