lastAccountName: diamondclaw06
timestamps:
  login: 1467212863774
  lastteleport: 1467212974106
  logout: 1467131746230
ipAddress: 24.21.132.104
lastlocation:
  world: hilariousrace
  x: -21.69999998807907
  y: 80.0
  z: 37.300000011920936
  yaw: -37.91609
  pitch: 46.853714
godmode: false
logoutlocation:
  world: hilariousrace
  x: -0.3947120132744369
  y: 79.0
  z: 63.192260254950064
  yaw: -344.98456
  pitch: 24.700798
homes:
  home:
    world: godlyparkour
    x: 7.466919968117251
    y: 93.0
    z: -16.17704599694338
    yaw: -185.43951
    pitch: 44.723965
afk: false
