lastAccountName: diamondclaw06
timestamps:
  login: 1466798339009
  lastteleport: 1466799233293
  logout: 1466798332355
ipAddress: 24.21.132.104
lastlocation:
  world: '1_9'
  x: 123.59140623046208
  y: 67.0
  z: -316.4693488274713
  yaw: 24.610596
  pitch: 43.26333
godmode: false
logoutlocation:
  world: '1_9'
  x: -104.42702148351611
  y: 67.0
  z: -315.8402360942032
  yaw: -18.396482
  pitch: 9.635045
