lastAccountName: Metalman629
timestamps:
  login: 1446521085272
  lastteleport: 1419545858884
  logout: 1446521098685
ipAddress: 174.21.131.16
lastlocation:
  world: wooftywoo
  x: 3997.5
  y: 91.0
  z: 4088.5
  yaw: -90.3
  pitch: 2.7
logoutlocation:
  world: survival
  x: 0.8441993264586325
  y: 71.0
  z: -7.0341414968841125
  yaw: -176.69992
  pitch: 8.699994
