lastAccountName: FuzzyLoris
timestamps:
  login: 1405620846872
  lastteleport: 1405542425671
  logout: 1405620856081
ipAddress: 108.30.250.181
lastlocation:
  world: wooftywoo
  x: 76.67388214140702
  y: 78.0
  z: 174.34340639934115
  yaw: 79.25366
  pitch: 57.225384
logoutlocation:
  world: wooftywoo
  x: 1010.7063708075921
  y: 65.5
  z: 2002.4675971552497
  yaw: -90.89988
  pitch: 14.100007
