lastAccountName: FireNinja307
timestamps:
  login: 1435101541054
  lastteleport: 1435101930402
  logout: 1435102029970
ipAddress: 24.154.182.185
lastlocation:
  world: wooftywoo
  x: 3023.909461809036
  y: 2.0
  z: -3032.1176176699814
  yaw: -152.85165
  pitch: 28.199972
logoutlocation:
  world: wooftywoo
  x: 477.61564358779736
  y: 68.0
  z: 395.9543879443748
  yaw: -276.00052
  pitch: 17.250053
