lastAccountName: Exploder2001
timestamps:
  login: 1409525930194
  lastteleport: 1409525782583
  logout: 1409526041372
ipAddress: 76.175.140.252
lastlocation:
  world: wooftywoo
  x: 1044.9180142585813
  y: 65.0
  z: 1839.830922769429
  yaw: -74.21869
  pitch: 8.724174
logoutlocation:
  world: wooftywoo
  x: 1017.4996024927063
  y: 66.0
  z: 2004.3445423441292
  yaw: -93.09148
  pitch: 31.930523
