lastAccountName: SirCrash99
timestamps:
  login: 1458457718001
  lastteleport: 1450564582147
  logout: 1458457979019
ipAddress: 73.185.28.107
lastlocation:
  world: '1_9'
  x: 68.5
  y: 64.0
  z: -270.5
  yaw: 0.0
  pitch: 0.0
logoutlocation:
  world: survival
  x: -3.29663778769115
  y: 71.0
  z: -8.836821269370496
  yaw: -168.35693
  pitch: -1.6816188
afk: false
nickname: SirCrash99
