lastAccountName: MarcusRocks56
timestamps:
  login: 1432510348169
  lastteleport: 1432510373722
  logout: 1432510404029
ipAddress: 99.74.235.21
lastlocation:
  world: flat
  x: 79.57286938061534
  y: 4.0
  z: 70.8659763929148
  yaw: -122.70106
  pitch: 5.999996
logoutlocation:
  world: wooftywoo
  x: -1224.8170115155297
  y: 63.0
  z: -6348.922721285433
  yaw: 266.8479
  pitch: 16.34998
