lastAccountName: LukasPlayzMC
timestamps:
  login: 1437819733148
  lastteleport: 1437817576083
  logout: 1437819879688
ipAddress: 86.152.54.196
lastlocation:
  world: wooftywoo
  x: -1204.3302671343715
  y: 63.0
  z: -6349.601373060856
  yaw: -281.102
  pitch: 60.15001
logoutlocation:
  world: creative
  x: 24262.54833508331
  y: 138.22046269268287
  z: 24293.57021012287
  yaw: 38.64466
  pitch: 42.75137
nickname: Huahwi
