lastAccountName: keeper002
timestamps:
  login: 1415122325263
  logout: 1415122446492
ipAddress: 78.69.250.221
lastlocation:
  world: wooftywoo
  x: 1032.3232439641868
  y: 65.0
  z: 1679.3857621069944
  yaw: -11.595365
  pitch: 3.9045181
logoutlocation:
  world: wooftywoo
  x: 1004.5887847960879
  y: 76.0
  z: 2003.0620948661042
  yaw: 75.89276
  pitch: 31.826794
