lastAccountName: DiamondBlades
timestamps:
  login: 1410006854410
  lastteleport: 1409785978386
  logout: 1410006935091
ipAddress: 172.56.11.8
lastlocation:
  world: wooftywoo
  x: 4019.0935858968264
  y: 91.0
  z: 4065.563142405563
  yaw: -93.99343
  pitch: 25.355846
logoutlocation:
  world: creative
  x: 1068.8609273268785
  y: 111.71736788222047
  z: 1049.5310819277317
  yaw: 68.57556
  pitch: 55.802025
