lastAccountName: xDreaming
timestamps:
  login: 1438445152842
  lastteleport: 1438445253303
  logout: 1438445477617
ipAddress: 84.13.151.21
lastlocation:
  world: wooftywoo
  x: -1244.51264839682
  y: 93.0
  z: -6278.438812635606
  yaw: -7.0623474
  pitch: 9.043217
logoutlocation:
  world: flat
  x: 374.3148333966585
  y: 4.0
  z: 241.1568055271076
  yaw: 27.876816
  pitch: 22.486408
