lastAccountName: PickleTheWookie
timestamps:
  login: 1466708105926
  logout: 1466710778379
  lastteleport: 1466709405512
ipAddress: 68.1.106.36
lastlocation:
  world: spawn
  x: -41.9626781490319
  y: 9.0
  z: -5.630073847758474
  yaw: -273.75043
  pitch: 23.850006
logoutlocation:
  world: plots
  x: -227.10201476124234
  y: 69.99323530006211
  z: 21.97771345253244
  yaw: 204.1416
  pitch: 29.850018
afk: false
godmode: false
nickname: Pickle
