lastAccountName: PickleTheWookie
timestamps:
  login: 1467047439366
  logout: 1467005382045
  lastteleport: 1467015497164
ipAddress: 68.1.106.36
lastlocation:
  world: spawn
  x: 0.49923706190667516
  y: 10.0
  z: 0.48031975840333757
  yaw: -169.95056
  pitch: 20.699995
logoutlocation:
  world: '1_9'
  x: -11.654717282804077
  y: 72.0
  z: -312.31029308537376
  yaw: 49.50177
  pitch: 40.950005
afk: false
godmode: false
nickname: PickleTheWookie
