lastAccountName: coolboy598598
timestamps:
  login: 1441993341996
  lastteleport: 1422298597720
  logout: 1441993482631
ipAddress: 178.117.32.15
lastlocation:
  world: wooftywoo
  x: 645.0
  y: 67.0
  z: 414.0
  yaw: 89.850006
  pitch: -1.949999
logoutlocation:
  world: survival
  x: -12.11397995394493
  y: 68.0
  z: 111.83401526177589
  yaw: -348.75006
  pitch: -4.05001
