lastAccountName: 2worlder
timestamps:
  login: 1464213560632
  logout: 1464213621838
ipAddress: 206.255.67.21
lastlocation:
  world: spawnworld
  x: 0.5
  y: 10.0
  z: 0.5
  yaw: -179.55048
  pitch: 1.6499957
logoutlocation:
  world: spawnworld
  x: 21.575787889666625
  y: 9.0
  z: -31.62842941873044
  yaw: 2.0996077
  pitch: 12.600019
