lastAccountName: ddbex
timestamps:
  login: 1439745702830
  logout: 1439746022473
ipAddress: 93.109.58.249
lastlocation:
  world: wooftywoo
  x: 645.0
  y: 67.0
  z: 414.0
  yaw: 89.850006
  pitch: -1.949999
logoutlocation:
  world: wooftywoo
  x: -1319.427801428914
  y: 108.0
  z: -6231.421375780623
  yaw: 258.60016
  pitch: 37.447502
