lastAccountName: v0V_Vincent_V0v
timestamps:
  login: 1435023549550
  lastteleport: 1435019120732
  logout: 1435023601548
ipAddress: 50.156.48.86
lastlocation:
  world: anarchy
  x: -0.6999999880790699
  y: 59.0
  z: 0.3640627650430379
  yaw: 309.2456
  pitch: 81.98642
logoutlocation:
  world: wooftywoo
  x: 701.6471478002481
  y: 76.41999998688698
  z: 370.9677736085588
  yaw: 19.81496
  pitch: 70.04956
