lastAccountName: Huarach
timestamps:
  login: 1441636737922
  logout: 1441637390009
ipAddress: 78.68.204.4
lastlocation:
  world: wooftywoo
  x: 645.0
  y: 67.0
  z: 414.0
  yaw: 89.850006
  pitch: -1.949999
logoutlocation:
  world: survival
  x: -26.908772322349446
  y: 73.0
  z: 123.64524804424615
  yaw: 43.80056
  pitch: 21.89998
