lastAccountName: Catgirl_Ren
timestamps:
  login: 1408550944641
  lastteleport: 1408550924271
  logout: 1408550963414
ipAddress: 76.236.233.162
lastlocation:
  world: wooftywoo
  x: 561.431181007764
  y: 43.0
  z: 401.30000001192093
  yaw: 188.50708
  pitch: 0.900062
logoutlocation:
  world: wooftywoo
  x: 1006.3244832719231
  y: 76.0
  z: 2007.1648605858015
  yaw: 242.24431
  pitch: 10.350002
nickname: SmilingInSaNiTy
homes:
  home:
    world: wooftywoo
    x: 563.8649382123325
    y: 43.0
    z: 400.7381602653799
    yaw: 150.85667
    pitch: 12.150043
