lastAccountName: DatBootyStank
timestamps:
  login: 1449809791329
  logout: 1449809814981
ipAddress: 65.188.210.104
lastlocation:
  world: wooftywoo
  x: 3997.5
  y: 91.0
  z: 4088.5
  yaw: -90.3
  pitch: 2.7
logoutlocation:
  world: survival
  x: 3.6549319496601878
  y: 72.0
  z: 145.47616886453366
  yaw: -6.000005
  pitch: -12.750008
