lastAccountName: NinjaKai156
timestamps:
  login: 1465150422272
  lastteleport: 1465150898836
  logout: 1465151086686
ipAddress: 73.234.204.86
lastlocation:
  world: creative
  x: 24454.766062992883
  y: 66.74098642548395
  z: 20678.09024689607
  yaw: 25.750214
  pitch: -20.267546
godmode: false
logoutlocation:
  world: spawn
  x: 12.083455847991637
  y: 9.0
  z: 43.64026936103989
  yaw: -223.84454
  pitch: 12.489884
