lastAccountName: TrickySmiles
timestamps:
  login: 1411420469445
  lastteleport: 1411244313570
  logout: 1411420476544
ipAddress: 69.180.131.47
lastlocation:
  world: wooftywoo
  x: 1005.9798096523795
  y: 76.0
  z: 2005.5620128467715
  yaw: 112.4945
  pitch: 21.29999
logoutlocation:
  world: wooftywoo
  x: 468.7671274281712
  y: 68.0
  z: 396.0227635136288
  yaw: -98.744446
  pitch: -33.149982
nickname: TrickySmiles
