timestamps:
  login: 1395979180872
  logout: 1395979362884
  lastteleport: 1393820238734
ipAddress: 208.126.209.223
logoutlocation:
  world: wooftywoo
  x: 1555.449749686829
  y: 88.0
  z: -4448.699999988079
  yaw: 90.29996
  pitch: 37.499996
lastlocation:
  world: wooftywoo
  x: 1640.5720909706272
  y: 64.0
  z: -4543.783730757705
  yaw: 187.95383
  pitch: 15.449939
homes:
  home:
    world: wooftywoo
    x: 1553.296925715592
    y: 92.0
    z: -4447.909815463599
    yaw: -1.950264E-5
    pitch: 27.75001
lastAccountName: abeastnamedbryce
