lastAccountName: Miniature_Radish
timestamps:
  login: 1434856781971
  lastteleport: 1434856847488
  logout: 1434856982555
ipAddress: 50.150.234.181
lastlocation:
  world: wooftywoo
  x: -1210.8601341662902
  y: 63.0
  z: -6335.601671588548
  yaw: -351.33307
  pitch: -22.77682
logoutlocation:
  world: flat
  x: -711.5394511772902
  y: 8.0
  z: 431.5849293430379
  yaw: 7.379422
  pitch: 36.800312
