lastAccountName: KryptoniumX
timestamps:
  login: 1465957511751
  lastteleport: 1465959012758
  lastheal: 1465355922513
  logout: 1465959634053
ipAddress: 73.146.161.202
lastlocation:
  world: spawn
  x: -9.675576923802527
  y: 9.0
  z: -42.11305057784119
  yaw: -181.80048
  pitch: 16.049994
godmode: false
logoutlocation:
  world: '1_9'
  x: 62.28240855709444
  y: 67.0
  z: -317.1844653834189
  yaw: 108.00007
  pitch: 11.099994
afk: false
homes:
  base:
    world: '1_9'
    x: 16791.12884285271
    y: 49.0
    z: -6368.59694941158
    yaw: 225.8977
    pitch: 12.899969
money: '1000'
nickname: ยง2H
