lastAccountName: Rhyl1th
timestamps:
  login: 1466728133980
  lastteleport: 1466729317537
  logout: 1466730867995
ipAddress: 72.223.26.73
lastlocation:
  world: flat
  x: -330.94101705574724
  y: 58.98332584447232
  z: -930.939981515931
  yaw: 220.06
  pitch: 14.550051
godmode: false
logoutlocation:
  world: plots
  x: 81.90351373489325
  y: 78.51796801905203
  z: 39.48773995935663
  yaw: 84.755066
  pitch: 62.85006
