timestamps:
  login: 1410105654237
  logout: 1410105860356
  lastteleport: 1410105684788
  mute: 0
  lastheal: 1408591919663
ipAddress: 69.66.179.27
logoutlocation:
  world: wooftywoo
  x: 1502.7716955905084
  y: 95.0
  z: -4392.0043567375005
  yaw: 16.638306
  pitch: 39.51013
lastlocation:
  world: wooftywoo
  x: 1989.792325894515
  y: 71.0
  z: -1116.9906982596287
  yaw: -249.38025
  pitch: -8.218615
homes:
  home:
    world: wooftywoo
    x: 1489.6144375735819
    y: 93.0
    z: -4374.470930784414
    yaw: 189.00406
    pitch: 18.494394
lastAccountName: rhino59o
nickname: OfficerNipples
money: '9971.0'
muted: false
