lastAccountName: InfinityM0ty
timestamps:
  login: 1440780818528
  lastteleport: 1440780900296
  logout: 1440780916215
ipAddress: 80.60.49.45
lastlocation:
  world: survival
  x: 16.53668933158659
  y: 69.0
  z: -89.89421588459028
  yaw: -173.24992
  pitch: 55.799988
homes:
  home:
    world: wooftywoo
    x: 851.4965532135267
    y: 63.0
    z: 407.7336327763283
    yaw: -295.63013
    pitch: 13.103059
logoutlocation:
  world: wooftywoo
  x: 1049.553285585333
  y: 65.0
  z: 1580.5856449961482
  yaw: -86.55607
  pitch: 6.60001
