lastAccountName: MasterX200
timestamps:
  login: 1430306744830
  lastteleport: 1430306856989
  logout: 1430306892350
ipAddress: 86.147.226.68
lastlocation:
  world: wooftywoo
  x: 1033.282486975127
  y: 65.0
  z: 1676.9309550533922
  yaw: -347.70593
  pitch: 3.2999911
logoutlocation:
  world: wooftywoo
  x: 1034.4020127949032
  y: 65.0
  z: 1764.6791605800304
  yaw: -328.50558
  pitch: 25.500034
