timestamps:
  login: 1396318732069
  lastteleport: 1391236570725
  logout: 1396319084736
ipAddress: 74.44.32.107
lastlocation:
  world: wooftywoo
  x: 1485.2076084650757
  y: 95.0
  z: -4346.381705607303
  yaw: -219.23157
  pitch: 73.96655
homes:
  home:
    world: wooftywoo
    x: 1485.2222986849506
    y: 95.0
    z: -4352.049122448481
    yaw: -253.15178
    pitch: 4.221124
logoutlocation:
  world: wooftywoo
  x: 1503.236316558665
  y: 91.0
  z: -4337.584051901611
  yaw: -136.551
  pitch: 38.770985
lastAccountName: acplaysgames
