lastAccountName: Pyman12
timestamps:
  login: 1464889039297
  lastteleport: 1464890953531
  logout: 1464891236568
ipAddress: 74.141.86.169
lastlocation:
  world: '1_9'
  x: 1096.0091652847693
  y: 23.0
  z: 2546.4136665712613
  yaw: -350.2583
  pitch: 42.04211
godmode: false
homes:
  home:
    world: '1_9'
    x: 798.1327161714405
    y: 63.0
    z: 1565.273059833394
    yaw: -90.87671
    pitch: 23.15818
afk: false
money: '24238.5'
logoutlocation:
  world: '1_9'
  x: 799.8852560940486
  y: 63.0
  z: 1565.8728049792232
  yaw: 112.49765
  pitch: 14.678265
