lastAccountName: Eljeno
timestamps:
  login: 1433813573348
  lastteleport: 1433813590946
  logout: 1433814526830
ipAddress: 67.10.131.240
lastlocation:
  world: wooftywoo
  x: -1200.9848815351068
  y: 63.0
  z: -6349.629026131836
  yaw: -84.934555
  pitch: 48.159595
logoutlocation:
  world: flat
  x: 39.78479116358936
  y: 7.248799655611504
  z: 189.1909064093248
  yaw: -89.31622
  pitch: 24.873562
