lastAccountName: RomanPandaTGD
timestamps:
  login: 1444165327786
  logout: 1444165374698
  lastteleport: 1444165366197
ipAddress: 96.245.10.197
lastlocation:
  world: survival
  x: -18.7388966975196
  y: 69.0625
  z: -50.018687928130404
  yaw: -8.249847
  pitch: 30.899988
logoutlocation:
  world: creative
  x: 25048.877138803364
  y: 88.489356611341
  z: 24182.23446765036
  yaw: 26.850948
  pitch: 22.50001
