lastAccountName: zoethebest64
timestamps:
  login: 1427547348654
  lastteleport: 1427547532913
  logout: 1427547578615
ipAddress: 82.169.45.55
lastlocation:
  world: wooftywoo
  x: 1005.0826581779619
  y: 76.0
  z: 2001.2117905308633
  yaw: 112.344574
  pitch: 24.3
logoutlocation:
  world: creative
  x: 25019.026045104092
  y: 80.0
  z: 24180.473492455483
  yaw: 127.35092
  pitch: 42.14999
