lastAccountName: kdude82
timestamps:
  login: 1443764326326
  lastteleport: 1443768093579
  logout: 1443768250074
ipAddress: 90.203.248.141
lastlocation:
  world: wooftywoo
  x: 1168.359173744917
  y: 68.0
  z: -4004.5768612857028
  yaw: -4.332868
  pitch: 64.809586
afk: false
logoutlocation:
  world: wooftywoo
  x: 3997.568874437616
  y: 91.0
  z: 4039.4700461666575
  yaw: -65.57547
  pitch: 63.5808
homes:
  arena:
    world: flat
    x: 91.75163104704274
    y: 4.0
    z: 223.41525099584467
    yaw: -304.50067
    pitch: 11.250006
