lastAccountName: Nincompoop68
timestamps:
  login: 1407645349991
  lastteleport: 1406688257138
  logout: 1407645442284
ipAddress: 108.69.212.69
lastlocation:
  world: wooftywoo
  x: 1004.1932942835615
  y: 76.0
  z: 2003.7755304125008
  yaw: 54.300224
  pitch: 39.300014
nickname: Xiloraz
logoutlocation:
  world: wooftywoo
  x: 1007.4612061515827
  y: 76.0
  z: 2005.2349909999646
  yaw: -187.49963
  pitch: 16.650013
