lastAccountName: Lyricon
timestamps:
  login: 1430263110501
  lastteleport: 1430263768651
  logout: 1430263809746
ipAddress: 73.43.144.74
lastlocation:
  world: wooftywoo
  x: 1006.3285408868152
  y: 76.0
  z: 2003.0350851429237
  yaw: -294.45557
  pitch: 17.399988
logoutlocation:
  world: wooftywoo
  x: 463.4119290127287
  y: 68.0
  z: 367.30171890960816
  yaw: -125.29428
  pitch: 9.449997
