lastAccountName: joxxman
timestamps:
  login: 1427585903777
  lastteleport: 1427547393267
  logout: 1427585984700
ipAddress: 109.155.125.86
lastlocation:
  world: wooftywoo
  x: 1004.6599977263037
  y: 76.0
  z: 2003.7550008621
  yaw: -294.77466
  pitch: 32.73855
logoutlocation:
  world: wooftywoo
  x: 498.20785920396554
  y: 68.0
  z: 459.556322022237
  yaw: -94.848785
  pitch: 30.707434
