lastAccountName: Thepandagang_100
timestamps:
  login: 1435109893904
  lastteleport: 1435109997518
  logout: 1435110430391
ipAddress: 67.247.26.57
lastlocation:
  world: wooftywoo
  x: 552.7665868889229
  y: 78.0
  z: -451.32881463236123
  yaw: -91.99359
  pitch: 45.749992
logoutlocation:
  world: wooftywoo
  x: -472.10150169828705
  y: 86.0
  z: 1140.3000000119207
  yaw: 161.55031
  pitch: 50.399986
