lastAccountName: DexyStormLP
timestamps:
  login: 1430683253256
  lastteleport: 1430683640277
  logout: 1430684494426
ipAddress: 108.19.170.233
lastlocation:
  world: wooftywoo
  x: 1046.3545713210237
  y: 65.0
  z: 1857.6163722067924
  yaw: -242.40445
  pitch: 1.5000379
logoutlocation:
  world: wooftywoo
  x: -1247.8998435942615
  y: 103.0625
  z: -6116.165228122469
  yaw: -283.50085
  pitch: 52.05003
