lastAccountName: gatordude18
timestamps:
  login: 1464669331432
  lastteleport: 1463114395822
  logout: 1464669371423
ipAddress: 71.68.79.250
lastlocation:
  world: '1_9'
  x: 99.97460346445747
  y: 54.910475206758555
  z: -287.3980421199018
  yaw: 55.1015
  pitch: 12.778203
logoutlocation:
  world: '1_9'
  x: 90.08355622216332
  y: 67.0
  z: -316.8887594672528
  yaw: 217.16275
  pitch: 5.6427298
