lastAccountName: damawgaw0012
timestamps:
  login: 1437182416704
  lastteleport: 1437183520202
  logout: 1437184774326
ipAddress: 24.177.238.100
lastlocation:
  world: wooftywoo
  x: 3995.670526105673
  y: 91.0
  z: 4088.6582490496444
  yaw: 78.298584
  pitch: 70.35
logoutlocation:
  world: wooftywoo
  x: -1223.7773219046594
  y: 103.0
  z: -6201.24910745975
  yaw: 22.050781
  pitch: 43.04993
