lastAccountName: OJax1
timestamps:
  login: 1423357133234
  logout: 1423357240624
ipAddress: 98.246.188.87
lastlocation:
  world: wooftywoo
  x: 1032.3875323786322
  y: 65.0
  z: 1677.0887465269702
  yaw: -0.75603354
  pitch: 1.8000122
logoutlocation:
  world: wooftywoo
  x: 996.5849576706822
  y: 67.0
  z: 2002.475583880218
  yaw: -286.05548
  pitch: 16.949995
