lastAccountName: Captin_America
timestamps:
  login: 1432929779489
  lastteleport: 1432930466735
  logout: 1432931623200
ipAddress: 24.192.26.147
lastlocation:
  world: flat
  x: -832.7973849049957
  y: 4.0
  z: 513.3945949548444
  yaw: 252.84283
  pitch: 14.463936
homes:
  home:
    world: flat
    x: -251.38022430837685
    y: 5.0
    z: 1264.2093483541519
    yaw: 8.693481
    pitch: 21.59995
nickname: Ian
logoutlocation:
  world: flat
  x: -251.38022430837685
  y: 5.0
  z: 1264.2093483541519
  yaw: 8.693481
  pitch: 21.59995
