timestamps:
  login: 1396391128049
  logout: 1396391170077
ipAddress: 68.118.238.33
lastlocation:
  world: wooftywoo
  x: 645.0
  y: 67.0
  z: 414.0
  yaw: 89.850006
  pitch: -1.949999
logoutlocation:
  world: wooftywoo
  x: 600.6699171718817
  y: 69.0
  z: 418.8444932445105
  yaw: -233.54996
  pitch: 2.6999912
lastAccountName: cheycheymongeon
