lastAccountName: huggiesnkisseys
timestamps:
  login: 1438407718160
  logout: 1438407732260
ipAddress: 71.91.161.59
lastlocation:
  world: wooftywoo
  x: 645.0
  y: 67.0
  z: 414.0
  yaw: 89.850006
  pitch: -1.949999
logoutlocation:
  world: wooftywoo
  x: -1202.4184414882864
  y: 63.0
  z: -6354.95253024043
  yaw: -177.45206
  pitch: 24.900015
