timestamps:
  login: 1391590971695
  logout: 1391590973344
ipAddress: 118.92.143.146
lastlocation:
  world: wooftywoo
  x: 645.0
  y: 67.0
  z: 414.0
  yaw: 89.850006
  pitch: -1.949999
logoutlocation:
  world: wooftywoo
  x: 643.3977921001065
  y: 67.0
  z: 413.7182115517041
  yaw: 44.849762
  pitch: 30.599976
lastAccountName: opinnionated
