timestamps:
  login: 1393646748243
  logout: 1393646748511
ipAddress: 66.168.51.66
lastlocation:
  world: wooftywoo
  x: 645.0
  y: 67.0
  z: 414.0
  yaw: 89.850006
  pitch: -1.949999
logoutlocation:
  world: wooftywoo
  x: 645.0
  y: 67.0
  z: 414.0
  yaw: 89.100006
  pitch: -2.099999
lastAccountName: ollie735
