timestamps:
  login: 1395682626469
  lastteleport: 1395683814194
  logout: 1395684363967
ipAddress: 81.158.114.92
lastlocation:
  world: wooftywoo
  x: 644.9805551538724
  y: 67.0
  z: 412.4369623410742
  yaw: 101.99198
  pitch: 0.67391205
logoutlocation:
  world: creative
  x: -178.30355181654346
  y: 77.0
  z: 812.4925283355186
  yaw: 37.8031
  pitch: 57.663338
lastAccountName: harryconstant
