lastAccountName: Firedog63438
timestamps:
  login: 1465458305669
  lastteleport: 1465458469274
  logout: 1465458831869
ipAddress: 101.181.29.81
lastlocation:
  world: spawn
  x: -9.248798743928361
  y: 9.0
  z: -42.11303701858887
  yaw: -182.8504
  pitch: 27.299982
logoutlocation:
  world: '1_9'
  x: -212.7374743482893
  y: 60.49078962975474
  z: -325.96189896303605
  yaw: 283.65
  pitch: 8.999984
godmode: false
