lastAccountName: EleyondTheElf
timestamps:
  login: 1466097363294
  lastteleport: 1466098230058
  logout: 1466098235984
ipAddress: 98.178.133.162
lastlocation:
  world: '1_9'
  x: -0.7850816221092694
  y: 62.042615730062174
  z: -323.3178605793647
  yaw: 189.4518
  pitch: 54.900017
godmode: false
logoutlocation:
  world: spawn
  x: 0.5
  y: 10.0
  z: 0.5
  yaw: -179.55048
  pitch: 1.6499957
