timestamps:
  login: 1445904884212
  logout: 1445904916629
  lastteleport: 1445904907431
  mute: 0
ipAddress: 162.199.222.123
lastlocation:
  world: survival
  x: 1.5702960837295352
  y: 72.0
  z: 46.36222376868658
  yaw: 67.500015
  pitch: 11.100001
logoutlocation:
  world: survival
  x: 4.3624481716185155
  y: 69.0
  z: -48.223324547244836
  yaw: -161.54991
  pitch: 22.949995
homes:
  home:
    world: wooftywoo
    x: -2625.7535731488456
    y: 126.0
    z: -2540.012821763512
    yaw: -3.0019665
    pitch: 14.249994
nickname: Invader_CARNAGE
muted: false
lastAccountName: rodrigo69dj
afk: false
