lastlocation:
  world: survival
  x: -17.82323863581669
  y: 69.0625
  z: -50.292064083445865
  yaw: -339.72375
  pitch: 26.133379
lastAccountName: Sponderman_Z
timestamps:
  login: 1459939012802
  lastteleport: 1459880917704
  logout: 1459939013473
ipAddress: 81.146.16.177
logoutlocation:
  world: survival
  x: -8.952788103382414
  y: 69.0
  z: -50.0810540027676
  yaw: 227.2232
  pitch: 73.77616
