lastAccountName: SpaceyElephant
timestamps:
  login: 1434924118224
  logout: 1434924614121
ipAddress: 98.178.141.36
lastlocation:
  world: wooftywoo
  x: 645.0
  y: 67.0
  z: 414.0
  yaw: 89.850006
  pitch: -1.949999
logoutlocation:
  world: wooftywoo
  x: -1185.0889328397425
  y: 106.5
  z: -6152.882923608352
  yaw: 181.41626
  pitch: 27.710865
