lastAccountName: chace8520
timestamps:
  login: 1460077935880
  lastteleport: 1459904531829
  logout: 1460078357083
ipAddress: 69.132.72.136
lastlocation:
  world: survival
  x: 16.325048565516433
  y: 69.0
  z: -90.11768197959249
  yaw: -174.19072
  pitch: 29.547544
logoutlocation:
  world: wooftywoo
  x: 1041.4964661973888
  y: 65.0
  z: 1672.7963966054206
  yaw: -92.08785
  pitch: 6.9614415
afk: false
