lastAccountName: Ilmes
timestamps:
  login: 1444762127311
  lastteleport: 1440795356114
  logout: 1444762138210
ipAddress: 109.158.217.235
lastlocation:
  world: wooftywoo
  x: -607.3100316324703
  y: 62.0
  z: 533.5407748866567
  yaw: 73.14285
  pitch: 21.713682
afk: false
logoutlocation:
  world: survival
  x: -592.1939609514664
  y: 71.0
  z: -297.60236161284257
  yaw: -78.07843
  pitch: 20.77761
money: '17712.5'
homes:
  home:
    world: survival
    x: -593.5
    y: 75.0
    z: -300.5
    yaw: -201.79881
    pitch: 8.314975
nickname: Satan
