lastAccountName: WeerxMc
timestamps:
  login: 1435751014282
  logout: 1435751931063
  lastteleport: 1435751443841
ipAddress: 78.72.208.117
lastlocation:
  world: wooftywoo
  x: 552.5083569659344
  y: 78.0
  z: -420.99642014908403
  yaw: -42.8644
  pitch: 27.488888
logoutlocation:
  world: wooftywoo
  x: 2230.764979412451
  y: 11.0
  z: 5803.728539746019
  yaw: -203.21088
  pitch: 45.722153
nickname: TheEpicalGod
