lastAccountName: Jimbo006
timestamps:
  login: 1407168014938
  lastteleport: 1407169471183
  logout: 1407169486773
ipAddress: 217.42.1.186
lastlocation:
  world: creative
  x: 1066.2423677076633
  y: 110.0
  z: 1058.584866896958
  yaw: 348.45032
  pitch: 9.74995
homes:
  home:
    world: wooftywoo
    x: 826.6999999880791
    y: 62.5625
    z: 274.30000001192093
    yaw: -338.52673
    pitch: -6.599994
logoutlocation:
  world: wooftywoo_nether
  x: 2941.7192036633805
  y: 34.0
  z: 3939.5412474223513
  yaw: -82.23183
  pitch: 13.649973
