lastAccountName: IKnow14
timestamps:
  login: 1462644101079
  lastteleport: 1462644161152
  logout: 1462644399805
ipAddress: 178.157.255.19
lastlocation:
  world: spawnworld
  x: -9.628195327582596
  y: 9.0
  z: -41.95139335062617
  yaw: -1.6485901
  pitch: 9.299987
logoutlocation:
  world: '1_9'
  x: 104.88538615664078
  y: 67.0
  z: -317.8997972751326
  yaw: -266.2541
  pitch: 30.449858
