timestamps:
  login: 1390542917623
  logout: 1390543756775
ipAddress: 50.152.160.9
lastlocation:
  world: wooftywoo
  x: 645.0
  y: 67.0
  z: 414.0
  yaw: 89.850006
  pitch: -1.949999
logoutlocation:
  world: wooftywoo
  x: 643.3469910280354
  y: 67.0
  z: 418.59811553143004
  yaw: -300.61194
  pitch: 40.75983
lastAccountName: casseyyo
