lastAccountName: AndrakusPL
timestamps:
  login: 1428146182437
  lastteleport: 1428146401097
  logout: 1428146406280
ipAddress: 89.71.165.207
lastlocation:
  world: wooftywoo
  x: 1007.8722031961563
  y: 76.0
  z: 2003.0970169307748
  yaw: -141.00552
  pitch: 17.250008
logoutlocation:
  world: wooftywoo
  x: 4000.4938557045534
  y: 91.0
  z: 4082.8631086789237
  yaw: -180.75023
  pitch: 5.2499967
