lastAccountName: Coopeh
timestamps:
  login: 1462648163118
  logout: 1462648185114
ipAddress: 98.160.125.122
lastlocation:
  world: '1_9'
  x: 129.49683451067
  y: 67.0
  z: -317.550688110391
  yaw: 270.4503
  pitch: 2.9999967
logoutlocation:
  world: spawnworld
  x: -2.90330161577262
  y: 9.0
  z: 17.415317278748685
  yaw: -174.30042
  pitch: 19.499994
