lastAccountName: SirPings
timestamps:
  login: 1443940636697
  lastteleport: 1443941138964
  logout: 1443941184736
ipAddress: 71.95.100.135
lastlocation:
  world: wooftywoo
  x: 3997.5
  y: 91.0
  z: 4088.5
  yaw: -90.15146
  pitch: 2.8500009
afk: false
logoutlocation:
  world: flat
  x: -64.68032477763049
  y: 4.0
  z: -273.6043847660497
  yaw: -274.45654
  pitch: -3.259928
