lastAccountName: harrythehero
timestamps:
  login: 1432673049449
  lastteleport: 1432674445399
  logout: 1432674676256
ipAddress: 86.184.55.172
lastlocation:
  world: flat
  x: 8.518348828874903
  y: 6.127164573549956
  z: 353.92687329138136
  yaw: 144.89941
  pitch: 49.349854
logoutlocation:
  world: wooftywoo
  x: 1778.097668534875
  y: 66.0
  z: -4802.724987527861
  yaw: -176.94106
  pitch: -5.999988
homes:
  home:
    world: flat
    x: -11.189486740126606
    y: 13.653144533347923
    z: 356.8496319038845
    yaw: -198.45135
    pitch: 30.599932
