lastAccountName: usedtamp
timestamps:
  login: 1438560571822
  lastteleport: 1438560646181
  logout: 1438561591054
ipAddress: 142.254.113.213
lastlocation:
  world: creative
  x: 25035.710769994945
  y: 80.0
  z: 24167.77422509769
  yaw: -341.8492
  pitch: 29.70002
logoutlocation:
  world: creative
  x: 25121.171495704984
  y: 69.0
  z: 23568.60680405778
  yaw: 95.845795
  pitch: 39.149956
