lastAccountName: thedimondbanana
timestamps:
  login: 1462114864708
  lastteleport: 1461493198276
  logout: 1462114970089
ipAddress: 217.118.59.31
lastlocation:
  world: survival
  x: -15.942090164475982
  y: 69.0
  z: -49.29675375848188
  yaw: -334.8368
  pitch: 37.592926
logoutlocation:
  world: '1_9'
  x: 111.53426517559889
  y: 67.0
  z: -315.97700838477465
  yaw: 103.34204
  pitch: 25.87106
