lastAccountName: CaymanianNinja
timestamps:
  login: 1464657247679
  lastteleport: 1464657895605
  logout: 1464657950087
ipAddress: 199.201.86.183
lastlocation:
  world: anarchy
  x: 1.6990040870150587
  y: 72.0
  z: 70.08569071536603
  yaw: 359.8497
  pitch: 54.150005
godmode: false
logoutlocation:
  world: spawnworld
  x: 0.5
  y: 10.0
  z: 0.5
  yaw: -179.55048
  pitch: 1.6499957
