lastAccountName: kylearoo
timestamps:
  login: 1438891582274
  logout: 1438891679839
ipAddress: 69.243.230.113
lastlocation:
  world: wooftywoo
  x: 645.0
  y: 67.0
  z: 414.0
  yaw: 89.850006
  pitch: -1.949999
logoutlocation:
  world: wooftywoo
  x: -1240.554709065219
  y: 95.0
  z: -6266.707428047418
  yaw: 99.29749
  pitch: 25.500015
