lastAccountName: Patroler
timestamps:
  login: 1460246036846
  logout: 1460246059219
ipAddress: 100.36.38.205
lastlocation:
  world: '1_9'
  x: 68.5
  y: 64.0
  z: -270.5
  yaw: 0.0
  pitch: 0.0
logoutlocation:
  world: survival
  x: -1.4223683696987819
  y: 70.0
  z: -64.7777126866538
  yaw: 167.10023
  pitch: 13.349982
