lastAccountName: sulnur
timestamps:
  login: 1433467888949
  lastteleport: 1433467997307
  logout: 1433468007556
ipAddress: 95.56.56.193
lastlocation:
  world: wooftywoo
  x: -1202.512499988079
  y: 63.0
  z: -6348.078015041732
  yaw: -186.15208
  pitch: 49.950012
logoutlocation:
  world: wooftywoo
  x: 511.69999998807907
  y: 68.0
  z: 378.44499965553194
  yaw: -83.74422
  pitch: 12.599998
