lastAccountName: nighttide
timestamps:
  login: 1459891684387
  lastteleport: 1459891739169
  logout: 1459893321326
ipAddress: 107.15.44.205
lastlocation:
  world: survival
  x: -15.979398031183191
  y: 69.0625
  z: -49.773928697379525
  yaw: 16.924702
  pitch: 33.592735
nickname: ยง8Elliot
logoutlocation:
  world: '1_9'
  x: 1159.300000011921
  y: 66.13341062301645
  z: -948.6999999880791
  yaw: 176.22473
  pitch: 3.6502144
afk: false
