lastAccountName: Deotic
timestamps:
  login: 1463827422893
  lastteleport: 1463827449488
  logout: 1463827639487
ipAddress: 81.234.92.216
lastlocation:
  world: spawnworld
  x: -9.624969618442606
  y: 9.0
  z: -42.11399967210036
  yaw: -180.00023
  pitch: 10.650002
godmode: false
logoutlocation:
  world: '1_9'
  x: -153.79148934669803
  y: 67.0
  z: -317.19007838755306
  yaw: -90.29977
  pitch: 7.0499883
