lastAccountName: Shady1003
timestamps:
  login: 1464646681873
  lastteleport: 1463339580676
  logout: 1464646696585
ipAddress: 100.37.47.172
lastlocation:
  world: '1_9'
  x: 104.64327774587925
  y: 67.0
  z: -315.5774072830257
  yaw: 9.9003
  pitch: 9.300004
logoutlocation:
  world: '1_9'
  x: 27.4192254957
  y: 60.66078697483109
  z: -320.30000001192093
  yaw: 99.6247
  pitch: 17.699974
afk: false
godmode: false
