timestamps:
  login: 1391821386059
  lastteleport: 1391821722222
  logout: 1391822236372
ipAddress: 72.200.214.148
lastlocation:
  world: creative
  x: -185.02687835861232
  y: 66.0
  z: 47.723219465455884
  yaw: 304.35135
  pitch: 27.750067
logoutlocation:
  world: creative
  x: 27.431669241668686
  y: 185.0
  z: 39.605544031883596
  yaw: 52.800903
  pitch: 90.0
homes:
  home:
    world: creative
    x: -191.49428784845568
    y: 66.0
    z: 38.44338495287039
    yaw: 258.45117
    pitch: 53.850075
lastAccountName: lordtalbot
