lastAccountName: dylangoutier
timestamps:
  login: 1435447610841
  logout: 1435448518382
  lastteleport: 1435448362398
ipAddress: 84.83.153.14
lastlocation:
  world: wooftywoo
  x: -1203.5938212338256
  y: 63.0
  z: -6348.593274600555
  yaw: 121.19786
  pitch: 32.25001
logoutlocation:
  world: creative
  x: 25161.484344818113
  y: 83.89883753527393
  z: 24167.99072934313
  yaw: -176.6991
  pitch: 45.45001
afk: false
