lastAccountName: PiggyWiggy84
timestamps:
  login: 1407888625708
  lastteleport: 1407888939159
  logout: 1407889157903
ipAddress: 24.213.131.130
lastlocation:
  world: wooftywoo
  x: 1005.0676290560984
  y: 76.0
  z: 2000.801110481827
  yaw: 100.480865
  pitch: 21.607586
logoutlocation:
  world: creative
  x: 25074.69999998808
  y: 65.0
  z: 24176.404000267925
  yaw: -70.98053
  pitch: 39.845497
nickname: Piggy
