lastAccountName: Buddermon
timestamps:
  login: 1448131061703
  logout: 1448131091057
  lastteleport: 1441157823595
  lastheal: 1439766710058
ipAddress: 71.38.140.240
lastlocation:
  world: survival
  x: -55.98750669568604
  y: 72.0
  z: 150.48399613859266
  yaw: -98.699646
  pitch: 24.899988
logoutlocation:
  world: survival
  x: -2.5947885143033194
  y: 68.0
  z: 121.24908207930798
  yaw: -222.75009
  pitch: 22.500002
afk: false
money: '45094.0'
homes:
  home:
    world: wooftywoo
    x: 2181.257084535279
    y: 64.0
    z: 3241.491688084423
    yaw: -88.783585
    pitch: 40.04997
