lastAccountName: MinerBear6
timestamps:
  login: 1434484654044
  lastteleport: 1434484711379
  logout: 1434485173880
ipAddress: 173.27.4.55
lastlocation:
  world: wooftywoo
  x: -1210.5463499215198
  y: 62.0
  z: -6347.300000011921
  yaw: 30.897903
  pitch: 39.450027
logoutlocation:
  world: wooftywoo
  x: -1202.5775684291382
  y: 63.0
  z: -6345.571194623384
  yaw: -267.30215
  pitch: 18.300003
