lastAccountName: F3lip3VFX
timestamps:
  login: 1439744921619
  lastteleport: 1439745322948
  logout: 1439745349655
ipAddress: 187.101.236.189
lastlocation:
  world: wooftywoo
  x: 1176.074999988079
  y: 68.0
  z: -4029.580374632577
  yaw: -79.59731
  pitch: 85.094185
logoutlocation:
  world: wooftywoo
  x: 1179.1815338522044
  y: 73.0
  z: -4175.597301474953
  yaw: 270.5217
  pitch: 19.433065
nickname: F3lip3VFX
