lastAccountName: WhatAreThooose
timestamps:
  login: 1465386472706
  lastteleport: 1465388970419
  logout: 1465389712239
  lastheal: 1465388418283
ipAddress: 73.97.203.132
lastlocation:
  world: plots
  x: 0.5
  y: 65.0
  z: 0.5
  yaw: 0.60000795
  pitch: 12.750002
godmode: false
logoutlocation:
  world: plots
  x: 711.3239133971463
  y: 65.0
  z: -1935.0990424001834
  yaw: -358.10486
  pitch: 56.8224
homes:
  home:
    world: plots
    x: 711.3239133971463
    y: 65.0
    z: -1935.0990424001834
    yaw: -178.73877
    pitch: 31.632
