lastAccountName: Minette3714
timestamps:
  login: 1464900848416
  lastteleport: 1464900903406
  logout: 1464901391852
ipAddress: 125.239.69.246
lastlocation:
  world: spawn
  x: -9.96637285052034
  y: 9.0
  z: -41.84765273716716
  yaw: -192.45049
  pitch: 16.499998
godmode: false
logoutlocation:
  world: '1_9'
  x: 114.35725369969751
  y: 64.0
  z: -299.36860938780933
  yaw: 87.29996
  pitch: 24.599968
