lastAccountName: Cobra_9
timestamps:
  login: 1406248228486
  logout: 1406248419562
  lastteleport: 1406248341662
ipAddress: 75.139.166.176
lastlocation:
  world: wooftywoo
  x: 1009.742023820067
  y: 76.0
  z: 2003.348778564534
  yaw: -9.4021
  pitch: 42.033592
logoutlocation:
  world: wooftywoo
  x: 89.92301821706204
  y: 87.0
  z: 183.45107106048886
  yaw: -47.347446
  pitch: 90.0
