lastAccountName: _Reeve_
timestamps:
  login: 1435592772288
  lastteleport: 1435592999711
  logout: 1435593059083
ipAddress: 199.68.248.117
lastlocation:
  world: wooftywoo
  x: -1203.1324919149786
  y: 63.0
  z: -6348.300000011921
  yaw: -232.20218
  pitch: 27.000004
logoutlocation:
  world: creative
  x: 25199.99439319846
  y: 82.76213286365885
  z: 24249.21659522116
  yaw: -299.84915
  pitch: 62.100048
