lastAccountName: JosephN6
timestamps:
  login: 1442758485533
  logout: 1442758638130
  lastteleport: 1442758539210
ipAddress: 92.236.158.140
lastlocation:
  world: survival
  x: -28.265198591420134
  y: 72.0
  z: 120.49764831775178
  yaw: -57.619415
  pitch: 8.679662
logoutlocation:
  world: survival
  x: 0.12330762920813984
  y: 71.0
  z: 3.1091057509716027
  yaw: -213.92609
  pitch: 10.732802
