lastAccountName: bigminer50
timestamps:
  login: 1438817704712
  lastteleport: 1438817622555
  logout: 1438817764370
ipAddress: 50.71.8.40
lastlocation:
  world: creative
  x: 25019.712768593883
  y: 80.0
  z: 24178.94627385063
  yaw: 242.99135
  pitch: 38.935192
logoutlocation:
  world: anarchy
  x: 2.5611075827468124
  y: 71.0
  z: 68.76622658981384
  yaw: 144.33054
  pitch: 14.428767
