lastAccountName: DaAphmau
timestamps:
  login: 1465429774337
  lastteleport: 1465429957671
  logout: 1465429969123
ipAddress: 74.102.2.164
lastlocation:
  world: elytramedium
  x: 40.91726941665846
  y: -2.0411083817410636
  z: 141.56662992242872
  yaw: 18.849503
  pitch: 18.750004
logoutlocation:
  world: elytramedium
  x: 47.684350271561776
  y: 27.547964634968817
  z: 88.78649110634197
  yaw: 151.8995
  pitch: -90.0
