lastAccountName: xxMag11xx
timestamps:
  login: 1432061477874
  lastteleport: 1432061949125
  logout: 1432062035540
ipAddress: 83.11.40.40
lastlocation:
  world: wooftywoo
  x: 3995.891849816579
  y: 91.0
  z: 4088.541319342027
  yaw: 103.79856
  pitch: 78.899994
logoutlocation:
  world: wooftywoo
  x: -1265.2255212367234
  y: 101.0
  z: -6162.46825981645
  yaw: -298.95044
  pitch: 13.950005
