lastAccountName: Original_BiH
timestamps:
  login: 1434075098326
  lastteleport: 1431124808081
  logout: 1434075114027
ipAddress: 174.30.83.103
lastlocation:
  world: wooftywoo
  x: -1209.5186901895654
  y: 63.0
  z: -6346.474163767047
  yaw: -93.51282
  pitch: 38.105213
logoutlocation:
  world: flat
  x: 1620.1495488349049
  y: 31.90382187976977
  z: -74.82598952242739
  yaw: -284.03394
  pitch: 86.19534
afk: false
