lastAccountName: NewLevel
timestamps:
  login: 1464048295450
  lastteleport: 1464048329524
  logout: 1464048336797
ipAddress: 96.242.122.146
lastlocation:
  world: spawnworld
  x: -9.339798382560348
  y: 9.0
  z: -42.09621663805544
  yaw: -179.7005
  pitch: 35.1
logoutlocation:
  world: '1_9'
  x: 128.51871204474895
  y: 67.0
  z: -315.78477446226736
  yaw: 42.150032
  pitch: 24.749962
