lastAccountName: RiasGremory_
timestamps:
  login: 1435792860988
  lastteleport: 1435793129707
  logout: 1435793297906
ipAddress: 2.91.242.16
lastlocation:
  world: wooftywoo
  x: 1032.4924275527128
  y: 65.0
  z: 1677.1640978748756
  yaw: 0.7427368
  pitch: 1.500015
logoutlocation:
  world: wooftywoo
  x: -1233.756289985398
  y: 63.0
  z: -6340.222369144413
  yaw: 110.54796
  pitch: 38.550053
