lastAccountName: minecraftkid2212
timestamps:
  login: 1465841111380
  lastteleport: 1465751932427
  logout: 1465844527332
ipAddress: 99.8.69.87
lastlocation:
  world: '1_9'
  x: -169.8690504306238
  y: 62.3278430904479
  z: -310.54243725221386
  yaw: 269.10187
  pitch: -75.30006
godmode: false
logoutlocation:
  world: '1_9'
  x: -12.479040151856994
  y: 31.0
  z: -324.27133728322315
  yaw: 68.699455
  pitch: 33.74994
afk: false
