timestamps:
  login: 1390065977353
  logout: 1390066239065
ipAddress: 98.230.82.151
logoutlocation:
  world: creative
  x: -155.54097254066804
  y: 99.50305214201619
  z: 158.61199053969293
  yaw: -138.35712
  pitch: 26.700005
lastAccountName: mickeypowerteeth
