lastAccountName: Dev22MC
timestamps:
  login: 1436586507520
  lastteleport: 1436586670957
  logout: 1436586671756
ipAddress: 72.105.180.144
lastlocation:
  world: wooftywoo
  x: 1723.0873276938169
  y: 63.0
  z: -5146.638153645088
  yaw: 262.00555
  pitch: 27.449926
logoutlocation:
  world: wooftywoo
  x: 3997.5
  y: 91.0
  z: 4088.5
  yaw: -89.851456
  pitch: 3.600001
