lastAccountName: ECVL
timestamps:
  login: 1429867371226
  lastteleport: 1429867496757
  logout: 1429867537879
ipAddress: 101.191.116.216
lastlocation:
  world: wooftywoo
  x: 1004.765097801178
  y: 76.0
  z: 2004.1260672803603
  yaw: 79.64447
  pitch: 34.049995
logoutlocation:
  world: wooftywoo
  x: 475.69999998807907
  y: 66.0
  z: 469.34355721513776
  yaw: -77.14465
  pitch: 90.0
