lastAccountName: CourtneyBreanna
timestamps:
  login: 1467096435893
  lastteleport: 1467097328921
  logout: 1467099408509
ipAddress: 71.17.71.187
lastlocation:
  world: wooftywoo
  x: 551.0628146555795
  y: 78.0625
  z: -376.8924203303529
  yaw: -253.0935
  pitch: 27.299995
logoutlocation:
  world: flat
  x: -703.725875473216
  y: 4.0
  z: 271.2395385646453
  yaw: -80.45508
  pitch: 15.599995
