lastAccountName: Ghost10k
timestamps:
  login: 1439313759504
  lastteleport: 1439314862773
  logout: 1439315748991
ipAddress: 50.182.245.150
lastlocation:
  world: creative
  x: 24546.29986253227
  y: 140.85633908377122
  z: 23744.288357606187
  yaw: 328.81226
  pitch: -0.84933865
logoutlocation:
  world: wooftywoo
  x: -1153.1585623503777
  y: 103.78502770378924
  z: -6263.306737047222
  yaw: -131.81917
  pitch: 22.850494
nickname: itwastobo
