lastAccountName: Tikachuu
timestamps:
  login: 1462506383996
  lastteleport: 1462506160688
  logout: 1462506386149
ipAddress: 198.72.136.157
lastlocation:
  world: wooftywoo
  x: -686.4142004595158
  y: 67.0
  z: 544.4614263356384
  yaw: 15.466263
  pitch: 25.602798
logoutlocation:
  world: wooftywoo
  x: 3707.836060689216
  y: 201.0
  z: 5061.442268219537
  yaw: 319.84802
  pitch: 19.022905
