lastAccountName: Koolgirl2048
timestamps:
  login: 1443830574364
  lastteleport: 1443832325052
  logout: 1443835247188
ipAddress: 73.229.230.66
lastlocation:
  world: wooftywoo
  x: 3978.699999988079
  y: 95.0625
  z: 4011.3465345068958
  yaw: -43.800354
  pitch: 39.449997
logoutlocation:
  world: wooftywoo
  x: -363.5378798723355
  y: 152.0
  z: 1023.3214410683493
  yaw: -179.27734
  pitch: 15.900068
afk: false
homes:
  home:
    world: creative
    x: 24819.59448330189
    y: 67.0
    z: 24337.328837901394
    yaw: 89.76683
    pitch: 74.53179
