lastAccountName: PixelDip07
timestamps:
  login: 1462653270951
  lastteleport: 1462653318346
  logout: 1462653390801
ipAddress: 92.14.205.59
lastlocation:
  world: spawnworld
  x: -9.565970452793634
  y: 9.0
  z: -42.20838425369
  yaw: -192.60052
  pitch: 38.850006
logoutlocation:
  world: '1_9'
  x: -106.98577026031259
  y: 67.0
  z: -315.58399551549155
  yaw: 274.20004
  pitch: 17.39996
