lastAccountName: xxob123456
timestamps:
  login: 1466114934288
  logout: 1466115275179
  lastteleport: 1466115160460
ipAddress: 108.66.212.27
lastlocation:
  world: '1_9'
  x: 79.00432470978524
  y: 69.42096734561592
  z: -358.69999998807907
  yaw: -170.54958
  pitch: -26.849705
logoutlocation:
  world: '1_9'
  x: 778.8366698004662
  y: 76.23847362337197
  z: -487.863335821719
  yaw: -97.492676
  pitch: 33.449993
godmode: false
