lastAccountName: gamer_83
timestamps:
  login: 1465249263484
  lastteleport: 1465250950996
  logout: 1465251053959
ipAddress: 24.30.15.91
lastlocation:
  world: colosseumlobby
  x: 1.0488757994365154
  y: 88.0
  z: 3.074999988079071
  yaw: 17.250006
  pitch: 51.149986
logoutlocation:
  world: wooftywoo
  x: 3999.0384086499594
  y: 91.0
  z: 4115.64088704966
  yaw: 358.04926
  pitch: 21.15004
godmode: false
