lastAccountName: BobBirkendorf
timestamps:
  login: 1437675469090
  logout: 1437675493442
ipAddress: 79.136.64.183
lastlocation:
  world: wooftywoo
  x: 645.0
  y: 67.0
  z: 414.0
  yaw: 89.850006
  pitch: -1.949999
logoutlocation:
  world: wooftywoo
  x: -1226.1654863315816
  y: 63.0
  z: -6329.931103656744
  yaw: -358.1371
  pitch: 12.163979
