lastAccountName: PinkiePie411
timestamps:
  login: 1432390765353
  lastteleport: 1432390822025
  logout: 1432391007087
ipAddress: 174.52.47.214
lastlocation:
  world: wooftywoo
  x: -1210.7163923061453
  y: 63.0
  z: -6346.512499988079
  yaw: -91.91977
  pitch: 24.40704
logoutlocation:
  world: flat
  x: -56.13736320367864
  y: 18.528821864886012
  z: 164.32190174096274
  yaw: -289.5766
  pitch: 22.718817
