lastAccountName: SpeedForce44
timestamps:
  login: 1467173620387
  lastteleport: 1467086187956
  logout: 1467173640344
ipAddress: 107.207.248.210
lastlocation:
  world: '1_9'
  x: 1247.8622909382318
  y: 85.07713300227516
  z: 227.58922948818693
  yaw: -176.55005
  pitch: 34.650013
godmode: false
logoutlocation:
  world: spawn
  x: 1.3980270034967894
  y: 10.0
  z: -9.792929461331035
  yaw: -161.55045
  pitch: 22.949997
