lastAccountName: MsGummiBear
timestamps:
  login: 1432170790063
  lastteleport: 1432171452310
  logout: 1432171605346
ipAddress: 69.9.195.226
lastlocation:
  world: wooftywoo
  x: -1210.0466184216593
  y: 63.0
  z: -6345.917620038735
  yaw: -142.35089
  pitch: 18.750013
afk: false
logoutlocation:
  world: wooftywoo
  x: 470.7924286504491
  y: 65.0
  z: 309.4443468190072
  yaw: -259.69366
  pitch: 16.200016
