lastAccountName: HDHunter3x
timestamps:
  login: 1450499431871
  logout: 1450499508619
ipAddress: 74.243.149.72
lastlocation:
  world: wooftywoo
  x: 3997.5
  y: 91.0
  z: 4088.5
  yaw: -90.3
  pitch: 2.7
logoutlocation:
  world: survival
  x: 0.9997750822057262
  y: 69.0
  z: -41.862646927663505
  yaw: -181.19992
  pitch: 15.149999
