lastAccountName: katje333
timestamps:
  login: 1458661307426
  logout: 1458661345585
ipAddress: 83.160.88.106
lastlocation:
  world: '1_9'
  x: 68.5
  y: 64.0
  z: -270.5
  yaw: 0.0
  pitch: 0.0
logoutlocation:
  world: survival
  x: -19.67547255553394
  y: 69.0625
  z: -47.8385061667628
  yaw: -166.19997
  pitch: 9.599997
