lastAccountName: rockibleu
timestamps:
  login: 1447622991225
  lastteleport: 1447623108103
  logout: 1447623185237
ipAddress: 184.156.171.152
lastlocation:
  world: wooftywoo
  x: -686.3361078073301
  y: 67.0
  z: 545.0749999880791
  yaw: 1.0421921
  pitch: 64.91198
logoutlocation:
  world: wooftywoo
  x: 3702.4146577405368
  y: 200.0
  z: 4243.093459207383
  yaw: 2.9083354
  pitch: 75.11482
