timestamps:
  login: 1391904807713
  logout: 1391904812296
ipAddress: 99.112.142.174
logoutlocation:
  world: wooftywoo
  x: 231.30000001192093
  y: 65.0
  z: 248.1864259112589
  yaw: -128.15463
  pitch: 4.1978507
lastAccountName: linkweather
