timestamps:
  login: 1394284626778
  lastteleport: 1394285787746
  logout: 1394286960796
ipAddress: 90.224.181.57
lastlocation:
  world: wooftywoo
  x: -446.69999998807907
  y: 83.0
  z: 1004.8351978462632
  yaw: 9.299939
  pitch: 10.499891
logoutlocation:
  world: wooftywoo
  x: 615.089831876853
  y: 68.0
  z: 417.69858682503866
  yaw: 199.79498
  pitch: 22.949936
lastAccountName: grisney
