lastAccountName: PegasusX
timestamps:
  login: 1442438095079
  logout: 1442438136034
ipAddress: 99.227.220.225
lastlocation:
  world: wooftywoo
  x: 645.0
  y: 67.0
  z: 414.0
  yaw: 89.850006
  pitch: -1.949999
logoutlocation:
  world: survival
  x: 0.7589699870974962
  y: 71.0
  z: -1.2555587765165543
  yaw: -344.7002
  pitch: 15.89999
