lastAccountName: EzraDylanBurton
timestamps:
  login: 1455508928854
  logout: 1455508933707
ipAddress: 75.142.19.33
lastlocation:
  world: wooftywoo
  x: 3997.5
  y: 91.0
  z: 4088.5
  yaw: -90.3
  pitch: 2.7
logoutlocation:
  world: survival
  x: 0.6321876919828355
  y: 71.0
  z: -6.610512078980681
  yaw: -178.64996
  pitch: 4.499994
