lastAccountName: MrPeeledOrange
timestamps:
  login: 1464478831637
  lastteleport: 1464479009884
  logout: 1464479320371
ipAddress: 5.70.38.120
lastlocation:
  world: wooftywoo
  x: 2069.300000011921
  y: 71.0
  z: -1133.3838248644468
  yaw: -89.70178
  pitch: 4.950011
godmode: false
logoutlocation:
  world: '1_9'
  x: 54.75572652563119
  y: 67.0
  z: -317.641431680146
  yaw: 29.250244
  pitch: 18.300016
