lastAccountName: kitcat1088
timestamps:
  login: 1445553438342
  logout: 1445553488142
ipAddress: 70.48.194.186
lastlocation:
  world: wooftywoo
  x: 3997.5
  y: 91.0
  z: 4088.5
  yaw: -90.3
  pitch: 2.7
logoutlocation:
  world: survival
  x: 9.423807800802974
  y: 69.0
  z: 114.67447429689221
  yaw: -78.44977
  pitch: 2.1000009
