lastAccountName: oVeqx
timestamps:
  login: 1444401861228
  logout: 1444401878587
ipAddress: 71.95.100.135
lastlocation:
  world: wooftywoo
  x: 3997.5
  y: 91.0
  z: 4088.5
  yaw: -90.3
  pitch: 2.7
logoutlocation:
  world: survival
  x: 0.5640646372424287
  y: 71.0
  z: -9.910436329033798
  yaw: -151.07927
  pitch: 18.86097
