timestamps:
  login: 1390678211381
  lastteleport: 1390688624515
  logout: 1390688761215
ipAddress: 88.113.50.166
lastlocation:
  world: wooftywoo
  x: -1517.1215627884446
  y: 64.0
  z: -6585.047640539647
  yaw: -198.45032
  pitch: -3.4499745
logoutlocation:
  world: creative
  x: -137.3933794726296
  y: 63.0
  z: 397.44363145933744
  yaw: -320.10004
  pitch: 19.200006
homes:
  home:
    world: creative
    x: -129.7143193023877
    y: 73.34259454662264
    z: 410.1349006968448
    yaw: -257.8506
    pitch: 36.74996
lastAccountName: rkoffert
