lastAccountName: UniqueDino
timestamps:
  login: 1461460969090
  lastteleport: 1461461791758
  logout: 1461461832347
ipAddress: 73.37.74.121
lastlocation:
  world: wooftywoo
  x: -342.0553917972555
  y: 62.07326432466507
  z: 1220.3721581040932
  yaw: 153.92444
  pitch: 3.7500298
logoutlocation:
  world: RabbitSeasonDuckSeason
  x: 358.9331403773503
  y: 70.00133597911214
  z: 132.98328560672718
  yaw: 70.94997
  pitch: -36.300053
nickname: ยง2Quil
homes:
  home:
    world: flat
    x: -665.3176163667466
    y: 4.0
    z: 558.8290395056138
    yaw: -267.75055
    pitch: 14.99991
