lastAccountName: aLink2thePast
timestamps:
  login: 1467094659515
  lastteleport: 1467097313070
  logout: 1467099405209
ipAddress: 108.160.30.142
lastlocation:
  world: wooftywoo
  x: 551.3643882845623
  y: 78.0625
  z: -378.14363345964006
  yaw: 73.45637
  pitch: 28.349998
godmode: false
logoutlocation:
  world: flat
  x: -700.9309917776765
  y: 4.0
  z: 271.32221937968825
  yaw: -268.25284
  pitch: 8.549996
