lastAccountName: aLink2thePast
timestamps:
  login: 1465324633084
  lastteleport: 1465326531632
  logout: 1465326680470
ipAddress: 108.160.30.142
lastlocation:
  world: obstaclecourse
  x: -8.702435451288347
  y: 93.0
  z: -0.6999999880790782
  yaw: -90.1483
  pitch: 19.199984
godmode: false
logoutlocation:
  world: wooftywoo
  x: 4000.6672234185276
  y: 91.0
  z: 4118.065742810628
  yaw: -29.851173
  pitch: 84.74998
