lastAccountName: xXHero_CrafterXx
timestamps:
  login: 1416493260892
  logout: 1416493570746
  lastteleport: 1416493275519
ipAddress: 213.33.29.221
lastlocation:
  world: wooftywoo
  x: 1005.524054248409
  y: 76.0
  z: 2003.4996736229732
  yaw: 65.71318
  pitch: 24.291924
logoutlocation:
  world: wooftywoo
  x: 501.49169983159726
  y: 69.0
  z: 385.59544933260133
  yaw: -177.4621
  pitch: 12.894969
