lastAccountName: Psycomedian
timestamps:
  login: 1423546559036
  lastteleport: 1423546658122
  logout: 1423547978029
ipAddress: 201.183.145.44
lastlocation:
  world: wooftywoo
  x: 1004.6936839420813
  y: 76.0
  z: 2001.2136907295335
  yaw: -280.50534
  pitch: 37.199986
logoutlocation:
  world: flat
  x: -83.21290357033081
  y: 8.997336402802901
  z: -61.92733650400713
  yaw: -85.798096
  pitch: 6.0000052
