lastAccountName: __Vaporeon__
timestamps:
  login: 1440965598584
  logout: 1440965625706
ipAddress: 173.218.171.123
lastlocation:
  world: wooftywoo
  x: 645.0
  y: 67.0
  z: 414.0
  yaw: 89.850006
  pitch: -1.949999
logoutlocation:
  world: survival
  x: 0.7906671932525069
  y: 69.0
  z: -45.38219401351164
  yaw: -181.94989
  pitch: 21.899988
