lastAccountName: LowMiner50
timestamps:
  login: 1438817579071
  lastteleport: 1438817581320
  logout: 1438817589270
ipAddress: 24.79.108.54
lastlocation:
  world: wooftywoo
  x: -1202.5163678259123
  y: 63.0
  z: -6345.7484791544075
  yaw: -188.10216
  pitch: 19.800007
logoutlocation:
  world: wooftywoo
  x: 476.3838372399532
  y: 68.0
  z: 415.69876782448307
  yaw: -354.64413
  pitch: -12.449986
