lastAccountName: dedalos452
timestamps:
  login: 1406923425336
  logout: 1406923453137
ipAddress: 24.50.193.168
lastlocation:
  world: wooftywoo
  x: 645.0
  y: 67.0
  z: 414.0
  yaw: 89.850006
  pitch: -1.949999
logoutlocation:
  world: wooftywoo
  x: 1005.7603321391277
  y: 75.5
  z: 1993.9442113411048
  yaw: -261.4499
  pitch: 33.90001
