lastAccountName: AiryMoss
timestamps:
  login: 1423546208783
  lastteleport: 1423546410372
  logout: 1423549510523
ipAddress: 92.27.109.202
lastlocation:
  world: wooftywoo
  x: 9186.634232566881
  y: 71.0
  z: 12027.300528863872
  yaw: 83.0686
  pitch: 8.700068
logoutlocation:
  world: flat
  x: -53.17252912377089
  y: 4.0
  z: -32.836619440961826
  yaw: 65.58902
  pitch: 11.849869
