lastAccountName: MrBuysMC
timestamps:
  login: 1431479592708
  lastteleport: 1431480275928
  logout: 1431480570976
ipAddress: 181.65.95.4
lastlocation:
  world: creative
  x: 26030.212871532734
  y: 42.73507876270682
  z: 23985.11064834758
  yaw: -103.04962
  pitch: 34.050068
afk: false
logoutlocation:
  world: creative
  x: 26117.489279192177
  y: 65.37171072297389
  z: 24246.022470107433
  yaw: -72.7489
  pitch: 45.74997
