lastAccountName: _LonelyPotato
timestamps:
  login: 1464475876575
  lastteleport: 1464477621019
  logout: 1464477893236
ipAddress: 216.172.142.224
lastlocation:
  world: deathdrop
  x: 0.2352161779035723
  y: 2.0
  z: -30.82102167857296
  yaw: -27.488047
  pitch: 33.756172
godmode: false
logoutlocation:
  world: deathdrop
  x: 5.416582631830101
  y: 253.0
  z: 1.8173232677185291
  yaw: -93.47517
  pitch: 15.99005
