lastAccountName: chaoschamp
timestamps:
  login: 1423499159445
  lastteleport: 1423499335820
  logout: 1423499495516
ipAddress: 2.220.169.160
lastlocation:
  world: wooftywoo
  x: 1005.5067906428684
  y: 76.0
  z: 2004.0521600725715
  yaw: -279.3055
  pitch: 22.950014
logoutlocation:
  world: wooftywoo
  x: 228.10932705457253
  y: 82.0
  z: 82.18643944382737
  yaw: 333.25592
  pitch: 17.850048
