lastAccountName: filli1303
timestamps:
  login: 1430325145084
  lastteleport: 1430322244781
  logout: 1430325913984
ipAddress: 185.37.86.223
lastlocation:
  world: wooftywoo
  x: 1005.220335451362
  y: 76.0
  z: 2000.9266095122468
  yaw: -285.38147
  pitch: 27.081993
afk: false
logoutlocation:
  world: flat
  x: 173.70842076711068
  y: 4.0
  z: -1.6409396399729232
  yaw: -97.00867
  pitch: 5.866041
