lastAccountName: Branden7305
timestamps:
  login: 1461296858683
  logout: 1461296863153
ipAddress: 98.110.170.101
lastlocation:
  world: '1_9'
  x: 131.5
  y: 67.0
  z: -318.5
  yaw: 89.10015
  pitch: 3.7499967
logoutlocation:
  world: survival
  x: -18.586969692038924
  y: 69.0
  z: -46.57725989369478
  yaw: 220.35022
  pitch: 1.4999945
