lastAccountName: 24mark
timestamps:
  login: 1466620383448
  lastteleport: 1466619550202
  logout: 1466620611695
ipAddress: 47.21.39.234
lastlocation:
  world: '1_9'
  x: 161.12921519304774
  y: 53.627996842327896
  z: -402.1016204956461
  yaw: 42.75122
  pitch: -32.100006
logoutlocation:
  world: '1_9'
  x: -120.41166293941984
  y: 81.76817635009171
  z: -314.47945741924013
  yaw: 51.449898
  pitch: 54.150017
godmode: false
