lastAccountName: SarahCate05
timestamps:
  login: 1463249973604
  lastteleport: 1463244545765
  logout: 1463246576695
ipAddress: 108.4.186.177
lastlocation:
  world: '1_9'
  x: -129.87559398070007
  y: 67.0
  z: -316.51653641169673
  yaw: -56.700054
  pitch: 26.10001
logoutlocation:
  world: '1_9'
  x: 73.3099807088076
  y: 52.54478064963121
  z: -322.8424774860768
  yaw: -90.149704
  pitch: -17.99997
