lastAccountName: murderallzombies
timestamps:
  login: 1408563666876
  lastteleport: 1408563812036
  logout: 1408564958223
ipAddress: 76.1.231.42
lastlocation:
  world: creative
  x: 25667.424260242868
  y: 63.0
  z: 24123.42555519598
  yaw: -153.2314
  pitch: 52.813446
logoutlocation:
  world: creative
  x: 25779.41314594896
  y: 78.95900708926065
  z: 24189.963607541613
  yaw: -207.4939
  pitch: -20.631676
