timestamps:
  login: 1460849561865
  lastteleport: 1460849776346
  logout: 1460849870725
ipAddress: 76.183.66.44
lastlocation:
  world: '1_9'
  x: 75.69999998807907
  y: 64.0
  z: -313.30000001192093
  yaw: -12.899693
  pitch: 69.89997
logoutlocation:
  world: '1_9'
  x: 129.27951558867437
  y: 62.9024723474186
  z: -272.498669278226
  yaw: -186.74744
  pitch: 9.2999325
homes:
  home:
    world: creative
    x: -223.67846059391164
    y: 39.0
    z: 282.51711441989454
    yaw: 73.19934
    pitch: 22.350012
lastAccountName: abm217
