lastAccountName: Syndrole
timestamps:
  login: 1405293227744
  logout: 1405293274588
ipAddress: 72.91.169.38
logoutlocation:
  world: wooftywoo
  x: 1006.661904563615
  y: 76.0
  z: 2001.992197514049
  yaw: -273.40326
  pitch: 13.841941
