lastAccountName: snickle539
timestamps:
  login: 1438134421136
  lastteleport: 1437453270246
  logout: 1438134537461
ipAddress: 67.61.16.107
lastlocation:
  world: wooftywoo
  x: 314.3703359393346
  y: 121.14437509319826
  z: 1202.254769126896
  yaw: -138.28564
  pitch: 44.414597
logoutlocation:
  world: wooftywoo
  x: 547.6111903464847
  y: 78.90948738231849
  z: 225.57091492390597
  yaw: -267.8468
  pitch: 53.696533
afk: false
homes:
  home:
    world: wooftywoo
    x: 527.6825049859908
    y: 65.20000004768372
    z: 180.58943677297347
    yaw: -337.69434
    pitch: 46.64999
  gat:
    world: wooftywoo_nether
    x: 18.96594373395294
    y: 86.0
    z: 104.55091579289952
    yaw: 246.64111
    pitch: 30.69164
  ravine:
    world: wooftywoo
    x: 947.6961377072587
    y: 49.298798227793874
    z: 1039.6447564266184
    yaw: -108.73938
    pitch: 18.388348
  darkoak:
    world: wooftywoo
    x: -821.0892438742042
    y: 67.1656318983499
    z: 136.11418499291872
    yaw: -34.228535
    pitch: 21.294214
money: '171.5'
nickname: Snickerdoodle
