lastAccountName: swoyer1
timestamps:
  login: 1450584514987
  lastteleport: 1415842630186
  logout: 1450584522982
ipAddress: 64.253.19.241
lastlocation:
  world: wooftywoo
  x: 3997.5
  y: 91.0
  z: 4088.5
  yaw: -90.3
  pitch: 2.7
logoutlocation:
  world: survival
  x: 0.7848902857871345
  y: 71.0
  z: -0.7479917018979836
  yaw: -313.95
  pitch: 23.099989
homes:
  home:
    world: wooftywoo
    x: 1390.4768511379327
    y: 64.0
    z: 5709.1410584494015
    yaw: 91.86476
    pitch: 7.46509
afk: false
money: '1877826.0'
