lastAccountName: sharp53
timestamps:
  login: 1459128564924
  lastteleport: 1459130193705
  logout: 1459133216222
ipAddress: 76.1.72.134
lastlocation:
  world: '1_9'
  x: 3968.637180991205
  y: 77.0
  z: 553.6204450761353
  yaw: -63.25305
  pitch: 12.449963
homes:
  home:
    world: '1_9'
    x: 1324.699999988079
    y: 88.0
    z: -82.67284247039606
    yaw: -300.29843
    pitch: 15.150041
  mine:
    world: '1_9'
    x: 1371.597698942792
    y: 5.0
    z: -131.69999998807904
    yaw: 177.90291
    pitch: 20.700003
logoutlocation:
  world: '1_9'
  x: 52.263000399434624
  y: 63.0
  z: -271.30000001192093
  yaw: -30.750006
  pitch: -2.399985
afk: false
