lastlocation:
  world: testingnew
  x: 321.8847329598742
  y: 65.0
  z: 73.76169582115836
  yaw: 14.319153
  pitch: -56.492798
lastAccountName: hawkeye1
timestamps:
  login: 1457191688448
  lastteleport: 1457192148239
  logout: 1457192173901
ipAddress: 92.238.33.92
afk: false
homes:
  home:
    world: testingnew
    x: -248.7028137228937
    y: 68.0
    z: 82.19335224732238
    yaw: -188.3252
    pitch: 32.97531
logoutlocation:
  world: testingnew
  x: 329.7824678302018
  y: 64.0
  z: 75.5090110511519
  yaw: -88.56603
  pitch: 2.5988708
