lastAccountName: master_014
timestamps:
  login: 1409500238322
  logout: 1409500329353
  lastteleport: 1407772372788
ipAddress: 24.45.85.5
lastlocation:
  world: wooftywoo
  x: 91.50362276441389
  y: 78.0
  z: 170.21490727653912
  yaw: 172.35016
  pitch: 44.250034
logoutlocation:
  world: creative
  x: -1297.300000011921
  y: 80.0
  z: -1384.4617648502579
  yaw: -104.51831
  pitch: 22.719784
nickname: BITCH
