lastAccountName: joshking78
timestamps:
  login: 1462320548036
  logout: 1462320793721
  lastteleport: 1462320633078
ipAddress: 50.150.87.140
lastlocation:
  world: '1_9'
  x: 65.25157678183648
  y: 61.0
  z: -275.31855768032926
  yaw: 145.49942
  pitch: 16.199972
logoutlocation:
  world: '1_9'
  x: -72.50478308316119
  y: 67.0
  z: -317.0197671783223
  yaw: 12.150162
  pitch: 4.049998
afk: false
nickname: §4J§0a§4w§0s§4h
