lastAccountName: steve65598
timestamps:
  login: 1437196170152
  lastteleport: 1437196534016
  logout: 1437197141036
ipAddress: 73.193.88.159
lastlocation:
  world: creative
  x: 25018.702576493655
  y: 80.0
  z: 24178.77972282658
  yaw: 264.0008
  pitch: 25.35001
logoutlocation:
  world: anarchy
  x: 32.30000001192093
  y: 63.0
  z: 81.72173863613514
  yaw: 172.94992
  pitch: 13.199932
