timestamps:
  login: 1400977715592
  logout: 1400977978326
  lastteleport: 1400977732673
ipAddress: 199.193.117.81
lastlocation:
  world: creative
  x: -208.00605065109517
  y: 43.0
  z: 236.64754109777493
  yaw: -343.05
  pitch: 24.299994
logoutlocation:
  world: wooftywoo
  x: 527.2332877571439
  y: 59.0
  z: 40.14754880173379
  yaw: -306.30014
  pitch: -4.5000186
lastAccountName: quintalis
