lastAccountName: Zorns562
timestamps:
  login: 1437839145412
  lastteleport: 1437839410417
  logout: 1437839814369
ipAddress: 66.214.21.117
lastlocation:
  world: flat
  x: 55.369140426951276
  y: 4.0
  z: 156.38211559412673
  yaw: -346.20084
  pitch: -6.6000004
logoutlocation:
  world: flat
  x: -206.70881500737494
  y: 4.0
  z: 107.64391908771671
  yaw: 76.34958
  pitch: 8.99996
