lastAccountName: TwerkingBobbs
timestamps:
  login: 1432419257857
  lastteleport: 1432418764618
  logout: 1432419304213
ipAddress: 97.94.154.81
lastlocation:
  world: wooftywoo
  x: -1245.7322898083069
  y: 103.0
  z: -6232.506266618679
  yaw: 25.949219
  pitch: -8.400017
logoutlocation:
  world: wooftywoo
  x: -338.8558194144237
  y: 119.0
  z: 1048.027523662024
  yaw: 235.35028
  pitch: 43.95005
