lastAccountName: SeismicPixel1
timestamps:
  login: 1434294759672
  lastteleport: 1434258203720
  logout: 1434294761721
ipAddress: 108.45.132.188
lastlocation:
  world: creative
  x: 25019.886893481646
  y: 80.0
  z: 24177.681563872604
  yaw: -52.349167
  pitch: 43.200184
logoutlocation:
  world: wooftywoo
  x: -1240.1506468324574
  y: 93.0
  z: -6278.141223037908
  yaw: 93.29834
  pitch: -5.8501086
