lastAccountName: CopDon
timestamps:
  login: 1460430196843
  lastteleport: 1460430203139
  logout: 1460430231874
ipAddress: 162.225.222.212
lastlocation:
  world: survival
  x: -15.886105859663356
  y: 69.0625
  z: -50.35041423872619
  yaw: 86.2502
  pitch: 1.499993
logoutlocation:
  world: '1_9'
  x: 131.3280586469041
  y: 67.0
  z: -318.25147198183737
  yaw: 168.5307
  pitch: 51.094193
