lastAccountName: Graser100cp
timestamps:
  login: 1410210802035
  logout: 1410210997377
  lastteleport: 1410210996032
ipAddress: 73.191.104.15
lastlocation:
  world: wooftywoo
  x: 1004.1945913644969
  y: 76.0
  z: 2005.0461184444487
  yaw: 118.39225
  pitch: 41.279682
logoutlocation:
  world: wooftywoo
  x: 471.1701694150085
  y: 68.0
  z: 401.31418181871425
  yaw: -179.46999
  pitch: 29.358053
