lastAccountName: StrafePlayz_
timestamps:
  login: 1442532241527
  lastteleport: 1441480682362
  logout: 1442532245176
ipAddress: 144.172.144.215
lastlocation:
  world: wooftywoo
  x: -415.2066048081247
  y: 176.0
  z: 1175.6621122015429
  yaw: 265.04965
  pitch: -4.8000226
logoutlocation:
  world: survival
  x: -1.2815782614016324
  y: 72.0
  z: 6.990711353260532
  yaw: -146.8591
  pitch: 18.732388
