lastAccountName: GlobalMastermind
timestamps:
  login: 1445149247266
  lastteleport: 1445150307124
  logout: 1445150323071
ipAddress: 197.228.132.95
lastlocation:
  world: wooftywoo
  x: 3662.300000011921
  y: 64.0
  z: 5530.699999988079
  yaw: 36.893867
  pitch: -14.400008
logoutlocation:
  world: wooftywoo
  x: 3997.680552771078
  y: 91.0
  z: 4076.3266908162823
  yaw: 41.848537
  pitch: -0.6000036
