lastAccountName: PandasthkMC
timestamps:
  login: 1432752751560
  lastteleport: 1431480361750
  logout: 1432752778114
ipAddress: 190.195.171.165
lastlocation:
  world: creative
  x: 25409.847548551003
  y: 141.87066015104566
  z: 22762.393134976737
  yaw: -199.49911
  pitch: 52.650017
logoutlocation:
  world: creative
  x: 25223.924744851753
  y: 33.881999998092645
  z: 24231.139878961334
  yaw: -187.04855
  pitch: 90.0
teleportenabled: false
