lastAccountName: Xentax
timestamps:
  login: 1440669483822
  logout: 1440669508971
ipAddress: 176.12.97.8
lastlocation:
  world: wooftywoo
  x: 645.0
  y: 67.0
  z: 414.0
  yaw: 89.850006
  pitch: -1.949999
logoutlocation:
  world: survival
  x: -12.21836822267355
  y: 69.0
  z: -65.76418435478249
  yaw: -272.20447
  pitch: 14.859238
