lastAccountName: ShareBearz
timestamps:
  login: 1434502722252
  logout: 1434502750552
ipAddress: 69.204.224.18
lastlocation:
  world: wooftywoo
  x: 645.0
  y: 67.0
  z: 414.0
  yaw: 89.850006
  pitch: -1.949999
logoutlocation:
  world: wooftywoo
  x: -1202.5
  y: 63.0
  z: -6345.5
  yaw: -263.4677
  pitch: 36.9192
