lastAccountName: vWhakykid
timestamps:
  login: 1456605050728
  logout: 1456605551648
  lastteleport: 1456605501636
ipAddress: 89.205.8.183
lastlocation:
  world: survival
  x: -16.343287633779028
  y: 69.0
  z: -49.51774681700675
  yaw: -304.94995
  pitch: 23.99999
logoutlocation:
  world: creative
  x: 25088.90169079194
  y: 62.0
  z: 24150.684260206355
  yaw: -125.09907
  pitch: -36.449993
