lastAccountName: RepulsiveCurve
timestamps:
  login: 1465053144996
  lastteleport: 1465055758872
  logout: 1465055872970
ipAddress: 69.140.227.45
lastlocation:
  world: '1_9'
  x: 141.30698936207585
  y: 76.11527784299383
  z: -322.2054005227958
  yaw: 270.00037
  pitch: 63.449993
godmode: false
logoutlocation:
  world: '1_9'
  x: 147.72887243424756
  y: 63.0
  z: -322.82031079291687
  yaw: 292.2003
  pitch: 22.05
afk: false
nickname: Izzeh_Rep
homes:
  home:
    world: '1_9'
    x: 2495.8712018860965
    y: 69.0
    z: 255.67003702245486
    yaw: -255.17363
    pitch: 61.65001
