lastAccountName: alshamsiuae
timestamps:
  login: 1430317567489
  lastteleport: 1430317731224
  logout: 1430318387896
ipAddress: 92.96.255.40
lastlocation:
  world: wooftywoo
  x: 1207.471803098767
  y: 61.0
  z: -6469.709899813104
  yaw: 166.22188
  pitch: -73.24685
afk: false
logoutlocation:
  world: wooftywoo
  x: 1010.0451984281524
  y: 77.5
  z: 1996.3367407167245
  yaw: 92.96683
  pitch: 20.337135
