lastAccountName: TheLactoseWizard
timestamps:
  login: 1457912070731
  logout: 1457912405567
ipAddress: 68.191.44.32
logoutlocation:
  world: testingnew
  x: 359.9739288651204
  y: 75.0
  z: 551.5916851536867
  yaw: -112.95004
  pitch: 24.30012
