lastAccountName: myhause
timestamps:
  login: 1440969323557
  logout: 1440971082538
ipAddress: 78.132.255.202
lastlocation:
  world: wooftywoo
  x: 645.0
  y: 67.0
  z: 414.0
  yaw: 89.850006
  pitch: -1.949999
logoutlocation:
  world: survival
  x: -0.10478518183738544
  y: 71.0
  z: -11.03701960212789
  yaw: 307.56445
  pitch: 21.298746
