lastAccountName: SirRaphy
timestamps:
  login: 1431217228394
  logout: 1431217342578
ipAddress: 69.165.136.111
lastlocation:
  world: wooftywoo
  x: 645.0
  y: 67.0
  z: 414.0
  yaw: 89.850006
  pitch: -1.949999
nickname: SirRaphy
logoutlocation:
  world: wooftywoo
  x: -1255.5029431868707
  y: 103.0
  z: -6102.306900181159
  yaw: -197.80151
  pitch: 12.183763
