lastAccountName: JordyBoy87
timestamps:
  login: 1436399781908
  logout: 1436399819449
ipAddress: 68.114.221.232
lastlocation:
  world: wooftywoo
  x: 645.0
  y: 67.0
  z: 414.0
  yaw: 89.850006
  pitch: -1.949999
logoutlocation:
  world: anarchy
  x: 7.179811540278742
  y: 71.0
  z: 64.64057924698105
  yaw: -112.09867
  pitch: 21.176014
nickname: Jordy
