lastAccountName: jimgreen2
timestamps:
  login: 1460235387436
  lastteleport: 1460235425647
  logout: 1460235567521
ipAddress: 151.249.66.233
lastlocation:
  world: survival
  x: -17.64861024692369
  y: 69.0625
  z: -50.224822162752034
  yaw: -26.099792
  pitch: 26.099993
logoutlocation:
  world: '1_9'
  x: 71.69999998807907
  y: 52.0
  z: -257.30000001192093
  yaw: 152.84955
  pitch: 7.3499756
