lastAccountName: TropicalCrayonz
timestamps:
  login: 1432943886607
  lastteleport: 1432944048207
  logout: 1432944059682
ipAddress: 216.186.211.197
lastlocation:
  world: wooftywoo
  x: 541.885523443027
  y: 78.0
  z: -441.3817617075858
  yaw: -265.65723
  pitch: 55.85873
logoutlocation:
  world: wooftywoo
  x: -1213.1738651208077
  y: 53.04600167838154
  z: -6348.863847529792
  yaw: -317.3706
  pitch: 36.394474
