lastAccountName: blewout
timestamps:
  login: 1459891699231
  lastteleport: 1459892744392
  logout: 1459893020365
ipAddress: 184.4.184.196
lastlocation:
  world: flat
  x: 385.65826105724005
  y: 4.0
  z: 239.88173485037797
  yaw: -94.65112
  pitch: 17.850012
logoutlocation:
  world: '1_9'
  x: 1060.4302131134395
  y: 83.3921594104516
  z: -826.849104411893
  yaw: -27.892551
  pitch: 53.077744
