lastAccountName: eathotdog
timestamps:
  login: 1460868896747
  lastteleport: 1460869115978
  logout: 1460869593145
ipAddress: 58.182.209.48
lastlocation:
  world: '1_9'
  x: 15.432099369707778
  y: 64.0
  z: -313.30000001192093
  yaw: 355.9501
  pitch: 77.69998
logoutlocation:
  world: '1_9'
  x: -21.307182051431248
  y: 67.0
  z: -317.53986789487465
  yaw: 268.0481
  pitch: 19.95014
