lastAccountName: creper64
timestamps:
  login: 1466619302408
  lastteleport: 1466619180583
  logout: 1466620580591
ipAddress: 47.21.39.234
lastlocation:
  world: spawn
  x: -9.407364487570533
  y: 9.0
  z: -42.25985634103765
  yaw: -177.00035
  pitch: 25.350016
godmode: false
logoutlocation:
  world: '1_9'
  x: -123.98172743719431
  y: 67.0
  z: -317.4921035913268
  yaw: 280.95096
  pitch: 7.050008
