lastAccountName: Conqueringz
timestamps:
  login: 1465320690858
  logout: 1465320703105
ipAddress: 68.231.72.114
lastlocation:
  world: '1_9'
  x: 129.49683451067
  y: 67.0
  z: -317.550688110391
  yaw: 270.4503
  pitch: 2.9999967
logoutlocation:
  world: spawn
  x: 0.6721617747427657
  y: 10.0
  z: 0.8403943014401931
  yaw: -185.25041
  pitch: 9.449994
