lastAccountName: LEGOImp
timestamps:
  login: 1438204954716
  logout: 1438205138330
ipAddress: 70.162.253.66
lastlocation:
  world: wooftywoo
  x: 645.0
  y: 67.0
  z: 414.0
  yaw: 89.850006
  pitch: -1.949999
logoutlocation:
  world: wooftywoo
  x: -1285.234564945482
  y: 103.0
  z: -6107.776390326652
  yaw: -76.332886
  pitch: 11.910005
