lastAccountName: DMANX00
timestamps:
  login: 1407623520639
  lastteleport: 1407623770275
  logout: 1407623951323
ipAddress: 71.175.84.207
lastlocation:
  world: wooftywoo
  x: 4020.1300173496165
  y: 91.0
  z: 4013.699999988079
  yaw: -88.19445
  pitch: 23.55096
logoutlocation:
  world: wooftywoo
  x: -490.8753193107236
  y: 72.0
  z: 1724.1370713257459
  yaw: 97.35959
  pitch: 61.61335
