lastAccountName: jk15543
timestamps:
  login: 1424396623277
  lastteleport: 1424211937993
  logout: 1424396704786
ipAddress: 173.49.245.32
lastlocation:
  world: wooftywoo
  x: 251.4598603304035
  y: 64.875
  z: -2161.0518304975967
  yaw: 21.610828
  pitch: 41.932007
money: '6853.25'
afk: false
homes:
  home:
    world: wooftywoo
    x: -284.5709102654876
    y: 75.5
    z: -388.77760315893187
    yaw: -8.360596
    pitch: 13.649957
logoutlocation:
  world: wooftywoo
  x: -273.28947987715924
  y: 14.0
  z: -355.98838324743673
  yaw: 221.41064
  pitch: 77.829956
