lastAccountName: Mulwala_player20
timestamps:
  login: 1463910732742
  logout: 1463911014549
  lastteleport: 1463910959700
ipAddress: 137.147.51.41
lastlocation:
  world: wooftywoo
  x: 4000.395388642907
  y: 91.0
  z: 4088.33070542013
  yaw: -91.65145
  pitch: 7.800001
logoutlocation:
  world: spawnworld
  x: 0.5
  y: 10.0
  z: 0.5
  yaw: -179.55048
  pitch: 1.6499957
godmode: false
