lastAccountName: patcurrie30
timestamps:
  login: 1430338372990
  lastteleport: 1430338427166
  logout: 1430338506426
ipAddress: 24.147.214.110
lastlocation:
  world: wooftywoo
  x: 1029.3573803340764
  y: 66.0
  z: 1575.300000011921
  yaw: -23.556034
  pitch: 81.15
nickname: Scot
logoutlocation:
  world: wooftywoo
  x: 1050.1286568623184
  y: 65.0
  z: 1775.8708441853955
  yaw: -3.0056458
  pitch: 57.300037
