lastAccountName: friskylemon
timestamps:
  login: 1465782847823
  lastteleport: 1465790430589
  lastheal: 1465787622997
  logout: 1465791053894
ipAddress: 72.228.34.37
lastlocation:
  world: '1_9'
  x: -1746.3161406800748
  y: 73.0
  z: 91.17831465526932
  yaw: -1.5771484
  pitch: 14.09996
godmode: false
afk: false
logoutlocation:
  world: '1_9'
  x: -2806.845853484618
  y: 69.0
  z: -1793.0038708663049
  yaw: -341.8886
  pitch: 19.049974
