lastAccountName: bryden207
timestamps:
  login: 1430321342266
  logout: 1430321794963
  lastteleport: 1430321590162
ipAddress: 173.30.34.106
lastlocation:
  world: flat
  x: 796.7263956876268
  y: 4.0625
  z: -549.5668262562203
  yaw: -245.26979
  pitch: 31.049994
logoutlocation:
  world: creative
  x: 26823.41287370763
  y: 152.0
  z: 23769.888565978825
  yaw: -338.25034
  pitch: 16.500105
