lastAccountName: apbuggy6
timestamps:
  login: 1465309963284
  logout: 1465310024404
ipAddress: 173.162.76.165
lastlocation:
  world: '1_9'
  x: 129.49683451067
  y: 67.0
  z: -317.550688110391
  yaw: 270.4503
  pitch: 2.9999967
logoutlocation:
  world: spawn
  x: -2.5070964390518213
  y: 9.0
  z: -36.83567813281729
  yaw: -213.02388
  pitch: 36.291992
