lastAccountName: darthman_1
timestamps:
  login: 1465249253775
  lastteleport: 1465250846433
  logout: 1465250884647
ipAddress: 24.30.15.91
lastlocation:
  world: spawn
  x: 61.124311029390434
  y: 9.0
  z: 1.6579761128670825
  yaw: -271.80048
  pitch: 15.899992
godmode: false
logoutlocation:
  world: wooftywoo
  x: 3999.9304286772463
  y: 91.0
  z: 4123.034970875538
  yaw: -13.801176
  pitch: -1.8000103
