lastAccountName: seppie797
timestamps:
  login: 1454072414626
  lastteleport: 1454073852095
  logout: 1454073852895
ipAddress: 87.195.82.8
lastlocation:
  world: wooftywoo
  x: 3000.239822788795
  y: 119.73305321443952
  z: 6089.75498122964
  yaw: 15.7488165
  pitch: -23.550009
logoutlocation:
  world: wooftywoo
  x: 3000.5
  y: 200.0
  z: 5997.5
  yaw: -1.0511842
  pitch: 8.099995
homes:
  home:
    world: wooftywoo
    x: 848.6226243189727
    y: 54.0
    z: 2348.305050406605
    yaw: 342.856
    pitch: 6.6001735
