lastAccountName: awsxdr12
timestamps:
  login: 1428197403567
  logout: 1428197483744
  lastteleport: 1428197477346
ipAddress: 71.56.152.55
lastlocation:
  world: wooftywoo
  x: 1007.6939704461391
  y: 76.0
  z: 2001.354141267705
  yaw: 245.24455
  pitch: 25.94998
logoutlocation:
  world: wooftywoo
  x: 3999.8950586071574
  y: 91.0
  z: 4080.4335609211503
  yaw: -349.65024
  pitch: 17.549997
