lastAccountName: 88888u
timestamps:
  login: 1429998622495
  lastteleport: 1429299693406
  logout: 1429999490553
ipAddress: 99.249.195.118
lastlocation:
  world: wooftywoo
  x: 1004.9033629312951
  y: 76.0
  z: 2002.6428963830226
  yaw: -220.35544
  pitch: 21.899992
logoutlocation:
  world: creative
  x: 25027.195858939423
  y: 66.0
  z: 24239.705590742913
  yaw: -128.09534
  pitch: 13.799959
