lastAccountName: giantcanvas
timestamps:
  login: 1464588914377
  lastteleport: 1464588937067
  logout: 1464589195736
ipAddress: 108.243.145.21
lastlocation:
  world: '1_9'
  x: -212.2281486195041
  y: 64.0
  z: -317.35109411225926
  yaw: -88.34915
  pitch: -1.0500243
godmode: false
logoutlocation:
  world: '1_9'
  x: -218.53172901102053
  y: 66.60956799090576
  z: -314.45236705904284
  yaw: -1.049164
  pitch: 85.65
