lastAccountName: _Newbie
timestamps:
  login: 1433971892762
  lastteleport: 1433971978794
  logout: 1433972219677
ipAddress: 173.79.33.231
lastlocation:
  world: wooftywoo
  x: -1202.1395636155607
  y: 63.0
  z: -6348.699999988079
  yaw: -177.9464
  pitch: -3.4499912
logoutlocation:
  world: flat
  x: 136.17741582090855
  y: 65.0
  z: -319.1741452022018
  yaw: 19.14665
  pitch: 25.817148
