lastAccountName: Claythos
timestamps:
  login: 1431220650265
  lastteleport: 1431220735878
  logout: 1431221158665
ipAddress: 73.17.174.146
lastlocation:
  world: wooftywoo
  x: -1215.0636926413465
  y: 63.0
  z: -6349.437279128915
  yaw: -181.05058
  pitch: 2.3999255
logoutlocation:
  world: wooftywoo
  x: 426.4459460916088
  y: 66.0
  z: 826.5250830004368
  yaw: -66.49335
  pitch: 12.30006
