lastAccountName: JeffTheKiller966
timestamps:
  login: 1428787409993
  logout: 1428787472034
ipAddress: 95.246.105.210
lastlocation:
  world: wooftywoo
  x: 1031.9765310240691
  y: 65.0
  z: 1678.5026034009732
  yaw: -25.356064
  pitch: 1.3500142
logoutlocation:
  world: wooftywoo
  x: 1006.6967688445517
  y: 66.5
  z: 2002.2001270382545
  yaw: -111.155464
  pitch: 5.849999
