timestamps:
  login: 1398289722086
  logout: 1398289739207
  lastteleport: 1393117187085
ipAddress: 173.16.12.212
logoutlocation:
  world: wooftywoo
  x: -1373.8481743476398
  y: 66.0
  z: 6387.565960395602
  yaw: 289.14606
  pitch: 25.89524
lastlocation:
  world: wooftywoo
  x: -1015.3026950174923
  y: 77.0
  z: 6185.392367965415
  yaw: -48.54077
  pitch: 24.192389
homes:
  home:
    world: wooftywoo
    x: -1379.2184109231305
    y: 66.0
    z: 6386.571096780847
    yaw: 171.77625
    pitch: 29.446262
lastAccountName: charlott_lemonds
