lastAccountName: iDizzyZz
timestamps:
  login: 1448328112151
  lastteleport: 1448328173243
  logout: 1448328237689
ipAddress: 173.217.102.24
lastlocation:
  world: survival
  x: 0.4905825359892333
  y: 71.0
  z: -8.121140276412465
  yaw: -180.29994
  pitch: 3.5999942
logoutlocation:
  world: survival
  x: 1.10421953051374
  y: 69.0
  z: -17.851218477540172
  yaw: -356.40005
  pitch: -18.30001
