lastAccountName: jennibs
timestamps:
  login: 1462654841242
  logout: 1462654893746
ipAddress: 184.160.232.87
lastlocation:
  world: '1_9'
  x: 129.49683451067
  y: 67.0
  z: -317.550688110391
  yaw: 270.4503
  pitch: 2.9999967
logoutlocation:
  world: spawnworld
  x: 6.8106504586576575
  y: 9.0
  z: -21.68966516591575
  yaw: -75.90057
  pitch: 9.44999
