lastAccountName: willkipz
timestamps:
  login: 1450639876064
  lastteleport: 1440795432034
  logout: 1450639891285
  lastheal: 1440792479118
ipAddress: 94.194.34.29
lastlocation:
  world: wooftywoo
  x: -564.3000000119209
  y: 17.0
  z: 583.8928075397441
  yaw: -13.95013
  pitch: 31.649794
logoutlocation:
  world: survival
  x: -593.9835371489856
  y: 71.0
  z: -302.60355968528125
  yaw: -334.19403
  pitch: 26.849833
money: '87005.0'
afk: false
homes:
  home:
    world: survival
    x: -594.3755813584459
    y: 71.0
    z: -300.24065896494125
    yaw: -180.74635
    pitch: 13.349955
