lastAccountName: MegaJellyPants
timestamps:
  login: 1430256790179
  lastteleport: 1430256904885
  logout: 1430257210679
ipAddress: 31.209.148.55
lastlocation:
  world: wooftywoo
  x: 1045.6131250092276
  y: 65.0
  z: 1856.5453724373463
  yaw: -265.355
  pitch: 2.4000428
logoutlocation:
  world: wooftywoo
  x: 1011.0158097612644
  y: 76.0
  z: 2006.179717508625
  yaw: -182.10522
  pitch: 36.90011
