lastAccountName: explosivepickle7
timestamps:
  login: 1407775058768
  lastteleport: 1407772444888
  logout: 1407775138107
ipAddress: 69.117.191.136
lastlocation:
  world: wooftywoo
  x: 91.5617877166827
  y: 78.0
  z: 169.68920281383956
  yaw: 181.65
  pitch: 62.10001
nickname: yomomsays
logoutlocation:
  world: creative
  x: -1243.8793190627323
  y: 121.59937412312988
  z: -1628.4321140677253
  yaw: -315.14972
  pitch: 62.250015
