timestamps:
  login: 1462853891002
  lastteleport: 1462854042843
  logout: 1462854362347
ipAddress: 69.5.109.112
lastlocation:
  world: spawnworld
  x: -42.08964163133306
  y: 9.0
  z: -5.847660320477518
  yaw: 88.79957
  pitch: 25.349993
logoutlocation:
  world: flat
  x: 428.6621996060111
  y: 9.381931981586925
  z: -12.88617218089695
  yaw: 90.29889
  pitch: 27.299797
homes:
  home:
    world: creative
    x: 57.48049332201739
    y: 83.0
    z: 700.3428808810074
    yaw: -201.44989
    pitch: 23.699959
lastAccountName: theMCkitty
