lastAccountName: OrangeCapital
timestamps:
  login: 1463684927472
  logout: 1463685119496
ipAddress: 92.16.41.237
lastlocation:
  world: '1_9'
  x: 129.49683451067
  y: 67.0
  z: -317.550688110391
  yaw: 270.4503
  pitch: 2.9999967
logoutlocation:
  world: '1_9'
  x: -169.00128454089628
  y: 48.0
  z: -321.73687965248604
  yaw: -93.29938
  pitch: 9.299993
