lastAccountName: Tayri123
timestamps:
  login: 1439822932266
  lastteleport: 1439823223501
  logout: 1439823413333
ipAddress: 81.82.47.79
lastlocation:
  world: wooftywoo
  x: -1202.4964038770884
  y: 63.0
  z: -6347.302380695843
  yaw: -181.20218
  pitch: 32.400024
logoutlocation:
  world: wooftywoo
  x: 500.9780832524051
  y: 35.0
  z: 233.63850193852298
  yaw: -76.24451
  pitch: 10.500092
