lastAccountName: Hoosier525
timestamps:
  login: 1411916012526
  logout: 1411916626873
ipAddress: 75.103.143.27
lastlocation:
  world: wooftywoo
  x: 1820.1753235585209
  y: 71.0
  z: -4490.702127661103
  yaw: 197.18349
  pitch: -6.5999646
logoutlocation:
  world: wooftywoo
  x: 1006.5
  y: 66.5
  z: 2002.5
  yaw: -93.005455
  pitch: 1.9499992
