lastAccountName: Bobbychew
timestamps:
  login: 1465858578606
  lastteleport: 1465863462851
  logout: 1465863712891
ipAddress: 68.50.172.162
lastlocation:
  world: '1_9'
  x: 16786.30000001192
  y: 57.0
  z: -6371.388520304668
  yaw: -32.575928
  pitch: -74.25001
money: '1800.0'
godmode: false
homes:
  home:
    world: '1_9'
    x: 16792.641502850394
    y: 54.0
    z: -6373.515419463408
    yaw: -76.97585
    pitch: 10.526752
logoutlocation:
  world: '1_9'
  x: -36.89231050048147
  y: 68.45604663572168
  z: -317.0714849679399
  yaw: 138.15329
  pitch: 49.349964
