lastAccountName: sava4321
timestamps:
  login: 1413910844714
  lastteleport: 1413899121862
  logout: 1413912707823
ipAddress: 84.40.80.207
lastlocation:
  world: wooftywoo
  x: 1004.5450473037989
  y: 76.0
  z: 2002.9621197709605
  yaw: 135.8945
  pitch: 27.900007
logoutlocation:
  world: flat
  x: 30.92736269127086
  y: 4.0
  z: -58.293395787075625
  yaw: 148.96088
  pitch: 2.5499887
afk: false
