timestamps:
  login: 1389506785046
  logout: 1389507409225
ipAddress: 112.118.97.254
logoutlocation:
  world: wooftywoo
  x: -4009.699999988079
  y: 83.0
  z: 974.3000000119209
  yaw: -192.68591
  pitch: 21.219152
lastAccountName: drcobra
