lastAccountName: Diamondlock5
timestamps:
  login: 1466095690922
  lastteleport: 1466094711110
  logout: 1466095705629
ipAddress: 86.154.69.115
lastlocation:
  world: spawn
  x: -9.072101903232149
  y: 9.0
  z: -42.20542111955627
  yaw: -168.75038
  pitch: 38.399998
godmode: false
logoutlocation:
  world: '1_9'
  x: -242.4876031533483
  y: 45.47751672994998
  z: -313.3707776484783
  yaw: -17.999924
  pitch: 8.699976
