lastAccountName: ScarceDreams
timestamps:
  login: 1434516262782
  lastteleport: 1434517837827
  logout: 1434517954551
ipAddress: 98.236.14.174
lastlocation:
  world: wooftywoo
  x: 645.0
  y: 69.0
  z: 414.0
  yaw: 89.850006
  pitch: -1.949999
logoutlocation:
  world: wooftywoo
  x: 645.0
  y: 69.0
  z: 414.0
  yaw: 89.850006
  pitch: -1.4999989
