lastAccountName: SlateTadpole27
timestamps:
  login: 1408527550834
  logout: 1408527609215
ipAddress: 108.77.204.251
lastlocation:
  world: wooftywoo
  x: 1006.5124499771247
  y: 75.5
  z: 1994.379609662497
  yaw: -181.34966
  pitch: 0.59998703
logoutlocation:
  world: wooftywoo
  x: -359.35714677709603
  y: 201.0
  z: 1004.3088111469685
  yaw: 30.689472
  pitch: 15.861583
nickname: doofus
