lastAccountName: AiraBrine
timestamps:
  login: 1409267914010
  lastteleport: 1409269154228
  logout: 1409270121879
ipAddress: 173.88.64.153
lastlocation:
  world: flat
  x: 796.8862410223993
  y: 4.0
  z: -528.2055555975604
  yaw: 248.68007
  pitch: 18.59999
logoutlocation:
  world: wooftywoo
  x: 1005.082149846308
  y: 66.0
  z: 2002.4849235997535
  yaw: 181.94452
  pitch: 24.149992
afk: false
