lastAccountName: RiceHOFer
timestamps:
  login: 1460499722277
  lastteleport: 1460077002161
  logout: 1460501381947
ipAddress: 50.140.237.169
lastlocation:
  world: '1_9'
  x: 137.30000001192093
  y: 76.0
  z: -1163.745897038394
  yaw: 23.677856
  pitch: 29.839516
afk: false
homes:
  home:
    world: '1_9'
    x: 219.52554927510778
    y: 88.0
    z: -1139.3786409909208
    yaw: 15.7854
    pitch: 15.918065
  oldhome:
    world: survival
    x: 1275.5
    y: 78.0
    z: -521.5
    yaw: 35.253487
    pitch: 45.599937
  oldesthome:
    world: crapcakesandapplesauce
    x: 250.3368846960866
    y: 90.0
    z: 515.6140292930186
    yaw: 153.9001
    pitch: 13.650013
logoutlocation:
  world: '1_9'
  x: 219.74713332691175
  y: 88.0
  z: -1146.7624073901547
  yaw: -242.55603
  pitch: 27.02186
