lastAccountName: uber_knight
timestamps:
  login: 1465760455036
  lastteleport: 1465762232235
  logout: 1465762411385
  mute: 0
ipAddress: 68.46.176.63
lastlocation:
  world: '1_9'
  x: 129.5
  y: 67.0
  z: -317.5
  yaw: -90.59996
  pitch: 5.399978
godmode: false
homes:
  home:
    world: '1_9'
    x: -381.50281839131475
    y: 162.0
    z: 1614.0190132168354
    yaw: 277.3554
    pitch: 25.65005
logoutlocation:
  world: plots
  x: 218.47689258701476
  y: 92.75178390334713
  z: 83.47985117867212
  yaw: 174.3814
  pitch: 6.4499803
afk: false
muted: false
