lastAccountName: Waldocooper
timestamps:
  login: 1426953889265
  logout: 1426953923071
ipAddress: 98.199.151.103
lastlocation:
  world: wooftywoo
  x: 645.0
  y: 67.0
  z: 414.0
  yaw: 89.850006
  pitch: -1.949999
logoutlocation:
  world: wooftywoo
  x: 1043.6717031078458
  y: 65.0
  z: 1597.8141691609715
  yaw: 83.84354
  pitch: 7.499998
