lastAccountName: epe07
timestamps:
  login: 1409994120287
  lastteleport: 1409983977147
  logout: 1409994206244
ipAddress: 85.76.140.55
lastlocation:
  world: flat
  x: 796.5289637843401
  y: 5.042076941112565
  z: -539.533252085115
  yaw: -270.65347
  pitch: 57.139206
afk: false
logoutlocation:
  world: wooftywoo
  x: 999.1632697500347
  y: 67.5
  z: 2005.039671672215
  yaw: 328.45367
  pitch: 13.695571
