lastAccountName: _Gibs
timestamps:
  login: 1458673246205
  lastteleport: 1458673922611
  logout: 1458674030138
ipAddress: 70.26.177.122
lastlocation:
  world: flat
  x: -39.642852747661365
  y: 4.0
  z: 773.5027810835745
  yaw: -99.376305
  pitch: 21.427399
homes:
  home:
    world: flat
    x: -40.99016628713032
    y: 4.0
    z: 773.4722853955831
    yaw: -89.59323
    pitch: 18.665121
  gaybs:
    world: survival
    x: 917.5803267744861
    y: 22.0
    z: 100.56197328934766
    yaw: 322.55835
    pitch: 7.255242
  castle:
    world: survival
    x: 767.4385569796017
    y: 85.0
    z: 116.8948324948064
    yaw: -272.57095
    pitch: 29.06695
  forest:
    world: survival
    x: 749.6827001098086
    y: 70.0
    z: 217.42059402426977
    yaw: 163.60248
    pitch: 8.167488
logoutlocation:
  world: survival
  x: 793.244983714278
  y: 11.0
  z: 163.6073909099204
  yaw: 17.555664
  pitch: 7.4769125
afk: false
