lastAccountName: _EDizzle_
timestamps:
  login: 1460690489511
  lastteleport: 1460690652610
  logout: 1460691283485
ipAddress: 198.53.174.62
lastlocation:
  world: '1_9'
  x: 81.4222074417462
  y: 64.0
  z: -313.6286417085369
  yaw: -6.7498555
  pitch: 60.299988
logoutlocation:
  world: '1_9'
  x: 131.5
  y: 67.0
  z: -318.5
  yaw: 89.10015
  pitch: 3.7499967
