lastAccountName: 1Tess1
timestamps:
  login: 1465790432911
  logout: 1465791023287
  lastteleport: 1465783168373
  lastheal: 1465784220408
ipAddress: 24.69.105.134
lastlocation:
  world: '1_9'
  x: 126.99010074171578
  y: 68.0
  z: -320.1250383204956
  yaw: 55.500275
  pitch: 9.600006
logoutlocation:
  world: '1_9'
  x: -2816.744113358953
  y: 76.9931355636394
  z: -1790.9027215693484
  yaw: 83.06128
  pitch: 11.399988
godmode: false
afk: false
