lastlocation:
  world: survival
  x: -17.558405688221953
  y: 69.0
  z: -48.963855121269155
  yaw: -320.84955
  pitch: 45.75
lastAccountName: tunnelmaster28
timestamps:
  login: 1458518877910
  lastteleport: 1458519051715
  logout: 1458519209948
ipAddress: 75.65.190.52
logoutlocation:
  world: creative
  x: 25234.499394863484
  y: 76.88008417960495
  z: 24090.136582283103
  yaw: 22.050415
  pitch: 28.349976
