lastAccountName: XxMilfhunterxX
timestamps:
  login: 1463174206712
  logout: 1463174243372
ipAddress: 79.221.63.157
lastlocation:
  world: spawnworld
  x: 20.519587269304584
  y: 9.0
  z: -18.296361650064146
  yaw: -93.15043
  pitch: 3.1499937
logoutlocation:
  world: '1_9'
  x: 129.5
  y: 67.0
  z: -317.5
  yaw: 75.75003
  pitch: 6.449979
