lastAccountName: _SkyplayzMC_
timestamps:
  login: 1457738242769
  lastteleport: 1457738468511
  logout: 1457738613789
ipAddress: 73.131.239.125
lastlocation:
  world: testingnew
  x: 315.2086203693846
  y: 64.0
  z: 86.01151644957486
  yaw: -175.64641
  pitch: -13.950034
logoutlocation:
  world: testingnew
  x: 324.02297279913927
  y: 65.0
  z: 78.09047864194758
  yaw: -172.19672
  pitch: -10.050003
