lastAccountName: JessPlayzMC
timestamps:
  login: 1431804106352
  lastteleport: 1431806135463
  logout: 1431806158815
ipAddress: 2.29.219.207
lastlocation:
  world: wooftywoo
  x: 3024.2748175009324
  y: 2.0
  z: -3034.638332357563
  yaw: -32.40158
  pitch: 44.549988
afk: false
logoutlocation:
  world: wooftywoo
  x: -1246.2185882472509
  y: 103.0
  z: -6243.826720350239
  yaw: -182.40054
  pitch: 7.9499946
