lastAccountName: Kattih
timestamps:
  login: 1431662598122
  lastteleport: 1430316545751
  logout: 1431662613454
ipAddress: 31.211.210.111
lastlocation:
  world: wooftywoo
  x: 484.80830148179814
  y: 76.50997287970411
  z: 97.98578659653731
  yaw: 15.255674
  pitch: 9.599911
nickname: Mint
afk: false
logoutlocation:
  world: creative
  x: 12420.097502367567
  y: 69.0
  z: 47991.99944251874
  yaw: 276.69595
  pitch: 14.39512
homes:
  home:
    world: creative
    x: 12419.967585321967
    y: 78.44680187936103
    z: 47986.2473315815
    yaw: 282.28217
    pitch: 38.699932
