lastAccountName: Mr_Catsberg
timestamps:
  login: 1442157125541
  lastteleport: 1442067754478
  logout: 1442159116284
ipAddress: 88.90.11.74
lastlocation:
  world: survival
  x: -17.62330475881047
  y: 69.0
  z: -47.369359457861314
  yaw: 20.293055
  pitch: 6.73419
homes:
  home:
    world: wooftywoo
    x: -151.69999998807907
    y: 64.0
    z: 187.30000001192093
    yaw: -16.578465
    pitch: 25.492981
logoutlocation:
  world: wooftywoo
  x: -109.34748278762531
  y: 64.0
  z: 165.54932352706828
  yaw: 147.16724
  pitch: 34.926918
afk: false
