lastAccountName: piggleywiggley99
timestamps:
  login: 1434998930771
  logout: 1434999002091
  lastteleport: 1434998978270
ipAddress: 97.93.142.152
lastlocation:
  world: wooftywoo
  x: -1201.8743357992757
  y: 63.0
  z: -6348.300000011921
  yaw: -200.85216
  pitch: 52.65001
logoutlocation:
  world: wooftywoo
  x: 489.7375578657692
  y: 68.0
  z: 370.3213702792465
  yaw: -234.04433
  pitch: 47.250008
