lastAccountName: MagicmineECYT
timestamps:
  login: 1461803489392
  lastteleport: 1461803547242
  logout: 1461803602557
ipAddress: 173.171.32.238
lastlocation:
  world: wooftywoo
  x: 1162.1866732411959
  y: 68.0
  z: -4029.3839717949254
  yaw: -277.61624
  pitch: 20.827623
logoutlocation:
  world: wooftywoo
  x: 1198.8571742121499
  y: 73.0
  z: -4178.806704092869
  yaw: -31.056684
  pitch: 5.4308143
