lastAccountName: COOKIEMONSTER102
timestamps:
  login: 1423792259808
  lastteleport: 1423617347464
  logout: 1423792468207
ipAddress: 208.66.13.95
lastlocation:
  world: wooftywoo_the_end
  x: 282.6997159218799
  y: -36.90997584747744
  z: 1.4124843981955062
  yaw: -92.47899
  pitch: 76.30851
homes:
  enderman:
    world: wooftywoo_the_end
    x: 302.345027074623
    y: 49.0
    z: 0.2555024466375668
    yaw: 275.92145
    pitch: 18.258492
  home:
    world: wooftywoo
    x: 4399.27445542454
    y: 78.0
    z: -37.63674774605191
    yaw: 273.35748
    pitch: 24.15004
  mine:
    world: wooftywoo
    x: 4436.699999988079
    y: 12.0
    z: -114.69999998807907
    yaw: 103.25714
    pitch: 59.99995
logoutlocation:
  world: wooftywoo
  x: 4403.345135153688
  y: 78.0
  z: -34.60637192777046
  yaw: -174.39163
  pitch: 23.09987
afk: false
