lastAccountName: Ellis3598
timestamps:
  login: 1434045709184
  lastteleport: 1434045931531
  logout: 1434046057899
ipAddress: 184.2.215.173
lastlocation:
  world: wooftywoo
  x: 175.60660925444645
  y: 63.0
  z: 256.51163680884497
  yaw: -215.73935
  pitch: 9.749972
logoutlocation:
  world: wooftywoo
  x: 207.5
  y: 68.0
  z: 261.5
  yaw: -196.09619
  pitch: 20.999989
nickname: Ellis3598
afk: false
homes:
  home:
    world: wooftywoo
    x: 207.5413291879389
    y: 68.0
    z: 261.94059752130215
    yaw: -221.59595
    pitch: 32.999985
