lastAccountName: Matipus
timestamps:
  login: 1439553855141
  lastteleport: 1439553826898
  logout: 1439553883115
ipAddress: 159.8.170.6
lastlocation:
  world: crapcakesandapplesauce_the_end
  x: 1.053047669517182
  y: 62.0
  z: 3.8281387692156286
  yaw: 106.94999
  pitch: -16.050007
logoutlocation:
  world: wooftywoo
  x: -1210.7120027677347
  y: 63.0
  z: -6346.677788625687
  yaw: -88.228386
  pitch: 11.696411
