lastAccountName: EagleeEyee
timestamps:
  login: 1424282434889
  lastteleport: 1424282549921
  logout: 1424282738517
ipAddress: 73.161.30.200
lastlocation:
  world: wooftywoo
  x: 469.4441898916074
  y: 68.0
  z: 396.07320953961863
  yaw: 2.5054932
  pitch: 4.3500204
afk: false
logoutlocation:
  world: wooftywoo
  x: -754.4769900028301
  y: 64.0
  z: -672.5415485296783
  yaw: -76.55615
  pitch: -16.800005
money: '99950.0'
nickname: Connor
