timestamps:
  login: 1394971830385
  logout: 1394971888819
  lastteleport: 1394971844619
ipAddress: 212.45.115.146
lastlocation:
  world: wooftywoo
  x: 625.0396016425716
  y: 67.0
  z: 391.5498591179996
  yaw: -31.355225
  pitch: 21.005539
logoutlocation:
  world: wooftywoo
  x: 2071.8804164103017
  y: 64.11607359984141
  z: 212.69999998807907
  yaw: 67.63712
  pitch: 29.214897
lastAccountName: ally73
