lastAccountName: Rickimon
timestamps:
  login: 1430592998131
  logout: 1430593023560
  lastteleport: 1430588007222
ipAddress: 86.45.173.105
lastlocation:
  world: creative
  x: 953.6089793780806
  y: 8.031352570231803
  z: 1121.1288775629919
  yaw: -48.90525
  pitch: 74.99998
logoutlocation:
  world: creative
  x: 954.5191829927692
  y: 137.61860935137108
  z: 1122.2740234525722
  yaw: 272.69632
  pitch: -90.0
