lastAccountName: joshuacl9
timestamps:
  login: 1430243217839
  lastteleport: 1430243380684
  logout: 1430243874192
ipAddress: 46.243.27.226
lastlocation:
  world: wooftywoo
  x: 1046.2641524830872
  y: 65.0
  z: 1856.81745233872
  yaw: -258.15546
  pitch: 3.900036
logoutlocation:
  world: wooftywoo
  x: 1006.6665067071405
  y: 66.0
  z: 2003.671677819841
  yaw: -270.00546
  pitch: 8.249998
