timestamps:
  login: 1407288918072
  lastteleport: 1407286064990
  logout: 1407288965898
  mute: 0
ipAddress: 68.51.59.139
lastlocation:
  world: wooftywoo
  x: 1006.4083762049476
  y: 76.0
  z: 1996.5395671927306
  yaw: 351.15
  pitch: 10.949998
logoutlocation:
  world: wooftywoo
  x: -2650.199371673697
  y: 75.0
  z: -2524.757995675562
  yaw: 295.926
  pitch: 37.199997
homes:
  home:
    world: wooftywoo
    x: -2635.9234123821893
    y: 66.0
    z: -2483.9897933999623
    yaw: -270.32434
    pitch: -1.9500153
nickname: Void_The_Violet
muted: false
godmode: false
lastAccountName: Void_Knight_1011
afk: false
