lastAccountName: ccnweb
timestamps:
  login: 1458056559487
  logout: 1458056848832
ipAddress: 178.122.207.163
lastlocation:
  world: testingnew
  x: 321.5
  y: 65.0
  z: 75.5
  yaw: -90.14667
  pitch: 3.4499857
logoutlocation:
  world: testingnew
  x: 282.28117278507875
  y: 76.0
  z: 132.4313178864785
  yaw: 169.20328
  pitch: 24.299982
