lastAccountName: Everett777
timestamps:
  login: 1442878732388
  lastteleport: 1442618869230
  logout: 1442878736235
ipAddress: 108.248.200.96
lastlocation:
  world: survival
  x: 1.5
  y: 72.0
  z: 10.5
  yaw: -180.00146
  pitch: 90.0
logoutlocation:
  world: survival
  x: 1.5218067252422358
  y: 72.0
  z: 8.707461535916735
  yaw: -219.45135
  pitch: 29.700008
nickname: Mr_Potatoo
