lastAccountName: Peter_Griffin
timestamps:
  login: 1460332199923
  lastteleport: 1460332753115
  logout: 1460332765837
ipAddress: 217.39.206.203
lastlocation:
  world: '1_9'
  x: 51.50044198036642
  y: 44.90879559705365
  z: -324.31648459011734
  yaw: 285.8991
  pitch: 24.29996
logoutlocation:
  world: survival
  x: 0.14606345174896102
  y: 70.0
  z: -48.30000001192093
  yaw: -29.849813
  pitch: 18.599985
