timestamps:
  login: 1392523638091
  logout: 1392523683041
  lastteleport: 1392523597391
ipAddress: 69.146.129.66
logoutlocation:
  world: wooftywoo
  x: 1790.2458283578853
  y: 62.0
  z: 6996.06574788787
  yaw: -198.6027
  pitch: 18.74999
homes:
  home:
    world: wooftywoo
    x: 1790.2458283578853
    y: 62.0
    z: 6996.06574788787
    yaw: -198.6027
    pitch: 18.74999
lastlocation:
  world: wooftywoo
  x: 1790.2458283578853
  y: 62.0
  z: 6996.06574788787
  yaw: -198.6027
  pitch: 18.74999
lastAccountName: popogiraffe03
