lastAccountName: RockyGaming
timestamps:
  login: 1440954497260
  logout: 1440954653215
ipAddress: 71.7.51.99
lastlocation:
  world: wooftywoo
  x: 645.0
  y: 67.0
  z: 414.0
  yaw: 89.850006
  pitch: -1.949999
logoutlocation:
  world: survival
  x: 7.3600126079891375
  y: 69.0
  z: -51.71939413515324
  yaw: -85.81238
  pitch: 9.471443
