lastAccountName: Lolsebspace
timestamps:
  login: 1433594820502
  lastteleport: 1433594836153
  logout: 1433595064566
ipAddress: 84.83.138.248
lastlocation:
  world: wooftywoo
  x: -1202.426154761252
  y: 63.0
  z: -6348.095811116265
  yaw: -186.31042
  pitch: 52.540794
logoutlocation:
  world: wooftywoo
  x: 847.4342978271673
  y: 34.30743181562221
  z: 393.42500001192093
  yaw: 189.97424
  pitch: -82.627205
