lastAccountName: PiggehDaKing
timestamps:
  login: 1466570472460
  lastteleport: 1466573453796
  logout: 1466573871971
ipAddress: 178.223.149.152
lastlocation:
  world: skywarslobby
  x: 4.941692313210078
  y: 78.0
  z: 15.613503445632475
  yaw: -267.7001
  pitch: 39.59904
godmode: false
homes:
  home:
    world: '1_9'
    x: -19.491792276184317
    y: 67.0
    z: -317.88948369517584
    yaw: 39.07472
    pitch: 8.676572
nickname: ยง4Obama
logoutlocation:
  world: spawn
  x: -27.693216167798504
  y: 9.0
  z: 0.6086932701596399
  yaw: -266.39673
  pitch: -3.7990077
