lastAccountName: ninjastar567
timestamps:
  login: 1466046579182
  lastteleport: 1466048990540
  lastheal: 1464894737981
  logout: 1466050290022
ipAddress: 72.197.64.211
lastlocation:
  world: plots
  x: 120.07408758933153
  y: 71.5442431629671
  z: -386.20677698819514
  yaw: 45.668213
  pitch: 16.649986
godmode: false
nickname: Ninja
logoutlocation:
  world: '1_9'
  x: -2026.8288717983853
  y: 69.0541375359831
  z: -2853.1228376273575
  yaw: 310.61377
  pitch: 12.0000925
afk: false
homes:
  home:
    world: '1_9'
    x: -2031.8725945745048
    y: 64.0
    z: -2854.41170736155
    yaw: 162.3432
    pitch: 25.814505
