lastlocation:
  world: wooftywoo
  x: 485.6462762904616
  y: 75.0
  z: 298.8634835702611
  yaw: 351.26788
  pitch: 22.065985
lastAccountName: jayson0987
timestamps:
  login: 1421469952624
  lastteleport: 1421470292542
  logout: 1421470292284
ipAddress: 104.220.22.243
logoutlocation:
  world: wooftywoo
  x: 1006.5
  y: 66.5
  z: 2002.5
  yaw: -90.37946
  pitch: -0.5528023
