lastAccountName: d_a_w_p
timestamps:
  login: 1432439989541
  logout: 1432440008243
ipAddress: 50.83.160.108
lastlocation:
  world: wooftywoo
  x: 645.0
  y: 67.0
  z: 414.0
  yaw: 89.850006
  pitch: -1.949999
logoutlocation:
  world: wooftywoo
  x: -1319.6796369394287
  y: 109.0
  z: -6085.048167030442
  yaw: 182.24915
  pitch: -3.2999318
