lastAccountName: TBNRCat
timestamps:
  login: 1464480468764
  lastteleport: 1464480521693
  logout: 1464480883851
ipAddress: 162.238.22.12
lastlocation:
  world: spawnworld
  x: -9.24959276361843
  y: 9.0
  z: -42.22156569776669
  yaw: -185.38124
  pitch: 18.554743
godmode: false
logoutlocation:
  world: '1_9'
  x: 131.69999998807907
  y: 67.0
  z: -316.07499998807907
  yaw: -332.92258
  pitch: 9.422754
