lastAccountName: cekovskahanka
timestamps:
  login: 1432330121562
  logout: 1432330216124
ipAddress: 80.76.161.155
lastlocation:
  world: wooftywoo
  x: 645.0
  y: 67.0
  z: 414.0
  yaw: 89.850006
  pitch: -1.949999
logoutlocation:
  world: wooftywoo
  x: -1226.4418088443738
  y: 64.0
  z: -6340.573467988985
  yaw: -187.49994
  pitch: 27.988186
