lastAccountName: Magna256
timestamps:
  login: 1437020064965
  lastteleport: 1437020197229
  logout: 1437020219782
ipAddress: 24.241.194.252
lastlocation:
  world: wooftywoo
  x: -1202.300000011921
  y: 63.0
  z: -6347.203259406835
  yaw: -187.0522
  pitch: 32.700005
logoutlocation:
  world: wooftywoo
  x: 474.74702784908357
  y: 68.0
  z: 450.7153721715151
  yaw: 105.10571
  pitch: -5.9999933
