lastAccountName: xIiDevil_
timestamps:
  login: 1464992937536
  lastteleport: 1464994925128
  logout: 1464994945369
ipAddress: 2.91.12.255
lastlocation:
  world: spawn
  x: -8.99127056678299
  y: 9.0
  z: -42.34091702705388
  yaw: -275.55075
  pitch: 56.850002
godmode: false
logoutlocation:
  world: '1_9'
  x: 110.46578688728789
  y: 64.0
  z: -305.82067322432727
  yaw: 69.00008
  pitch: 21.449986
nickname: Ironman
