lastAccountName: dj34567890
timestamps:
  login: 1434259089444
  logout: 1434258950649
  lastteleport: 1434258722304
ipAddress: 71.200.90.60
lastlocation:
  world: wooftywoo
  x: -1203.7628370799123
  y: 63.0
  z: -6349.2095217098595
  yaw: -258.0021
  pitch: 40.800007
logoutlocation:
  world: creative
  x: 24113.088623600954
  y: 99.17286875363571
  z: 24449.622273364483
  yaw: 121.20114
  pitch: 29.249891
