lastlocation:
  world: survival
  x: 0.5
  y: 71.0
  z: 0.5
  yaw: -179.84996
  pitch: 3.5999942
lastAccountName: CapitanSparklez
timestamps:
  login: 1441119979193
  lastteleport: 1440114465161
  logout: 1441120028800
  mute: 0
  lastheal: 1438734414234
ipAddress: 69.124.40.216
logoutlocation:
  world: survival
  x: 36.49724129814663
  y: 72.0
  z: 104.92716104618951
  yaw: -128.0999
  pitch: 36.450012
homes:
  home:
    world: flat
    x: -129.22123331015
    y: 4.0
    z: -53.75110856830753
    yaw: -41.97119
    pitch: 12.1500845
afk: false
muted: false
nickname: Cap
