lastAccountName: LogiSnake
timestamps:
  login: 1463522679457
  lastteleport: 1463522929604
  logout: 1463523297353
ipAddress: 73.81.209.59
lastlocation:
  world: spawnworld
  x: -9.144636205570475
  y: 9.0
  z: -42.11498211157876
  yaw: -179.70026
  pitch: 25.799992
godmode: false
logoutlocation:
  world: '1_9'
  x: 2567.6763935774097
  y: 80.08892198546013
  z: 496.7175554709287
  yaw: -17.91859
  pitch: 44.250088
