lastAccountName: AssasinX89
timestamps:
  login: 1438111244026
  lastteleport: 1438111146665
  logout: 1438111265128
ipAddress: 84.221.160.54
lastlocation:
  world: flat
  x: 0.8893050610120286
  y: 5.0
  z: -2.5959354494468103
  yaw: 9.449253
  pitch: 41.25
logoutlocation:
  world: anarchy
  x: 1.5
  y: 77.921625
  z: 64.5
  yaw: 5.399601
  pitch: 87.299934
