lastAccountName: 1999jaredw
timestamps:
  login: 1407552671041
  lastteleport: 1407552904521
  logout: 1407553134571
ipAddress: 74.124.144.160
lastlocation:
  world: wooftywoo
  x: 1004.9257511772616
  y: 76.0
  z: 2002.2510750008873
  yaw: -225.44989
  pitch: 22.350016
logoutlocation:
  world: creative
  x: 25106.112299858356
  y: 85.46737712744478
  z: 24193.403569996404
  yaw: 185.69878
  pitch: 38.250046
