lastAccountName: flamelord96
timestamps:
  login: 1463028208527
  lastteleport: 1462906287739
  logout: 1463028309798
ipAddress: 208.54.85.213
lastlocation:
  world: '1_9'
  x: 65.23349110910219
  y: 41.88875376412
  z: -321.58370604285716
  yaw: -69.873856
  pitch: -71.10392
logoutlocation:
  world: '1_9'
  x: 124.94714306885605
  y: 67.0
  z: -317.1835437596961
  yaw: 92.324165
  pitch: 10.6600685
