lastAccountName: ChoclateRainXx
timestamps:
  login: 1436498543826
  logout: 1436498546525
ipAddress: 24.52.238.44
lastlocation:
  world: wooftywoo
  x: 645.0
  y: 67.0
  z: 414.0
  yaw: 89.850006
  pitch: -1.949999
logoutlocation:
  world: wooftywoo
  x: -1357.4793270450189
  y: 94.0
  z: -6315.764221358199
  yaw: -162.60165
  pitch: 7.350018
