lastAccountName: XxGregplaysmcxX
timestamps:
  login: 1439595958733
  lastteleport: 1439599046136
  logout: 1439599841705
ipAddress: 74.109.23.96
lastlocation:
  world: wooftywoo
  x: 4001.044733246401
  y: 91.0
  z: 4083.1626587715764
  yaw: -91.05146
  pitch: -2.5499988
logoutlocation:
  world: wooftywoo
  x: -363.2985536184902
  y: 152.0
  z: 1030.6535032670085
  yaw: 355.0354
  pitch: 51.45016
