lastAccountName: Sonicninja
timestamps:
  login: 1434233451931
  logout: 1434233888588
ipAddress: 23.113.102.43
lastlocation:
  world: wooftywoo
  x: 645.0
  y: 67.0
  z: 414.0
  yaw: 89.850006
  pitch: -1.949999
logoutlocation:
  world: wooftywoo
  x: -1235.4783360653762
  y: 99.0
  z: -6163.112221298729
  yaw: 164.99628
  pitch: 38.55003
