lastAccountName: bageezus
timestamps:
  login: 1464901046191
  lastteleport: 1462923163688
  logout: 1464901120107
ipAddress: 67.237.20.149
lastlocation:
  world: '1_9'
  x: 129.88741157877234
  y: 67.0
  z: -319.3807668745302
  yaw: -80.84988
  pitch: 6.5999465
logoutlocation:
  world: wooftywoo
  x: 2070.300000011921
  y: 71.0
  z: -1132.7166274892886
  yaw: 144.29433
  pitch: -90.0
