lastAccountName: minimonkeyble
timestamps:
  login: 1465604594648
  lastteleport: 1465607165545
  logout: 1465607535080
ipAddress: 99.238.192.121
lastlocation:
  world: creative
  x: 25118.352203598217
  y: 82.86859856141189
  z: 24219.477013413714
  yaw: -59.249092
  pitch: 19.650011
godmode: false
logoutlocation:
  world: creative
  x: 24191.00420354295
  y: 101.16144321722781
  z: 24079.961223108872
  yaw: -158.09833
  pitch: 42.29997
