lastAccountName: Guitar_Riffz
timestamps:
  login: 1442274321894
  logout: 1442274424102
ipAddress: 70.181.190.58
lastlocation:
  world: wooftywoo
  x: 645.0
  y: 67.0
  z: 414.0
  yaw: 89.850006
  pitch: -1.949999
logoutlocation:
  world: survival
  x: 61.85236089576854
  y: 75.5
  z: 177.35099072533308
  yaw: 122.7414
  pitch: 20.268852
