lastAccountName: Ultimategamer27
timestamps:
  login: 1464800292778
  lastteleport: 1464800945642
  logout: 1464801043316
ipAddress: 99.1.188.169
lastlocation:
  world: '1_9'
  x: -234.30000001192093
  y: 52.134606161743285
  z: -316.77401876619246
  yaw: -171.29996
  pitch: 3.4499831
godmode: false
logoutlocation:
  world: spawn
  x: -42.38955355630047
  y: 9.0
  z: 5.212313335952303
  yaw: 9.449383
  pitch: 24.899996
