lastAccountName: Nick_A_Naut
timestamps:
  login: 1466747868587
  lastteleport: 1466747780607
  logout: 1466749280428
  mute: 0
ipAddress: 124.246.1.53
lastlocation:
  world: 1_9_nether
  x: 187.7547979184231
  y: 87.00632836156908
  z: 262.6206382545097
  yaw: -190.29114
  pitch: 19.647533
logoutlocation:
  world: '1_9'
  x: 1370.3015763548326
  y: 64.25670037524742
  z: 2045.5348439074537
  yaw: 65.43921
  pitch: 50.994442
homes:
  theend:
    world: 1_9_the_end
    x: 58.405836505904134
    y: 61.0
    z: 29.52586556448776
    yaw: 133.48592
    pitch: 2.1696768
  endcity:
    world: 1_9_the_end
    x: -214.11016317386816
    y: 103.46622248294997
    z: 2074.450495304271
    yaw: -145.63957
    pitch: 10.962047
  safety:
    world: '1_9'
    x: 129.49683451067
    y: 67.0
    z: -317.550688110391
    yaw: 270.4503
    pitch: 2.9999967
  v:
    world: '1_9'
    x: -568.5
    y: 69.0
    z: -1036.5
    yaw: 123.47922
    pitch: 90.0
  troll:
    world: 1_9_nether
    x: 178.09347376837476
    y: 85.0
    z: 257.4825106219781
    yaw: -67.37804
    pitch: 18.778982
afk: false
godmode: false
money: '1089.0'
muted: false
nickname: _
