lastAccountName: sebas1212123
timestamps:
  login: 1428108791628
  lastteleport: 1428110040223
  logout: 1428110062417
ipAddress: 74.97.79.50
lastlocation:
  world: wooftywoo
  x: 544.261283291543
  y: 68.0
  z: 386.4401537055448
  yaw: 23.505583
  pitch: 1.7999833
afk: false
logoutlocation:
  world: wooftywoo
  x: 1043.1112409289983
  y: 65.0
  z: 1597.950009730699
  yaw: 76.34392
  pitch: 16.8
