lastAccountName: SkullHeart97
timestamps:
  login: 1464470719011
  lastteleport: 1464471448678
  logout: 1464471630326
ipAddress: 96.60.20.225
lastlocation:
  world: '1_9'
  x: -36.983858309323026
  y: 34.0
  z: -323.76199992349393
  yaw: -277.20013
  pitch: 48.0
godmode: false
logoutlocation:
  world: spawnworld
  x: -3.577758292614914
  y: 9.0
  z: -28.41865371601454
  yaw: 168.29955
  pitch: 12.2999935
