lastAccountName: sagethegiraffe
timestamps:
  login: 1465789654286
  lastteleport: 1465790339093
  logout: 1465790993554
ipAddress: 73.45.0.27
lastlocation:
  world: spawn
  x: -9.698064045186003
  y: 9.0
  z: -42.05166993468169
  yaw: 183.6001
  pitch: 22.350037
godmode: false
money: '100'
afk: false
logoutlocation:
  world: '1_9'
  x: -2978.7361211480456
  y: 83.72911230873002
  z: -1824.8932985016897
  yaw: 21.41687
  pitch: 33.749992
