lastAccountName: andrea2346
timestamps:
  login: 1436293663898
  logout: 1436293715902
ipAddress: 79.44.99.209
lastlocation:
  world: wooftywoo
  x: 645.0
  y: 67.0
  z: 414.0
  yaw: 89.850006
  pitch: -1.949999
logoutlocation:
  world: wooftywoo
  x: -1234.8998198230756
  y: 87.96079736800577
  z: -6335.354867726759
  yaw: -7.3512573
  pitch: 6.150008
