lastlocation:
  world: '1_9'
  x: 68.5
  y: 64.0
  z: -270.5
  yaw: 0.0
  pitch: 0.0
lastAccountName: XxEnderFlamexX
timestamps:
  login: 1458686681858
  logout: 1458686744852
ipAddress: 207.89.10.91
logoutlocation:
  world: survival
  x: 68.76792991310217
  y: 72.0
  z: 9.186354263756234
  yaw: -96.74985
  pitch: 15.600018
