lastAccountName: shelbytheturtle
timestamps:
  login: 1461768757132
  lastteleport: 1461768842273
  logout: 1461768851090
ipAddress: 47.16.172.235
lastlocation:
  world: wooftywoo
  x: 4019.1209666770746
  y: 91.0
  z: 4052.5635608117004
  yaw: -86.39995
  pitch: 62.4
logoutlocation:
  world: wooftywoo
  x: 364.87448288886884
  y: 98.0
  z: 43.064652094403584
  yaw: -20.144318
  pitch: 11.999991
