lastAccountName: suermen
timestamps:
  login: 1440614332245
  lastteleport: 1440614404006
  logout: 1440614449105
ipAddress: 77.249.91.78
lastlocation:
  world: survival
  x: 34.19229708048874
  y: 72.0
  z: 58.63152039818637
  yaw: -116.684235
  pitch: 22.900883
logoutlocation:
  world: survival
  x: 37.1785349194803
  y: 64.24075082914345
  z: -4.771476281342404
  yaw: 253.90642
  pitch: 22.9614
