lastAccountName: DeathBrynn
timestamps:
  login: 1465760551400
  lastteleport: 1465761165329
  logout: 1465761659430
ipAddress: 24.20.90.204
lastlocation:
  world: '1_9'
  x: 126.11819673156322
  y: 69.20000004768372
  z: -331.7628672878891
  yaw: -217.64984
  pitch: 15.299997
godmode: false
homes:
  home:
    world: '1_9'
    x: -381.6170258484266
    y: 162.0
    z: 1614.699275870957
    yaw: -0.59454346
    pitch: 12.900031
logoutlocation:
  world: '1_9'
  x: -345.0316235042474
  y: 106.36813641253136
  z: 1568.1238208303123
  yaw: -110.10788
  pitch: 37.35
