timestamps:
  login: 1390680295306
  logout: 1390680357045
  lastteleport: 1390232609389
ipAddress: 72.22.127.145
logoutlocation:
  world: wooftywoo
  x: -582.3155637524274
  y: 80.0
  z: -3464.699999988079
  yaw: 99.60043
  pitch: 21.000023
homes:
  home:
    world: wooftywoo
    x: -589.808378837738
    y: 80.0
    z: -3466.5860389041754
    yaw: -40.20003
    pitch: 20.99999
lastlocation:
  world: crapcakesandapplesauce
  x: 472.08775298761776
  y: 6.0
  z: 0.23778096070640015
  yaw: -134.70003
  pitch: 13.6500025
lastAccountName: nuke325
