lastAccountName: Farquat_z
timestamps:
  login: 1433879083360
  lastteleport: 1433879184403
  logout: 1433879475565
ipAddress: 71.241.254.249
lastlocation:
  world: wooftywoo
  x: -1201.0373927142366
  y: 63.0
  z: -6349.320403937658
  yaw: -100.59511
  pitch: 44.383163
logoutlocation:
  world: flat
  x: -509.7698217638809
  y: 4.0
  z: -58.071234621446905
  yaw: 69.94848
  pitch: 31.736652
