lastAccountName: Mkmusic101
timestamps:
  login: 1434856789872
  lastteleport: 1434856833739
  logout: 1434856985055
ipAddress: 23.124.130.11
lastlocation:
  world: wooftywoo
  x: -1214.42168615307
  y: 63.0
  z: -6344.3594047132065
  yaw: -0.64004517
  pitch: 7.036852
logoutlocation:
  world: flat
  x: -719.1264580288826
  y: 23.316328919210335
  z: 423.6679240513765
  yaw: 3.284912
  pitch: 23.009375
