lastAccountName: dpgammer_8
timestamps:
  login: 1464644514948
  lastteleport: 1464644965947
  logout: 1464645028775
ipAddress: 65.32.242.151
lastlocation:
  world: spawnworld
  x: -9.632904142457583
  y: 9.0
  z: -42.13301645139214
  yaw: -180.00041
  pitch: 17.699999
godmode: false
logoutlocation:
  world: '1_9'
  x: 94.12310168181277
  y: 103.0923279582914
  z: -315.5121714587278
  yaw: -272.54956
  pitch: 25.049986
