lastlocation:
  world: wooftywoo
  x: 645.0
  y: 67.0
  z: 414.0
  yaw: 89.850006
  pitch: -1.949999
lastAccountName: CodyCity
timestamps:
  login: 1408285989894
  logout: 1408286056737
ipAddress: 99.74.254.139
logoutlocation:
  world: wooftywoo
  x: 1033.044613972209
  y: 65.0
  z: 1612.71456239182
  yaw: -0.45604372
  pitch: 12.599989
