lastAccountName: Hmbabin
timestamps:
  login: 1465429441322
  lastteleport: 1465429460988
  logout: 1465429560758
ipAddress: 24.254.49.49
lastlocation:
  world: spawn
  x: -9.897309042980105
  y: 9.0
  z: -41.91615291356439
  yaw: -186.90045
  pitch: 13.349995
godmode: false
logoutlocation:
  world: '1_9'
  x: -230.99198306041015
  y: 56.69423537815085
  z: -312.80373626324666
  yaw: -151.65001
  pitch: -22.200005
