lastAccountName: liveblackndgold
timestamps:
  login: 1434924104524
  logout: 1434924611620
ipAddress: 96.35.246.232
lastlocation:
  world: wooftywoo
  x: 645.0
  y: 67.0
  z: 414.0
  yaw: 89.850006
  pitch: -1.949999
nickname: me
logoutlocation:
  world: wooftywoo
  x: -1229.172966947614
  y: 102.0
  z: -6179.824957169386
  yaw: 128.1023
  pitch: -3.2998958
