lastAccountName: firecarlos13
timestamps:
  login: 1407104359018
  lastteleport: 1407027282549
  logout: 1407104734247
ipAddress: 190.237.104.184
lastlocation:
  world: wooftywoo
  x: 1010.6763968064143
  y: 77.16610926093821
  z: 2003.7538620961654
  yaw: -340.79987
  pitch: 30.450003
logoutlocation:
  world: creative
  x: 25958.163032291348
  y: 78.102780978197
  z: 24213.780535689486
  yaw: 295.34845
  pitch: 46.800014
