lastAccountName: BoomChickenPie
timestamps:
  login: 1447511048771
  lastteleport: 1447511269843
  logout: 1447511952256
ipAddress: 77.161.176.24
lastlocation:
  world: survival
  x: 0.0
  y: 71.0
  z: 0.0
  yaw: 0.0
  pitch: 0.0
nickname: BaccaPlayz
homes:
  home:
    world: survival
    x: -937.8853166403105
    y: 64.0
    z: 63.54689164569946
    yaw: -297.62912
    pitch: 26.099995
logoutlocation:
  world: survival
  x: -914.5947972536186
  y: 45.0
  z: 138.25272093574935
  yaw: -238.99176
  pitch: 26.399994
