lastAccountName: BuuGames
timestamps:
  login: 1423546197731
  lastteleport: 1423546455325
  logout: 1423549478019
ipAddress: 5.151.3.12
lastlocation:
  world: wooftywoo
  x: 3998.930282915757
  y: 91.0
  z: 4083.0179260826553
  yaw: 186.67476
  pitch: 4.4135833
logoutlocation:
  world: flat
  x: -61.31741100430415
  y: 7.927628358980472
  z: -29.391606298520138
  yaw: -94.78662
  pitch: 59.150574
