timestamps:
  login: 1396139257045
  lastteleport: 1396140053217
  logout: 1396141166517
ipAddress: 50.83.70.137
lastlocation:
  world: wooftywoo
  x: -16493.30000001192
  y: 84.0
  z: -16382.330385538517
  yaw: 88.73807
  pitch: 9.749986
logoutlocation:
  world: wooftywoo
  x: 645.0
  y: 67.0
  z: 414.0
  yaw: 46.649998
  pitch: 28.800003
lastAccountName: skillfulrabbit
