lastAccountName: reinwolf13
timestamps:
  login: 1463183019371
  lastteleport: 1463183836895
  logout: 1463185414581
ipAddress: 76.91.85.209
lastlocation:
  world: '1_9'
  x: -556.3969100654068
  y: 73.36153479416106
  z: -1039.022636485777
  yaw: -250.94812
  pitch: 16.54828
afk: false
logoutlocation:
  world: '1_9'
  x: -570.6704024563978
  y: 39.0
  z: -1037.300000011921
  yaw: 241.00256
  pitch: -2.6695948
