lastlocation:
  world: wooftywoo
  x: 1006.5
  y: 66.5
  z: 2002.5
  yaw: -89.39988
  pitch: 14.7000065
lastAccountName: CSUxNigga4Life
timestamps:
  login: 1407801758584
  lastteleport: 1407802263292
  logout: 1407802704090
ipAddress: 67.85.194.24
nickname: Ethan
homes:
  home:
    world: wooftywoo
    x: -25.291466449217975
    y: 62.0
    z: 431.22227449239966
    yaw: 14.955481
    pitch: 12.000203
logoutlocation:
  world: wooftywoo
  x: -20.463118945777076
  y: 62.0
  z: 426.3559625354991
  yaw: -38.895817
  pitch: 18.899984
