lastAccountName: leszczmc
timestamps:
  login: 1430169135208
  logout: 1430169216836
ipAddress: 80.4.138.3
lastlocation:
  world: wooftywoo
  x: 645.0
  y: 67.0
  z: 414.0
  yaw: 89.850006
  pitch: -1.949999
logoutlocation:
  world: wooftywoo
  x: 1043.6385837789057
  y: 65.0
  z: 1580.0105136434283
  yaw: -3.0060363
  pitch: 17.250002
