lastAccountName: JAMTAJ68
timestamps:
  login: 1450756419513
  logout: 1450756781659
ipAddress: 14.2.99.35
lastlocation:
  world: wooftywoo
  x: 3997.5
  y: 91.0
  z: 4088.5
  yaw: -90.3
  pitch: 2.7
logoutlocation:
  world: survival
  x: 18.086963069260744
  y: 63.0
  z: -198.3291024583037
  yaw: -183.32307
  pitch: 11.793795
