lastAccountName: roendell
timestamps:
  login: 1430348272198
  lastteleport: 1430348318649
  logout: 1430348321520
ipAddress: 178.167.254.225
lastlocation:
  world: wooftywoo
  x: 1032.956772354895
  y: 65.0
  z: 1677.48073644633
  yaw: 11.565449
  pitch: 5.603929
logoutlocation:
  world: wooftywoo
  x: 1051.5
  y: 65.0
  z: 1740.5
  yaw: -349.79453
  pitch: 11.262605
