lastAccountName: Seb060207
timestamps:
  login: 1430687927344
  lastteleport: 1430688759628
  logout: 1430688833141
ipAddress: 86.142.49.68
lastlocation:
  world: wooftywoo
  x: -1210.8454450130475
  y: 63.0
  z: -6345.569921882641
  yaw: -57.15074
  pitch: 16.571026
logoutlocation:
  world: wooftywoo
  x: 3986.9207234084606
  y: 94.96636804164123
  z: 4018.4849103552992
  yaw: 107.55005
  pitch: 49.199955
