lastAccountName: ASSITessentials
timestamps:
  login: 1422897522393
  lastteleport: 1422298601487
  logout: 1422897534480
ipAddress: 78.20.179.148
lastlocation:
  world: wooftywoo
  x: 4019.396264421762
  y: 91.0
  z: 4052.6938579605194
  yaw: -93.150246
  pitch: 46.199947
logoutlocation:
  world: creative
  x: 1051.7778347609797
  y: 110.0
  z: 1053.8167691905298
  yaw: -14.252016
  pitch: 11.999869
