lastAccountName: Rudman88
timestamps:
  login: 1407723843430
  lastteleport: 1407725360461
  logout: 1407725501352
ipAddress: 68.185.72.251
lastlocation:
  world: wooftywoo
  x: 1003.3994600908101
  y: 66.0
  z: 2002.4580495605917
  yaw: -94.49982
  pitch: 24.000004
logoutlocation:
  world: wooftywoo
  x: 2130.5056938082885
  y: 68.0
  z: -1091.0623195067342
  yaw: 82.50046
  pitch: -1.3500297
