lastAccountName: Jonathan1va
timestamps:
  login: 1430310985014
  lastteleport: 1430310987633
  logout: 1430311032782
ipAddress: 213.83.146.212
lastlocation:
  world: wooftywoo
  x: 1031.5
  y: 65.0
  z: 1576.5
  yaw: -33.906036
  pitch: 10.050002
logoutlocation:
  world: wooftywoo
  x: 1006.5
  y: 67.0
  z: 2002.5
  yaw: -90.60545
  pitch: -1.0500008
