timestamps:
  login: 1391988852227
  lastteleport: 1391989019972
  logout: 1391989085922
ipAddress: 69.145.59.160
lastlocation:
  world: wooftywoo
  x: 645.8432462490621
  y: 67.0
  z: 412.43574088269696
  yaw: 244.20013
  pitch: 15.299988
logoutlocation:
  world: creative
  x: -204.42939860738574
  y: 54.0
  z: 304.69999998807907
  yaw: -177.14978
  pitch: -0.74997944
lastAccountName: theblackdog123
