lastAccountName: PerilousKit
timestamps:
  login: 1411778012130
  lastteleport: 1411778094391
  logout: 1411778223588
ipAddress: 24.209.25.252
lastlocation:
  world: wooftywoo
  x: 1005.0344048155866
  y: 76.0
  z: 2004.4830360117555
  yaw: 93.44455
  pitch: 30.90002
logoutlocation:
  world: wooftywoo
  x: 679.8326633320045
  y: 70.0
  z: 584.5775765051228
  yaw: -53.89456
  pitch: 22.500065
