lastAccountName: AlongCameNull
timestamps:
  login: 1432981401385
  lastteleport: 1432981501272
  logout: 1432981518348
ipAddress: 92.0.242.195
lastlocation:
  world: wooftywoo
  x: 2943.4005259417154
  y: 69.0
  z: -3077.911330972973
  yaw: -217.45398
  pitch: 5.1196837
logoutlocation:
  world: wooftywoo
  x: 1995.1266912732347
  y: 72.0
  z: -1142.699999988079
  yaw: 22.09717
  pitch: 65.0762
homes:
  home:
    world: wooftywoo
    x: 1994.872276660149
    y: 73.0
    z: -1143.666497275789
    yaw: -75.96533
    pitch: 29.807192
nickname: Hestia
afk: false
money: '2000'
