lastAccountName: craftwizard398
timestamps:
  login: 1407153135580
  lastteleport: 1407153202989
  logout: 1407153210709
ipAddress: 64.235.109.188
lastlocation:
  world: wooftywoo
  x: 3997.7386503610423
  y: 91.0
  z: 4017.006545922101
  yaw: 357.90005
  pitch: 4.949962
logoutlocation:
  world: wooftywoo
  x: 1018.3839291749966
  y: 65.0
  z: 2002.5112890451855
  yaw: -90.14989
  pitch: 1.2000067
