lastAccountName: Boric
timestamps:
  login: 1435687581184
  logout: 1435687625698
ipAddress: 78.66.215.162
lastlocation:
  world: wooftywoo
  x: 645.0
  y: 67.0
  z: 414.0
  yaw: 89.850006
  pitch: -1.949999
logoutlocation:
  world: wooftywoo
  x: -1305.1050816877423
  y: 105.0
  z: -6219.195625868622
  yaw: -75.433
  pitch: 6.5060725
