timestamps:
  login: 1393897303818
  logout: 1393897411358
ipAddress: 108.59.121.113
logoutlocation:
  world: wooftywoo
  x: 6292.699999988079
  y: 66.0
  z: 8456.555350728631
  yaw: -87.549675
  pitch: 28.799984
lastAccountName: haybales5136
