lastAccountName: Zane_Tiger322
timestamps:
  login: 1466817780714
  lastteleport: 1466825180009
  logout: 1466825322098
ipAddress: 99.165.33.216
lastlocation:
  world: plots
  x: 211.79940729215812
  y: 65.0
  z: 122.5
  yaw: -258.4516
  pitch: 4.3499646
afk: false
godmode: false
logoutlocation:
  world: flat
  x: -186.35924144331693
  y: 4.0
  z: -961.218178326727
  yaw: -342.1378
  pitch: -16.200056
