lastAccountName: Burppee
timestamps:
  login: 1404430842312
  lastteleport: 1404430426811
  logout: 1404430906062
ipAddress: 75.40.34.191
lastlocation:
  world: wooftywoo
  x: 1008.2518676891123
  y: 76.0
  z: 2002.2772887165027
  yaw: 86.0047
  pitch: -5.7359285
logoutlocation:
  world: wooftywoo
  x: 3999.838925534214
  y: 91.0
  z: 4015.2053388926233
  yaw: 15.211943
  pitch: -1.8305447
