lastAccountName: HEROBRYAN987
timestamps:
  login: 1407805980730
  lastteleport: 1407807254252
  logout: 1407807420748
ipAddress: 76.184.109.179
lastlocation:
  world: wooftywoo
  x: 88.5386592033479
  y: 70.0
  z: 170.20993868819443
  yaw: 140.09839
  pitch: 41.40001
logoutlocation:
  world: wooftywoo
  x: 1012.8147245846314
  y: 67.0
  z: 2000.300000011921
  yaw: 150.74988
  pitch: 64.04999
