lastAccountName: SlaggyP
timestamps:
  login: 1430337462718
  lastteleport: 1430337533552
  logout: 1430338716512
ipAddress: 86.146.202.132
lastlocation:
  world: wooftywoo
  x: 1046.0626240172573
  y: 65.0
  z: 1857.166600600236
  yaw: -253.14221
  pitch: 4.728081
afk: false
logoutlocation:
  world: wooftywoo
  x: 1006.5374587023088
  y: 76.0
  z: 2005.0727786033983
  yaw: -0.095581055
  pitch: 19.479986
