lastAccountName: Manne002
timestamps:
  login: 1407323349514
  lastteleport: 1407323769725
  logout: 1407323885022
ipAddress: 95.109.67.193
lastlocation:
  world: wooftywoo
  x: 1004.7446269142865
  y: 76.0
  z: 2004.9064107076083
  yaw: -257.90533
  pitch: 32.149155
logoutlocation:
  world: wooftywoo
  x: 1006.5
  y: 66.5
  z: 2002.5
  yaw: -84.9008
  pitch: 19.25852
