lastAccountName: BoucheDag
timestamps:
  login: 1460488843317
  lastteleport: 1460488912576
  logout: 1460488941991
ipAddress: 82.74.200.23
lastlocation:
  world: '1_9'
  x: 39.407447978255654
  y: 64.0
  z: -313.3241562393272
  yaw: -2.9999676
  pitch: 67.50006
logoutlocation:
  world: '1_9'
  x: 119.30000001192093
  y: 56.0
  z: -320.69999998807907
  yaw: -102.599625
  pitch: -23.699741
