lastAccountName: annaboon
timestamps:
  login: 1464492312902
  lastteleport: 1464496003125
  logout: 1464496025758
  lastheal: 1463631644235
ipAddress: 121.98.72.83
lastlocation:
  world: boatrace
  x: -505.04336642440654
  y: 81.0
  z: -1.364109566519681
  yaw: 59.58472
  pitch: 49.800014
godmode: false
logoutlocation:
  world: wooftywoo
  x: 3998.6926455071957
  y: 91.0
  z: 4086.9267123719437
  yaw: -51.451447
  pitch: 51.300007
