lastAccountName: snakeboy05
timestamps:
  login: 1430760962025
  logout: 1430760968426
ipAddress: 151.224.49.228
lastlocation:
  world: wooftywoo
  x: 645.0
  y: 67.0
  z: 414.0
  yaw: 89.850006
  pitch: -1.949999
afk: false
logoutlocation:
  world: wooftywoo
  x: -1215.699999988079
  y: 63.0
  z: -6352.535072840804
  yaw: -4.95058
  pitch: 2.771046
