lastAccountName: Shooter07051
timestamps:
  login: 1465006067747
  lastteleport: 1465007184799
  logout: 1465007237821
ipAddress: 68.44.180.84
lastlocation:
  world: wooftywoo
  x: 10912.818145227851
  y: 70.0
  z: 12024.676928293737
  yaw: -78.187744
  pitch: 55.35009
godmode: false
nickname: admin
logoutlocation:
  world: wooftywoo
  x: 9061.392448524168
  y: 65.0
  z: 12037.441053827155
  yaw: -67.380615
  pitch: 38.54998
