timestamps:
  login: 1394051654606
  logout: 1394051671155
  lastteleport: 1393869439863
ipAddress: 2.127.99.21
lastlocation:
  world: crapcakesandapplesauce
  x: -9.92098403824832
  y: 66.0
  z: 221.24900409833455
  yaw: 162.92108
  pitch: 3.0847704
logoutlocation:
  world: wooftywoo
  x: 630.7559264457633
  y: 68.0
  z: 415.307476639296
  yaw: -7.969905
  pitch: 45.674614
lastAccountName: laky_120
