lastAccountName: LittleKitteh
timestamps:
  login: 1464208437442
  lastteleport: 1464048243733
  logout: 1464209433410
ipAddress: 189.14.62.242
lastlocation:
  world: creative
  x: 25242.5
  y: 183.0
  z: 23907.5
  yaw: -98.03784
  pitch: 46.83363
godmode: false
afk: false
logoutlocation:
  world: newspawn
  x: 13.636657411688626
  y: 79.75771240400047
  z: -5.443336546260009
  yaw: -160.04938
  pitch: 35.099987
