lastAccountName: ginja__ninja
timestamps:
  login: 1447559089527
  logout: 1447559599299
  lastteleport: 1447559106031
ipAddress: 68.190.138.79
lastlocation:
  world: wooftywoo
  x: -686.4130268582236
  y: 67.0
  z: 544.7723335178944
  yaw: -5.2936006
  pitch: 55.94999
logoutlocation:
  world: wooftywoo
  x: 3704.748504603465
  y: 58.84279070826718
  z: 6265.041152954758
  yaw: 181.04285
  pitch: -78.449974
afk: false
