lastAccountName: Jsteppinz
timestamps:
  login: 1407453794186
  lastteleport: 1407455510644
  logout: 1407456847063
ipAddress: 68.228.99.185
lastlocation:
  world: wooftywoo
  x: 1225.2850282893767
  y: 109.0
  z: -4289.435886476249
  yaw: 39.54834
  pitch: -18.000042
nickname: McBongWater
logoutlocation:
  world: wooftywoo
  x: 420.50367018911504
  y: 95.0
  z: -646.7543226926614
  yaw: 229.75784
  pitch: -0.2999765
homes:
  home:
    world: wooftywoo
    x: 792.5140663626587
    y: 61.0
    z: -553.0562507159316
    yaw: -92.89235
    pitch: 34.949993
afk: false
