lastAccountName: kryonic
timestamps:
  login: 1403234223942
  logout: 1403235860004
ipAddress: 2.222.51.21
lastlocation:
  world: wooftywoo
  x: 645.0
  y: 67.0
  z: 414.0
  yaw: 89.850006
  pitch: -1.949999
logoutlocation:
  world: wooftywoo
  x: 621.7608299607376
  y: 68.0
  z: 379.05573773334186
  yaw: 328.50146
  pitch: 23.100002
