lastAccountName: Jbug112
timestamps:
  login: 1459667600248
  lastteleport: 1459667620707
  logout: 1459667848446
ipAddress: 66.168.254.243
lastlocation:
  world: survival
  x: -21.241423712414438
  y: 69.0
  z: -49.81930436973726
  yaw: 32.86859
  pitch: 26.966448
logoutlocation:
  world: flat
  x: -35.27505821652092
  y: 7.132489224081057
  z: -312.8250654072883
  yaw: 93.34729
  pitch: 69.165344
