lastAccountName: RJohnston295
timestamps:
  login: 1403319409503
  logout: 1403320931150
ipAddress: 24.131.228.177
lastlocation:
  world: wooftywoo
  x: 411.30000001192093
  y: 64.0
  z: 143.472053097561
  yaw: -11.550018
  pitch: 47.55
nickname: Kitty
logoutlocation:
  world: wooftywoo
  x: 43.096275281167046
  y: 35.0
  z: -32.50804114188169
  yaw: 58.652527
  pitch: 12.150037
