lastAccountName: Albert104567
timestamps:
  login: 1424215857745
  logout: 1424215908287
ipAddress: 73.160.44.56
lastlocation:
  world: wooftywoo
  x: 645.0
  y: 67.0
  z: 414.0
  yaw: 89.850006
  pitch: -1.949999
logoutlocation:
  world: wooftywoo
  x: 1031.5
  y: 65.0
  z: 1576.5
  yaw: -294.75702
  pitch: -90.0
