lastAccountName: zombiekiller0907
timestamps:
  login: 1466633243276
  logout: 1466635702912
  lastteleport: 1466633488120
ipAddress: 107.215.192.83
lastlocation:
  world: spawn
  x: -9.92738554758305
  y: 9.0
  z: -42.81519058966616
  yaw: -168.00049
  pitch: 34.049995
logoutlocation:
  world: '1_9'
  x: 80.30000001192091
  y: 67.85751552351007
  z: -378.5364562914727
  yaw: -333.9027
  pitch: 8.69997
godmode: false
