timestamps:
  login: 1393286254628
  lastteleport: 1393215717184
  logout: 1393286255133
ipAddress: 98.218.24.11
lastlocation:
  world: wooftywoo
  x: 645.0
  y: 67.0
  z: 414.0
  yaw: 89.850006
  pitch: -1.949999
logoutlocation:
  world: creative
  x: -44.40566598236785
  y: 75.0
  z: 432.5330408082153
  yaw: 45.600006
  pitch: -7.6500373
homes:
  home:
    world: creative
    x: -99.8102166641137
    y: 71.0
    z: 452.39784716005124
    yaw: -24.750027
    pitch: 11.999998
lastAccountName: fishytothefish
