lastAccountName: Nathan2015
timestamps:
  login: 1438199828540
  lastteleport: 1438199896353
  logout: 1438200803372
ipAddress: 66.41.190.34
lastlocation:
  world: wooftywoo
  x: -1202.842398183749
  y: 63.0
  z: -6348.300000011921
  yaw: -147.60144
  pitch: 50.550014
logoutlocation:
  world: wooftywoo
  x: 435.194050636832
  y: 67.0
  z: 113.8694554789008
  yaw: -271.10547
  pitch: 10.6502
