lastAccountName: Pandalol8813
timestamps:
  login: 1466875039118
  lastteleport: 1466876604020
  logout: 1466876608436
ipAddress: 67.160.172.17
lastlocation:
  world: '1_9'
  x: 103.56759225117683
  y: 56.0
  z: -323.87894796354976
  yaw: 162.00049
  pitch: 2.0999906
godmode: false
logoutlocation:
  world: '1_9'
  x: 82.85168983103823
  y: 90.0
  z: -381.04763628231717
  yaw: -195.44688
  pitch: 45.599995
