lastAccountName: SpiderAlexx
timestamps:
  login: 1427494120051
  lastteleport: 1427494146420
  logout: 1427494166079
ipAddress: 5.14.145.140
lastlocation:
  world: wooftywoo
  x: 1038.7335868847028
  y: 65.5
  z: 1577.2542705297624
  yaw: 80.99362
  pitch: 24.900002
logoutlocation:
  world: wooftywoo
  x: 1001.8036010896212
  y: 65.5
  z: 2001.7676361142383
  yaw: -115.80541
  pitch: 28.949999
