lastAccountName: Bm1170
timestamps:
  login: 1461557791110
  lastteleport: 1461557882138
  logout: 1461557966516
ipAddress: 96.33.215.84
lastlocation:
  world: survival
  x: -21.790638985916562
  y: 69.0
  z: -49.14754112550893
  yaw: -327.14996
  pitch: 41.549995
logoutlocation:
  world: flat
  x: 18.542919106546
  y: 4.268075151040579
  z: 87.2707251097691
  yaw: -266.5506
  pitch: 56.09996
