timestamps:
  login: 1390329039119
  logout: 1390329119268
ipAddress: 88.88.156.154
lastlocation:
  world: wooftywoo
  x: 645.0
  y: 67.0
  z: 414.0
  yaw: 89.850006
  pitch: -1.949999
logoutlocation:
  world: wooftywoo
  x: 2047.0514685002304
  y: 68.0
  z: 94.1803000315697
  yaw: -224.59015
  pitch: 14.218419
homes:
  home:
    world: wooftywoo
    x: 2067.300000011921
    y: 67.0
    z: 116.30000001192093
    yaw: -225.35995
    pitch: 16.143219
lastAccountName: srs01
