lastAccountName: Rob5529
timestamps:
  login: 1407617492599
  logout: 1407617603083
ipAddress: 69.179.9.252
lastlocation:
  world: wooftywoo
  x: 645.0
  y: 67.0
  z: 414.0
  yaw: 89.850006
  pitch: -1.949999
logoutlocation:
  world: wooftywoo
  x: 1034.3527644243502
  y: 65.0
  z: 1689.3979300703027
  yaw: -94.65586
  pitch: 6.7500033
