timestamps:
  login: 1397426116997
  lastteleport: 1394322262296
  logout: 1397431798178
ipAddress: 72.200.214.148
homes:
  home:
    world: wooftywoo
    x: 5370.947218890738
    y: 63.0
    z: -4962.504967276606
    yaw: 330.9071
    pitch: 30.60003
lastlocation:
  world: wooftywoo
  x: 5382.854710528184
  y: 38.0
  z: -5008.7838009676325
  yaw: 63.451054
  pitch: 7.199949
godmode: false
logoutlocation:
  world: creative
  x: -49.47996830450233
  y: 85.0
  z: -299.0255690009383
  yaw: 332.3977
  pitch: 34.65006
lastAccountName: soonerb
