lastAccountName: Higlander145
timestamps:
  login: 1465532720611
  lastteleport: 1465533127415
  logout: 1465533131845
ipAddress: 99.46.90.243
lastlocation:
  world: '1_9'
  x: 122.6246967519688
  y: 68.6291958999809
  z: -670.0140847772159
  yaw: 326.7661
  pitch: 23.16837
godmode: false
nickname: easybake
logoutlocation:
  world: spawn
  x: 0.5035439955536276
  y: 10.0
  z: -0.4892601438856431
  yaw: -179.55048
  pitch: 1.6499957
