lastAccountName: Higlander145
timestamps:
  login: 1467087698757
  lastteleport: 1465533127415
  logout: 1467087775520
ipAddress: 99.46.90.243
lastlocation:
  world: '1_9'
  x: 122.6246967519688
  y: 68.6291958999809
  z: -670.0140847772159
  yaw: 326.7661
  pitch: 23.16837
godmode: false
nickname: easybake
logoutlocation:
  world: spawn
  x: 0.20361180712558138
  y: 9.0
  z: -14.665936736524005
  yaw: 183.99594
  pitch: 6.2803087
