timestamps:
  login: 1391826212641
  logout: 1391826358873
ipAddress: 24.251.213.171
lastlocation:
  world: wooftywoo
  x: 645.0
  y: 67.0
  z: 414.0
  yaw: 89.850006
  pitch: -1.949999
homes:
  home:
    world: wooftywoo
    x: -251.69999998807907
    y: 36.0
    z: 172.69999998807907
    yaw: 112.38672
    pitch: 48.156868
logoutlocation:
  world: wooftywoo
  x: -250.55143220968174
  y: 11.0
  z: 172.57499998807907
  yaw: 341.9109
  pitch: -90.0
lastAccountName: derekjeeter
