lastAccountName: _Cool_Wolves_
timestamps:
  login: 1461712204883
  lastteleport: 1461712224692
  logout: 1461712242687
ipAddress: 74.214.57.36
lastlocation:
  world: survival
  x: -19.798556268023354
  y: 69.0625
  z: -49.78069937312651
  yaw: 111.6002
  pitch: 25.650005
logoutlocation:
  world: wooftywoo
  x: 3998.95639875137
  y: 91.0
  z: 4082.7368576201084
  yaw: -9.451473
  pitch: 4.6500006
