lastAccountName: RSlade97
timestamps:
  login: 1430246408367
  lastteleport: 1430172493897
  logout: 1430246415220
ipAddress: 98.237.29.51
lastlocation:
  world: wooftywoo
  x: 1004.0956827432074
  y: 76.0
  z: 2004.056805421556
  yaw: 70.94464
  pitch: 44.399986
nickname: Squidman
logoutlocation:
  world: wooftywoo
  x: 2293.4514115583847
  y: 69.0
  z: -2483.047872181127
  yaw: -143.7524
  pitch: 25.050009
