lastAccountName: megamyte
timestamps:
  login: 1447511795410
  lastteleport: 1441203571327
  logout: 1447511877197
ipAddress: 86.169.121.113
lastlocation:
  world: wooftywoo
  x: 3000.963682775549
  y: 165.3542556413236
  z: 6012.203787859356
  yaw: -13.951183
  pitch: 62.85
homes:
  home:
    world: flat
    x: -94.63426292599706
    y: 4.0
    z: -566.3996752446117
    yaw: -24.562439
    pitch: 42.899986
afk: false
logoutlocation:
  world: survival
  x: -55.80106479501768
  y: 64.21106623698194
  z: 1.2906336858655783
  yaw: -272.91895
  pitch: 14.849338
