timestamps:
  login: 1401482054358
  logout: 1401482141273
ipAddress: 148.246.177.97
lastlocation:
  world: wooftywoo
  x: 645.0
  y: 67.0
  z: 414.0
  yaw: 89.850006
  pitch: -1.949999
logoutlocation:
  world: wooftywoo
  x: 624.4787428673441
  y: 67.0
  z: 436.73048516626443
  yaw: -346.8004
  pitch: 23.699995
lastAccountName: 8aalph3gor
