lastAccountName: NearSupreme
timestamps:
  login: 1457393386946
  logout: 1457393716712
ipAddress: 75.134.98.1
lastlocation:
  world: testingnew
  x: 321.5
  y: 65.0
  z: 75.5
  yaw: -90.14667
  pitch: 3.4499857
logoutlocation:
  world: testingnew
  x: 331.6394228118839
  y: 64.0
  z: 75.47283171674644
  yaw: -91.80194
  pitch: 2.8292582
