lastAccountName: Puffle303
timestamps:
  login: 1430330250460
  lastteleport: 1430330530379
  logout: 1430330921391
ipAddress: 98.114.26.35
lastlocation:
  world: wooftywoo
  x: 4019.169654401001
  y: 91.0
  z: 4052.646706945992
  yaw: -92.40026
  pitch: 6.899999
logoutlocation:
  world: creative
  x: 1049.7821617387149
  y: 110.0
  z: 1042.2559992833944
  yaw: 224.54797
  pitch: 39.29989
