lastAccountName: Hexahline
timestamps:
  login: 1404029714591
  lastteleport: 1404029786387
  logout: 1404030060288
ipAddress: 71.222.33.133
lastlocation:
  world: wooftywoo
  x: 1003.8208252589263
  y: 76.0
  z: 2004.3554660693244
  yaw: 125.099335
  pitch: 21.750118
logoutlocation:
  world: wooftywoo
  x: 629.1565229207032
  y: 68.0
  z: 370.76151804115614
  yaw: -28.845272
  pitch: 17.400223
