timestamps:
  login: 1390675315397
  lastteleport: 1390673814677
  logout: 1390675408527
ipAddress: 75.128.58.47
lastlocation:
  world: wooftywoo
  x: 641.6999999880791
  y: 67.0
  z: 420.7605925159559
  yaw: 79.362305
  pitch: 28.314531
logoutlocation:
  world: wooftywoo
  x: -184.30000001192093
  y: 15.0
  z: 7964.300000011921
  yaw: 208.2647
  pitch: 0.6047632
homes:
  home:
    world: wooftywoo
    x: -270.70281470993973
    y: 75.0
    z: 7929.946492895695
    yaw: 205.96707
    pitch: 28.689537
lastAccountName: nxeu
