lastAccountName: Pugins
timestamps:
  login: 1466178370297
  lastteleport: 1466117256539
  logout: 1466178629156
ipAddress: 67.80.17.49
lastlocation:
  world: '1_9'
  x: 129.6646279651494
  y: 67.0
  z: -316.9966115268898
  yaw: 15.762024
  pitch: 14.739675
godmode: false
logoutlocation:
  world: '1_9'
  x: 113.8712165669555
  y: 67.0
  z: -317.3408997555168
  yaw: -79.88176
  pitch: -1.4887135
nickname: ยง1Pยง3ugZ
afk: false
