timestamps:
  login: 1391011757490
  lastteleport: 1390137547589
  logout: 1391011775281
ipAddress: 94.213.113.115
lastlocation:
  world: wooftywoo
  x: 645.0
  y: 67.0
  z: 414.0
  yaw: 89.850006
  pitch: -1.949999
logoutlocation:
  world: wooftywoo
  x: 1409.9921502248553
  y: 61.0
  z: -4565.711291027522
  yaw: 53.99944
  pitch: 60.149937
lastAccountName: niek2044
