lastAccountName: _BlueRoses_
timestamps:
  login: 1439847173778
  lastteleport: 1439847195316
  logout: 1439849132353
ipAddress: 24.98.220.197
lastlocation:
  world: wooftywoo
  x: -1202.5418164461073
  y: 63.0
  z: -6347.487500011921
  yaw: -177.84929
  pitch: 36.025883
logoutlocation:
  world: survival
  x: 311.4669406540855
  y: 72.0
  z: 777.9727729620663
  yaw: 299.59558
  pitch: -8.764825
