lastAccountName: Mr_SteveGuy
timestamps:
  login: 1463262627888
  lastteleport: 1462983460331
  logout: 1463262645393
ipAddress: 99.194.173.223
lastlocation:
  world: wooftywoo
  x: 1705.3871056774117
  y: 63.0
  z: -5148.473701231813
  yaw: -89.74396
  pitch: 12.299925
logoutlocation:
  world: spawnworld
  x: 0.5110978926306227
  y: 10.0
  z: 0.6760970844936544
  yaw: -4.6504064
  pitch: 12.900001
