lastAccountName: NickSH
timestamps:
  login: 1407551994086
  lastteleport: 1407553124571
  logout: 1407553139568
ipAddress: 74.124.159.3
lastlocation:
  world: wooftywoo
  x: 1009.1962334292951
  y: 76.0
  z: 2001.042405992961
  yaw: -128.69937
  pitch: 50.24999
logoutlocation:
  world: wooftywoo
  x: 4000.0496120572147
  y: 91.0
  z: 4069.9912061502873
  yaw: -144.75024
  pitch: 15.150004
