lastAccountName: Eynox
timestamps:
  login: 1439324881843
  logout: 1439324887144
ipAddress: 90.8.36.199
lastlocation:
  world: wooftywoo
  x: 645.0
  y: 67.0
  z: 414.0
  yaw: 89.850006
  pitch: -1.949999
logoutlocation:
  world: wooftywoo
  x: -1218.5441727340221
  y: 88.61999998688727
  z: -6292.474144279957
  yaw: 51.49204
  pitch: 43.548
