timestamps:
  login: 1390675413424
  logout: 1390675461027
ipAddress: 204.210.215.150
lastlocation:
  world: wooftywoo
  x: 645.0
  y: 67.0
  z: 414.0
  yaw: 89.850006
  pitch: -1.949999
logoutlocation:
  world: wooftywoo
  x: 590.6059132760038
  y: 74.0
  z: 407.8654600375028
  yaw: 307.80005
  pitch: -7.499983
lastAccountName: elitewardude
