lastAccountName: Nathandoha
timestamps:
  login: 1430847581182
  lastteleport: 1430846823414
  logout: 1430847587148
ipAddress: 37.208.197.10
lastlocation:
  world: wooftywoo
  x: -1220.277174254933
  y: 63.0
  z: -6329.95855992051
  yaw: -89.85058
  pitch: -6.828959
logoutlocation:
  world: wooftywoo
  x: 1045.8312739318824
  y: 66.0
  z: 1668.300000011921
  yaw: 115.04393
  pitch: 26.249998
