lastAccountName: 11BLAKE11
timestamps:
  login: 1410563926665
  logout: 1410563947204
  lastteleport: 1403748738289
ipAddress: 24.4.242.211
lastlocation:
  world: wooftywoo
  x: -763.7480863384944
  y: 68.0
  z: -1461.9263564783082
  yaw: -253.84694
  pitch: 7.055912
logoutlocation:
  world: wooftywoo
  x: 1543.7548819723709
  y: 98.0
  z: 191.25698844132825
  yaw: 301.75702
  pitch: 54.36478
nickname: samantha
homes:
  home:
    world: wooftywoo
    x: 1509.300000011921
    y: 83.0
    z: 188.69999998807907
    yaw: 224.91882
    pitch: 21.801592
