timestamps:
  login: 1395428454901
  lastteleport: 1395428535246
  logout: 1395428551796
ipAddress: 98.239.76.135
lastlocation:
  world: wooftywoo
  x: -395.2926832331167
  y: 64.5
  z: -474.8088258164849
  yaw: 92.93408
  pitch: 12.698476
logoutlocation:
  world: wooftywoo
  x: 661.677973430174
  y: 67.0
  z: 432.9572019887921
  yaw: 251.80243
  pitch: 55.753998
lastAccountName: ericrb01
