lastAccountName: NoHaxJustSkilZZ
timestamps:
  login: 1443544127062
  logout: 1443544256757
  lastteleport: 1443469507510
ipAddress: 95.96.254.221
lastlocation:
  world: survival
  x: 10.699999988079071
  y: 73.0
  z: 20.745938517001633
  yaw: 190.80133
  pitch: 32.54998
logoutlocation:
  world: flat
  x: 333.8920600265481
  y: 73.1866506973029
  z: -550.6052010484698
  yaw: -89.70464
  pitch: 50.24997
afk: false
