timestamps:
  login: 1392684845257
  logout: 1392685067332
  lastteleport: 1392529182546
ipAddress: 76.68.90.228
lastlocation:
  world: wooftywoo
  x: 645.0
  y: 67.0
  z: 414.0
  yaw: 89.850006
  pitch: -1.949999
logoutlocation:
  world: creative
  x: -94.61876848731396
  y: 79.5
  z: 193.44075316488932
  yaw: -306.59906
  pitch: 32.100018
lastAccountName: ohshitson2
