lastAccountName: Darkside_18
timestamps:
  login: 1466800246428
  lastteleport: 1466800320256
  logout: 1466800672267
  mute: 0
ipAddress: 174.25.195.187
lastlocation:
  world: spawn
  x: -9.730266402255364
  y: 9.0
  z: -42.21938097607633
  yaw: -188.2505
  pitch: 18.899998
afk: false
nickname: Ello
logoutlocation:
  world: '1_9'
  x: 104.67936717706372
  y: 63.0
  z: -320.33128147189103
  yaw: 280.05017
  pitch: 23.099983
muted: false
homes:
  spleef:
    world: flat
    x: 85.5738002443506
    y: 30.09669015015031
    z: 294.75471100285324
    yaw: 32.553375
    pitch: 4.6439276
  house:
    world: flat
    x: 1915.733104853766
    y: 4.0
    z: 1408.8111507440058
    yaw: -170.14348
    pitch: 53.44317
godmode: false
