lastAccountName: Darkside_18
timestamps:
  login: 1444947455620
  lastteleport: 1439584884249
  logout: 1444947980544
  mute: 0
ipAddress: 67.5.26.92
lastlocation:
  world: wooftywoo
  x: 645.0
  y: 67.0
  z: 414.0
  yaw: 89.850006
  pitch: -1.949999
afk: false
nickname: Ello
logoutlocation:
  world: survival
  x: -0.11362217771966243
  y: 72.0
  z: 75.30301881104542
  yaw: 0.5999999
  pitch: 15.15
muted: false
homes:
  spleef:
    world: flat
    x: 85.5738002443506
    y: 30.09669015015031
    z: 294.75471100285324
    yaw: 32.553375
    pitch: 4.6439276
  house:
    world: flat
    x: 1915.733104853766
    y: 4.0
    z: 1408.8111507440058
    yaw: -170.14348
    pitch: 53.44317
