lastAccountName: xXThe_GeerumXx
timestamps:
  login: 1438193507744
  logout: 1438193533247
ipAddress: 77.10.84.4
lastlocation:
  world: wooftywoo
  x: 645.0
  y: 67.0
  z: 414.0
  yaw: 89.850006
  pitch: -1.949999
logoutlocation:
  world: wooftywoo
  x: -1207.842481147494
  y: 63.0
  z: -6326.265123807292
  yaw: 274.3515
  pitch: 27.830725
