lastAccountName: BLOOD_BL4DE
timestamps:
  login: 1441020996243
  lastteleport: 1441020998500
  logout: 1441021008449
ipAddress: 86.154.39.235
lastlocation:
  world: wooftywoo
  x: -589.5
  y: 12.0
  z: 580.5
  yaw: 73.74469
  pitch: 22.800062
logoutlocation:
  world: wooftywoo
  x: -589.5
  y: 12.0
  z: 580.5
  yaw: 73.74469
  pitch: 22.800062
afk: false
money: '35539.0'
homes:
  home:
    world: wooftywoo
    x: -684.7002731712397
    y: 67.0
    z: 465.6481725858516
    yaw: 189.4444
    pitch: 28.05003
