lastAccountName: ronnrr
timestamps:
  login: 1432301417678
  lastteleport: 1432301490390
  logout: 1432301566714
ipAddress: 77.125.127.103
lastlocation:
  world: wooftywoo
  x: -1141.298741653636
  y: 103.0
  z: -6251.949422539657
  yaw: -178.65076
  pitch: 6.599993
logoutlocation:
  world: wooftywoo
  x: -1245.3162369221195
  y: 103.0
  z: -6221.544941768889
  yaw: -2.2504578
  pitch: 13.499995
