lastAccountName: Edcam2002
timestamps:
  login: 1412109106176
  lastteleport: 1412023548896
  logout: 1412109125651
ipAddress: 2.31.67.177
lastlocation:
  world: wooftywoo
  x: 406.30000001192093
  y: 68.0
  z: 340.2255066203851
  yaw: -188.40216
  pitch: 15.150001
nickname: NUTELLA
homes:
  home:
    world: wooftywoo
    x: 800.8866417255686
    y: 63.0
    z: 259.7557750028918
    yaw: 66.19235
    pitch: 0.85925627
  ed:
    world: wooftywoo
    x: 717.8281359810644
    y: 11.0
    z: 211.8908836340301
    yaw: 69.34235
    pitch: 13.649981
  t:
    world: wooftywoo
    x: 769.1856868206169
    y: 70.0
    z: 535.6015364222476
    yaw: 52.16205
    pitch: 18.900005
  clay____:
    world: wooftywoo
    x: 505.30000001192093
    y: 88.0
    z: 6542.699999988079
    yaw: -159.62537
    pitch: 45.899982
logoutlocation:
  world: wooftywoo
  x: 1005.9304322522636
  y: 75.5
  z: 1994.5607173204435
  yaw: 32.69403
  pitch: 27.150023
afk: false
money: '580.0'
