lastAccountName: JQQ
timestamps:
  login: 1408201571557
  lastteleport: 1408193734287
  logout: 1408201572132
ipAddress: 98.212.199.101
lastlocation:
  world: wooftywoo
  x: 998.349507124101
  y: 67.0
  z: 2001.8872073487914
  yaw: 102.88741
  pitch: 59.27057
logoutlocation:
  world: creative
  x: 25374.24710087685
  y: 68.8374276319416
  z: 24482.949189390518
  yaw: 69.07689
  pitch: 68.570496
