lastAccountName: kindel78
timestamps:
  login: 1407551882024
  logout: 1407553294564
ipAddress: 107.218.72.242
lastlocation:
  world: wooftywoo
  x: 1050.2492917343193
  y: 65.0
  z: 1735.081643194682
  yaw: -7.2070284
  pitch: 0.3000121
logoutlocation:
  world: wooftywoo
  x: 999.1460612700428
  y: 68.0
  z: 1999.3172234287244
  yaw: 177.30249
  pitch: 32.849945
