lastAccountName: ScootScoot47
timestamps:
  login: 1450577585383
  lastteleport: 1450577669995
  logout: 1450577758213
ipAddress: 104.246.12.227
lastlocation:
  world: survival
  x: -18.525608451886114
  y: 69.0625
  z: -50.38368615746814
  yaw: 356.69974
  pitch: 26.249977
nickname: Matthew
logoutlocation:
  world: creative
  x: 25356.201331011223
  y: 68.8619752815162
  z: 24273.211560991873
  yaw: -358.49915
  pitch: 33.000042
