lastAccountName: CaptainHubbard
timestamps:
  login: 1465876998340
  lastteleport: 1465877029881
  logout: 1465877047832
ipAddress: 73.25.152.132
lastlocation:
  world: spawn
  x: -9.160946879636313
  y: 9.0
  z: -42.10862226409776
  yaw: -182.10017
  pitch: 50.099995
logoutlocation:
  world: '1_9'
  x: 80.19609659490177
  y: 55.18843735965937
  z: -319.97700207091265
  yaw: 134.25009
  pitch: 22.199987
