lastAccountName: gd10061594
timestamps:
  login: 1438745189616
  lastteleport: 1438381057572
  logout: 1438745196716
ipAddress: 76.210.213.79
lastlocation:
  world: wooftywoo
  x: -1202.4907555561513
  y: 63.0
  z: -6346.3569310267285
  yaw: -174.90213
  pitch: 12.450008
logoutlocation:
  world: flat
  x: -251.3472448001677
  y: 4.0
  z: -385.887042901933
  yaw: 150.59485
  pitch: 61.82038
nickname: creeperedge
