timestamps:
  login: 1393031214916
  logout: 1393031276765
ipAddress: 123.243.161.122
lastlocation:
  world: wooftywoo
  x: 645.0
  y: 67.0
  z: 414.0
  yaw: 89.850006
  pitch: -1.949999
logoutlocation:
  world: wooftywoo
  x: 588.1080709152851
  y: 67.0
  z: 495.88459593714293
  yaw: -17.528137
  pitch: 33.372875
lastAccountName: barcelonacrazy
