lastAccountName: ctswims
timestamps:
  login: 1431200358999
  logout: 1431200398438
ipAddress: 72.95.26.76
lastlocation:
  world: wooftywoo
  x: 645.0
  y: 67.0
  z: 414.0
  yaw: 89.850006
  pitch: -1.949999
logoutlocation:
  world: wooftywoo
  x: -1256.994607004009
  y: 99.0
  z: -6174.300000011921
  yaw: -342.90054
  pitch: 30.29999
