timestamps:
  login: 1390845205443
  logout: 1390845311242
  lastteleport: 1390844396592
ipAddress: 83.227.162.242
lastlocation:
  world: wooftywoo
  x: 585.1006331791609
  y: 86.0
  z: 2111.2849424286696
  yaw: 16.50026
  pitch: 14.250045
logoutlocation:
  world: wooftywoo
  x: 2101.300000011921
  y: 76.0
  z: -1107.237500011921
  yaw: 216.0
  pitch: 116.0
lastAccountName: eb100
