timestamps:
  login: 1393720693214
  logout: 1393720914249
  lastteleport: 1393025724715
ipAddress: 67.233.213.158
logoutlocation:
  world: creative
  x: 4.844800103203254
  y: 51.64095511965241
  z: 70.96707506305289
  yaw: -252.78662
  pitch: -59.700005
lastlocation:
  world: creative
  x: -263.655338954216
  y: 78.09803449817757
  z: 164.90695894307373
  yaw: -74.100464
  pitch: 29.40001
lastAccountName: enderminer321
