lastAccountName: EmmettGaming
timestamps:
  login: 1466797651533
  lastteleport: 1466798721359
  logout: 1466797605254
ipAddress: 86.145.208.103
lastlocation:
  world: '1_9'
  x: 127.21513404822977
  y: 67.0
  z: -317.5209524080993
  yaw: 153.1502
  pitch: -12.300007
godmode: false
logoutlocation:
  world: '1_9'
  x: -509.83351350272187
  y: 67.98333554948366
  z: 83.07176118780382
  yaw: 245.83517
  pitch: 22.19998
afk: false
money: '363.5'
homes:
  home:
    world: '1_9'
    x: -428.7060884017485
    y: 70.0
    z: 379.7559307734827
    yaw: 3.2857177
    pitch: -6.14998
