lastAccountName: EmmettGaming
timestamps:
  login: 1466933545189
  lastteleport: 1466934201065
  logout: 1466934330064
ipAddress: 86.145.208.103
lastlocation:
  world: flat
  x: 399.519757113549
  y: 4.0
  z: -6.01233823769248
  yaw: 100.04813
  pitch: 5.8499937
godmode: false
logoutlocation:
  world: '1_9'
  x: -589.5233799422903
  y: 73.0
  z: 392.2722153140797
  yaw: -323.71368
  pitch: 66.59996
afk: false
money: '10624263.5'
homes:
  home:
    world: '1_9'
    x: -428.7060884017485
    y: 70.0
    z: 379.7559307734827
    yaw: 3.2857177
    pitch: -6.14998
