lastAccountName: Yeons
timestamps:
  login: 1465717076505
  lastteleport: 1465717189375
  logout: 1465717218347
ipAddress: 121.184.14.96
lastlocation:
  world: wooftywoo
  x: 550.8306082788507
  y: 78.0625
  z: -469.7177497639023
  yaw: 82.31558
  pitch: 31.967274
godmode: false
logoutlocation:
  world: creative
  x: -1262.7528958048215
  y: 129.74832762915457
  z: -1381.787389187279
  yaw: -163.55255
  pitch: 75.45308
