lastAccountName: MonkeyWitMtnDew
timestamps:
  login: 1431211875963
  lastteleport: 1431212141125
  logout: 1431212222840
ipAddress: 98.233.251.20
lastlocation:
  world: wooftywoo
  x: -1240.43663205121
  y: 93.0
  z: -6276.935929174479
  yaw: -97.8006
  pitch: 18.599987
logoutlocation:
  world: wooftywoo
  x: -16568.97279465221
  y: 71.0
  z: -16249.496037883486
  yaw: -283.27133
  pitch: 2.6997824
