lastAccountName: RCdabeast
timestamps:
  login: 1442771629761
  logout: 1442771902359
  lastteleport: 1442771688522
ipAddress: 92.236.158.140
lastlocation:
  world: survival
  x: 40.007907590848795
  y: 73.0
  z: 147.80540101577213
  yaw: -4.6389465
  pitch: 16.973614
logoutlocation:
  world: survival
  x: 4.551653234716253
  y: 69.0
  z: -47.00476358848061
  yaw: 7.9816957
  pitch: 40.758934
