lastAccountName: SlimJim487
timestamps:
  login: 1460929357819
  lastteleport: 1460930903719
  logout: 1460930920707
ipAddress: 162.225.222.212
lastlocation:
  world: wooftywoo
  x: -382.69999998807907
  y: 201.0
  z: 1071.4268465722846
  yaw: 89.387665
  pitch: 13.504855
logoutlocation:
  world: wooftywoo
  x: 4000.315051990727
  y: 91.0
  z: 4055.0427393076657
  yaw: -307.54697
  pitch: 5.6510787
nickname: §5Slim§5
homes:
  house:
    world: '1_9'
    x: -429.18567988891994
    y: 70.0
    z: 387.57632671280277
    yaw: -153.7509
    pitch: 8.278625
  oak:
    world: '1_9'
    x: -1148.5466958656214
    y: 64.0
    z: 533.7070013463873
    yaw: -226.82349
    pitch: 36.84478
afk: false
