lastAccountName: _AlexIsTheName_
timestamps:
  login: 1432852758858
  logout: 1432854396071
ipAddress: 172.56.13.57
lastlocation:
  world: wooftywoo
  x: -1230.9309187444726
  y: 99.0
  z: -6153.9941417281625
  yaw: -120.15206
  pitch: 19.350018
afk: false
logoutlocation:
  world: wooftywoo
  x: 4000.1134853421972
  y: 91.0
  z: 4053.6470383962096
  yaw: -170.37364
  pitch: 13.634325
