lastAccountName: thesquid24
timestamps:
  login: 1407369095926
  logout: 1407369134494
  lastteleport: 1407286255162
  mute: 0
ipAddress: 76.227.90.106
lastlocation:
  world: wooftywoo
  x: 3982.761433669628
  y: 91.0
  z: 4065.524939574525
  yaw: -269.25024
  pitch: 13.049998
logoutlocation:
  world: creative
  x: 24398.19571639959
  y: 68.87917581245732
  z: 24219.82355519109
  yaw: -146.69516
  pitch: 19.799976
homes:
  home:
    world: creative
    x: 25077.917819514194
    y: 66.0
    z: 24170.159983281166
    yaw: 214.80194
    pitch: 24.750025
afk: false
muted: false
