lastAccountName: SlayerDevon
timestamps:
  login: 1433473697277
  lastteleport: 1431025824255
  logout: 1433473778229
  lastheal: 1430429441725
ipAddress: 66.188.86.238
lastlocation:
  world: wooftywoo
  x: 1740.3214234539985
  y: 65.0
  z: 1245.2989522638466
  yaw: -87.44886
  pitch: 21.749765
nickname: Devon
logoutlocation:
  world: wooftywoo
  x: -1201.3805739204813
  y: 103.0
  z: -6220.176809127899
  yaw: 86.85027
  pitch: 5.999977
afk: false
