lastAccountName: Daimondking1573
timestamps:
  login: 1451622756669
  lastteleport: 1451624256179
  logout: 1451624354847
ipAddress: 180.131.230.159
lastlocation:
  world: flat
  x: 377.0024111416537
  y: 4.0
  z: 251.6013454881
  yaw: -325.50076
  pitch: 13.349998
logoutlocation:
  world: survival
  x: 60.7900025031354
  y: 74.5
  z: 69.70972469603183
  yaw: -64.869606
  pitch: -9.447513
