lastAccountName: LegendOfNoah
timestamps:
  login: 1439231149606
  lastteleport: 1439231512520
  logout: 1439232080404
ipAddress: 98.111.100.111
lastlocation:
  world: wooftywoo
  x: -1214.9430760251078
  y: 63.0
  z: -6351.333981352464
  yaw: 15.176387
  pitch: 9.7923975
logoutlocation:
  world: wooftywoo
  x: -1212.403029445949
  y: 103.0
  z: -6205.252447131492
  yaw: 45.420715
  pitch: 65.13613
money: '3'
