lastAccountName: Calpian
timestamps:
  login: 1423703414129
  logout: 1423703455603
ipAddress: 68.47.213.59
lastlocation:
  world: wooftywoo
  x: 645.0
  y: 67.0
  z: 414.0
  yaw: 89.850006
  pitch: -1.949999
logoutlocation:
  world: wooftywoo
  x: 1047.6310057501064
  y: 66.0
  z: 1658.803855219838
  yaw: -0.45605716
  pitch: 13.350006
