lastAccountName: MRcowswag31
timestamps:
  login: 1442753346230
  lastteleport: 1442752355470
  logout: 1442753351530
  lastheal: 1442751416289
ipAddress: 188.223.54.62
lastlocation:
  world: flat
  x: -298.17664871801645
  y: 29.37380473503989
  z: -292.290471363202
  yaw: -10.70098
  pitch: -27.599985
nickname: MRcowswag31
logoutlocation:
  world: flat
  x: -274.1678375799715
  y: 11.037065434629161
  z: -282.8195722691965
  yaw: -214.78635
  pitch: 24.600008
