lastAccountName: OwenReeves
timestamps:
  login: 1454264273306
  lastteleport: 1454264725098
  logout: 1454264855411
ipAddress: 152.208.6.204
lastlocation:
  world: survival
  x: 4.264745904163668
  y: 69.0
  z: -63.40547973912784
  yaw: -297.90076
  pitch: 16.500017
logoutlocation:
  world: survival
  x: 43.300000011920915
  y: 72.0
  z: 61.69999998807906
  yaw: 76.6503
  pitch: -9.450004
nickname: OwenHunter2
homes:
  base:
    world: wooftywoo
    x: 3.640304638878148
    y: 9.0
    z: 361.51311815258214
    yaw: 91.11084
    pitch: 2.700003
  ground:
    world: wooftywoo
    x: -21.339164378880724
    y: 66.0
    z: 362.30000001192093
    yaw: 258.9029
    pitch: 24.734364
  slime:
    world: wooftywoo
    x: -97.20006246326862
    y: 64.0
    z: 78.93493509985888
    yaw: 167.40436
    pitch: 11.850095
money: '41.0'
afk: false
