timestamps:
  login: 1393800451209
  lastteleport: 1393801045084
  logout: 1393801133734
ipAddress: 99.102.13.60
lastlocation:
  world: wooftywoo
  x: 665.9424562759225
  y: 67.0
  z: 437.4709147036703
  yaw: -131.25104
  pitch: 56.39999
logoutlocation:
  world: wooftywoo
  x: 645.6905466849962
  y: 67.0
  z: 416.6892147296824
  yaw: 332.39935
  pitch: 10.349992
lastAccountName: jalthejew
