lastAccountName: xXMeepster2Xx
timestamps:
  login: 1461726628645
  lastteleport: 1461727126993
  logout: 1461727246826
ipAddress: 174.25.64.132
lastlocation:
  world: wooftywoo
  x: 4021.074999988079
  y: 91.0
  z: 4039.184110599199
  yaw: -97.20715
  pitch: 39.513885
logoutlocation:
  world: wooftywoo
  x: 3999.1085074746443
  y: 91.0
  z: 4023.8443311542474
  yaw: -12.863159
  pitch: -7.5769486
