timestamps:
  login: 1391357484368
  logout: 1391357607249
ipAddress: 79.98.35.2
homes:
  home:
    world: wooftywoo
    x: -962.5782603347756
    y: 49.0
    z: 1478.5267119947432
    yaw: 274.5372
    pitch: 18.149805
logoutlocation:
  world: wooftywoo
  x: -949.8239060160251
  y: 53.0
  z: 1531.0437636596016
  yaw: -193.91313
  pitch: 33.599705
lastAccountName: spy0808
