lastAccountName: Stripedjet
timestamps:
  login: 1436817861798
  lastteleport: 1436818261396
  logout: 1436818267443
ipAddress: 67.191.248.187
lastlocation:
  world: wooftywoo
  x: 503.92500001192093
  y: 64.0
  z: 186.07499998807907
  yaw: -117.0195
  pitch: -64.14591
logoutlocation:
  world: wooftywoo
  x: -1213.9500459205035
  y: 63.0
  z: -6341.799756269504
  yaw: -330.36765
  pitch: 19.089457
