lastAccountName: BreezyOG
timestamps:
  login: 1430317860595
  logout: 1430318002835
ipAddress: 75.80.164.226
lastlocation:
  world: wooftywoo
  x: 645.0
  y: 67.0
  z: 414.0
  yaw: 89.850006
  pitch: -1.949999
logoutlocation:
  world: wooftywoo
  x: 1035.6348306271482
  y: 65.5
  z: 1582.8642977189959
  yaw: -100.59518
  pitch: 14.870917
