lastAccountName: crazy_boy132
timestamps:
  login: 1414069828661
  lastteleport: 1414070088204
  logout: 1414070201903
ipAddress: 80.121.49.1
lastlocation:
  world: wooftywoo
  x: 1004.9617058126522
  y: 76.0
  z: 2002.290083119775
  yaw: 111.13324
  pitch: 29.494173
logoutlocation:
  world: flat
  x: 25.33858593991484
  y: 29.481299389716
  z: 92.02904855584309
  yaw: -179.2431
  pitch: 15.462409
