lastAccountName: KragenClaw
timestamps:
  login: 1466773187916
  lastteleport: 1466737676024
  logout: 1466775036723
ipAddress: 174.25.100.179
lastlocation:
  world: flat
  x: 85.73889448460031
  y: 26.61938110505651
  z: -225.63006956922985
  yaw: 78.750885
  pitch: 9.900127
godmode: false
logoutlocation:
  world: plots
  x: -68.72917557425872
  y: 77.1433859496172
  z: 111.35808563511674
  yaw: 324.90344
  pitch: 36.450077
afk: false
