timestamps:
  login: 1389838509976
  logout: 1389838567511
ipAddress: 24.182.80.241
lastlocation:
  world: wooftywoo
  x: 645.0
  y: 67.0
  z: 414.0
  yaw: 89.850006
  pitch: -1.949999
logoutlocation:
  world: wooftywoo
  x: 644.6980977821988
  y: 67.0
  z: 416.1085502425878
  yaw: 324.60315
  pitch: 8.343121
lastAccountName: _tunturi_
