lastAccountName: crazygirl0622
timestamps:
  login: 1408214882046
  lastteleport: 1407094150692
  logout: 1408214917208
ipAddress: 50.164.124.123
lastlocation:
  world: wooftywoo
  x: 1004.4929806094813
  y: 76.0
  z: 2000.59670113708
  yaw: -267.4499
  pitch: 36.899994
nickname: crazygirl0622
logoutlocation:
  world: creative
  x: 25086.69999998808
  y: 54.0
  z: 24178.30000001192
  yaw: -121.79874
  pitch: 57.299984
