lastAccountName: sharona9
timestamps:
  login: 1434556978914
  lastteleport: 1434557969967
  logout: 1434558128599
ipAddress: 84.83.153.14
lastlocation:
  world: wooftywoo
  x: 30.026478510774933
  y: 82.0
  z: 683.7345459562422
  yaw: -328.0498
  pitch: 25.950033
homes:
  home:
    world: wooftywoo
    x: 69.22135589311591
    y: 64.0
    z: 726.691096941383
    yaw: -188.14441
    pitch: 14.250054
logoutlocation:
  world: wooftywoo
  x: 12.300000011920927
  y: 63.0
  z: 694.0716368551027
  yaw: 68.50555
  pitch: 12.90007
