lastAccountName: raseraa
timestamps:
  login: 1467164574357
  lastteleport: 1467163395423
  logout: 1467164885225
  mute: 0
ipAddress: 173.28.59.218
lastlocation:
  world: wooftywoo
  x: 551.7712050952683
  y: 78.0625
  z: -444.36985595041585
  yaw: -11.703808
  pitch: 2.5026095
logoutlocation:
  world: spawn
  x: 2.561244048605714
  y: 10.0
  z: -9.899193253499007
  yaw: 76.908325
  pitch: 15.396056
nickname: ยง6Dolly_Parton
homes:
  home:
    world: flat
    x: 9.522701930722311
    y: 4.0
    z: 171.9566463835884
    yaw: 90.52869
    pitch: -2.286109
  enderfarm:
    world: wooftywoo_the_end
    x: 301.62205373626404
    y: 49.0
    z: -0.3946523732547701
    yaw: 261.05542
    pitch: 18.420671
  potadandras:
    world: wooftywoo
    x: -5145.322905253424
    y: 72.0
    z: -19470.597456697913
    yaw: 277.63013
    pitch: 37.652462
  pixlshome:
    world: flat
    x: -352.9884638453353
    y: 4.0
    z: -29.195748893094144
    yaw: 357.02063
    pitch: 6.9706426
  freddy_s:
    world: flat
    x: 252.37902010108655
    y: 4.0
    z: -47.25400309881338
    yaw: 179.45166
    pitch: -0.6845583
afk: false
money: '9734.0'
muted: false
godmode: false
