lastAccountName: raseraa
timestamps:
  login: 1465528250928
  lastteleport: 1465530988975
  logout: 1465531303276
  mute: 0
ipAddress: 173.28.59.218
lastlocation:
  world: greenfield
  x: -176.6282309264919
  y: 65.0
  z: -215.5155583569439
  yaw: 15.863159
  pitch: 17.3001
logoutlocation:
  world: greenfield
  x: 1385.0408593330003
  y: 69.0
  z: -62.32995105363743
  yaw: 211.10815
  pitch: 31.7803
nickname: ยง5Malala_Yousafzai
homes:
  home:
    world: flat
    x: 9.522701930722311
    y: 4.0
    z: 171.9566463835884
    yaw: 90.52869
    pitch: -2.286109
  enderfarm:
    world: wooftywoo_the_end
    x: 301.62205373626404
    y: 49.0
    z: -0.3946523732547701
    yaw: 261.05542
    pitch: 18.420671
  potadandras:
    world: wooftywoo
    x: -5145.322905253424
    y: 72.0
    z: -19470.597456697913
    yaw: 277.63013
    pitch: 37.652462
  pixlshome:
    world: flat
    x: -352.9884638453353
    y: 4.0
    z: -29.195748893094144
    yaw: 357.02063
    pitch: 6.9706426
  freddy_s:
    world: flat
    x: 252.37902010108655
    y: 4.0
    z: -47.25400309881338
    yaw: 179.45166
    pitch: -0.6845583
afk: false
money: '9734.0'
muted: false
godmode: false
