lastAccountName: virtual_diamond
timestamps:
  login: 1410409679209
  lastteleport: 1410292878195
  logout: 1410410156632
ipAddress: 98.165.115.132
lastlocation:
  world: flat
  x: -3.64855930909389
  y: 5.499574540498895
  z: 5.385744139949498
  yaw: -28.115967
  pitch: 2.3465252
logoutlocation:
  world: flat
  x: 13.332532131014686
  y: 19.659325679238847
  z: -23.219229422520584
  yaw: -174.55396
  pitch: 11.504347
