lastAccountName: elva88
timestamps:
  login: 1464057118119
  lastteleport: 1463849345115
  lastheal: 1463807720153
  logout: 1464057120962
ipAddress: 50.70.132.72
lastlocation:
  world: crapcakesandapplesauce
  x: 514.2266123724705
  y: 85.73785107834685
  z: 459.37289358706414
  yaw: 71.13666
  pitch: 22.120829
godmode: false
logoutlocation:
  world: wooftywoo
  x: 1018.4076996330801
  y: 239.0
  z: -4717.193841806663
  yaw: 19.909454
  pitch: 72.51467
afk: false
