lastAccountName: johiphop2
timestamps:
  login: 1432774290166
  lastteleport: 1432774311624
  logout: 1432774375884
ipAddress: 74.124.96.26
lastlocation:
  world: wooftywoo
  x: -1201.699999988079
  y: 63.0
  z: -6348.497911293855
  yaw: -231.05093
  pitch: 53.41329
logoutlocation:
  world: wooftywoo
  x: 441.30000001192093
  y: 71.0
  z: 241.30000001192093
  yaw: 147.76706
  pitch: 11.464261
