lastAccountName: Bookworms5128
timestamps:
  login: 1456087199576
  lastteleport: 1456087399812
  logout: 1456087422595
ipAddress: 70.210.57.39
lastlocation:
  world: survival
  x: -20.296051958997143
  y: 69.0625
  z: -50.04368216140263
  yaw: -42.74951
  pitch: 23.999998
logoutlocation:
  world: creative
  x: 25036.25160298869
  y: 78.32664013684659
  z: 24173.512543644032
  yaw: 95.70073
  pitch: 20.250008
