lastAccountName: alup132
timestamps:
  login: 1428630506011
  lastteleport: 1428630508562
  logout: 1428630613347
ipAddress: 66.87.98.50
lastlocation:
  world: wooftywoo
  x: 1031.5
  y: 65.0
  z: 1576.5
  yaw: -33.906036
  pitch: 10.050002
logoutlocation:
  world: wooftywoo
  x: 1006.5
  y: 67.0
  z: 2002.5
  yaw: -90.60545
  pitch: -1.0500008
