lastAccountName: FllamaGirl94
timestamps:
  login: 1407626549345
  lastteleport: 1407626919586
  logout: 1407626955422
ipAddress: 80.43.14.46
lastlocation:
  world: wooftywoo
  x: 2059.5
  y: 72.0
  z: -1132.5
  yaw: 109.94822
  pitch: 35.700012
logoutlocation:
  world: wooftywoo
  x: 1006.5
  y: 66.5
  z: 2002.5
  yaw: -283.0498
  pitch: 9.600004
