timestamps:
  login: 1394284450239
  lastteleport: 1394286411246
  logout: 1394286435796
ipAddress: 116.64.243.83
lastlocation:
  world: wooftywoo
  x: 593.6511052744463
  y: 61.0
  z: 452.69999998807907
  yaw: -0.71414185
  pitch: 30.150017
logoutlocation:
  world: wooftywoo
  x: 9133.924553213166
  y: 72.0
  z: 12050.987809128907
  yaw: -75.7829
  pitch: 10.350039
lastAccountName: cursedblood90
