timestamps:
  login: 1393116139285
  logout: 1393118492285
  lastteleport: 1393116219685
ipAddress: 173.16.14.88
logoutlocation:
  world: wooftywoo
  x: -1371.217284074144
  y: 66.0
  z: 6386.700880153264
  yaw: -85.09839
  pitch: 13.349957
lastlocation:
  world: wooftywoo
  x: 645.0
  y: 67.0
  z: 414.0
  yaw: 87.6
  pitch: -2.699999
nickname: king_james
homes:
  home:
    world: wooftywoo
    x: -1366.1054053097002
    y: 66.0
    z: 6389.375897767901
    yaw: -200.45142
    pitch: 6.299963
lastAccountName: james_lemonds
