lastAccountName: LouieCalibur
timestamps:
  login: 1438476210094
  lastteleport: 1438476047576
  logout: 1438476575182
ipAddress: 96.59.136.194
lastlocation:
  world: wooftywoo
  x: 650.4028458919385
  y: 85.73784011461642
  z: 312.3825148186855
  yaw: 216.75229
  pitch: 28.62252
nickname: SuperMan
afk: false
logoutlocation:
  world: wooftywoo
  x: 599.3426352628444
  y: 72.0
  z: 367.14186013500677
  yaw: 89.85029
  pitch: 31.885952
