lastAccountName: Hassasin
timestamps:
  login: 1439669395692
  lastteleport: 1439669593625
  logout: 1439669627477
ipAddress: 213.122.76.136
lastlocation:
  world: wooftywoo
  x: 4021.0014917795243
  y: 91.0
  z: 4039.644919539395
  yaw: -111.151306
  pitch: 56.699993
logoutlocation:
  world: wooftywoo
  x: 645.0
  y: 67.0
  z: 414.0
  yaw: 88.35002
  pitch: 4.050006
