lastAccountName: 5902MIke
timestamps:
  login: 1440196632646
  lastteleport: 1439681655166
  logout: 1440196647193
ipAddress: 24.20.71.13
lastlocation:
  world: wooftywoo
  x: -1202.4336089151088
  y: 63.0
  z: -6345.78551575827
  yaw: -219.00212
  pitch: 39.45001
logoutlocation:
  world: wooftywoo
  x: -1272.1027025228295
  y: 103.0
  z: -6161.391878786801
  yaw: -131.25142
  pitch: 33.300064
