timestamps:
  login: 1466127433390
  lastteleport: 1466129825059
  logout: 1466134633649
  mute: 0
ipAddress: 114.77.98.237
lastlocation:
  world: wooftywoo
  x: 4019.4697774994775
  y: 91.0
  z: 4065.4945604872114
  yaw: -88.35129
  pitch: 32.399952
homes:
  home:
    world: wooftywoo
    x: 1538.1695220246095
    y: 60.0
    z: -4657.110005584842
    yaw: 273.74866
    pitch: 6.1499796
logoutlocation:
  world: checkers
  x: -15.701769176085243
  y: 92.0
  z: -2.547822910622974
  yaw: 283.917
  pitch: 17.99994
nickname: Harry
lastAccountName: Jordan_and_Harry
muted: false
afk: false
