lastAccountName: TheBlueGuySquid
timestamps:
  login: 1441367269908
  lastteleport: 1436015776003
  logout: 1441367301038
ipAddress: 78.72.208.117
lastlocation:
  world: wooftywoo
  x: 645.0
  y: 67.0
  z: 414.0
  yaw: 89.850006
  pitch: -1.949999
logoutlocation:
  world: survival
  x: 14.638778128129657
  y: 67.0
  z: -10.121889527136853
  yaw: -231.15013
  pitch: 12.449981
nickname: TheWizard
