lastAccountName: JackGr8
timestamps:
  login: 1403052754528
  logout: 1403052899067
ipAddress: 50.136.133.156
lastlocation:
  world: wooftywoo
  x: 645.0
  y: 67.0
  z: 414.0
  yaw: 89.850006
  pitch: -1.949999
logoutlocation:
  world: wooftywoo
  x: 641.680229010532
  y: 67.0
  z: 411.59830043446
  yaw: 227.97894
  pitch: 12.4634495
