lastAccountName: flying_donkiee
timestamps:
  login: 1434571309685
  lastteleport: 1434571321450
  logout: 1434571328651
ipAddress: 24.192.26.147
lastlocation:
  world: wooftywoo
  x: 383.69999998807907
  y: 98.0
  z: 49.69999998807907
  yaw: 20.355581
  pitch: 73.19998
logoutlocation:
  world: wooftywoo
  x: 4002.0359376979154
  y: 91.0
  z: 4087.835175749924
  yaw: -89.101456
  pitch: 21.300001
