lastAccountName: explodcake2004
timestamps:
  login: 1442686342306
  logout: 1442686804370
  lastteleport: 1442686498798
ipAddress: 108.248.200.96
lastlocation:
  world: wooftywoo
  x: 3691.5352371462845
  y: 199.2664623801209
  z: 6725.672308766403
  yaw: -4.805242
  pitch: 23.250021
logoutlocation:
  world: wooftywoo
  x: 3262.36798889544
  y: 1.0
  z: 5323.471677144864
  yaw: -180.90222
  pitch: 18.749996
nickname: Mr_Potatooo
