timestamps:
  login: 1413157245154
  logout: 1413157700493
  lastteleport: 1409189130203
  mute: 0
ipAddress: 24.234.189.137
logoutlocation:
  world: wooftywoo
  x: -271.845797237686
  y: 75.0
  z: 7929.17248625672
  yaw: -334.1191
  pitch: 8.941649
lastlocation:
  world: wooftywoo_nether
  x: -128.10280270411
  y: 46.0
  z: 971.5107435425847
  yaw: 63.729187
  pitch: 10.322162
homes:
  home:
    world: wooftywoo
    x: -269.68917808146665
    y: 75.0
    z: 7932.0260058038175
    yaw: -177.00635
    pitch: 19.021887
muted: false
nickname: soup
lastAccountName: I_luv_soup_yo
afk: false
money: '10106.0'
