timestamps:
  login: 1399569639765
  logout: 1399570046156
ipAddress: 86.11.87.225
lastlocation:
  world: wooftywoo
  x: 645.0
  y: 67.0
  z: 414.0
  yaw: 89.850006
  pitch: -1.949999
logoutlocation:
  world: wooftywoo
  x: 593.3000000119209
  y: 32.0
  z: 455.69999998807907
  yaw: 153.15028
  pitch: -88.35
lastAccountName: loow123w
