lastAccountName: TheBlackBoyNL
timestamps:
  login: 1443699814971
  lastteleport: 1443544088618
  logout: 1443699852547
ipAddress: 82.136.203.52
lastlocation:
  world: creative
  x: 25019.897832774226
  y: 80.0
  z: 24178.75312361521
  yaw: -98.05103
  pitch: 46.22783
homes:
  home:
    world: wooftywoo
    x: 844.6491929650664
    y: 64.0
    z: 382.56268229548846
    yaw: 197.92493
    pitch: 13.1947565
logoutlocation:
  world: survival
  x: 13.755448675084953
  y: 69.0
  z: -85.48144863705382
  yaw: 79.868385
  pitch: 17.243738
