lastAccountName: TheEnderLord634
timestamps:
  login: 1430361242644
  lastteleport: 1430361785009
  logout: 1430361869972
ipAddress: 172.248.239.190
lastlocation:
  world: wooftywoo
  x: 1004.9205270611398
  y: 76.0
  z: 2000.0759357813197
  yaw: -285.6055
  pitch: 30.6
nickname: MinecraftFTW
logoutlocation:
  world: creative
  x: 25172.308915791964
  y: 68.0
  z: 24163.823734574114
  yaw: -121.64871
  pitch: 49.5
