lastAccountName: SpeedyBono
timestamps:
  login: 1430333010108
  lastteleport: 1430333260254
  logout: 1430333538564
ipAddress: 65.26.203.135
lastlocation:
  world: wooftywoo
  x: 1045.8012839890587
  y: 65.0
  z: 1856.2226108759392
  yaw: -279.15588
  pitch: 4.800018
logoutlocation:
  world: wooftywoo
  x: 1015.5068401621648
  y: 67.0
  z: 2003.3305003528417
  yaw: 269.24475
  pitch: 20.699997
