lastAccountName: PinkKittey
timestamps:
  login: 1447713726111
  logout: 1447713760964
ipAddress: 73.35.61.102
lastlocation:
  world: wooftywoo
  x: 3997.5
  y: 91.0
  z: 4088.5
  yaw: -90.3
  pitch: 2.7
logoutlocation:
  world: survival
  x: 2.298387345238443
  y: 71.0
  z: -11.092114471061116
  yaw: -182.99997
  pitch: 16.34999
