lastAccountName: TheChaosWarrior
timestamps:
  login: 1435092091246
  lastteleport: 1435092417550
  logout: 1435092996795
ipAddress: 99.0.6.67
lastlocation:
  world: wooftywoo
  x: -1202.5
  y: 63.0
  z: -6345.5
  yaw: -179.55212
  pitch: -3.4499912
logoutlocation:
  world: wooftywoo
  x: -1181.925000011921
  y: 107.0
  z: -6161.300000011921
  yaw: 270.89154
  pitch: 33.89999
