lastAccountName: tomstar995
timestamps:
  login: 1467119020218
  logout: 1467119909631
ipAddress: 81.135.238.101
lastlocation:
  world: '1_9'
  x: 129.49683451067
  y: 67.0
  z: -317.550688110391
  yaw: 270.4503
  pitch: 2.9999967
afk: false
logoutlocation:
  world: spawn
  x: 67.48750001192091
  y: 10.0
  z: -56.038422950436434
  yaw: -272.24994
  pitch: -83.399994
