lastAccountName: snappie_youtube
timestamps:
  login: 1437338180461
  lastteleport: 1437340057452
  logout: 1437340060400
ipAddress: 92.109.28.238
lastlocation:
  world: wooftywoo
  x: 562.333666152668
  y: 61.0
  z: 241.30000001192093
  yaw: -322.2244
  pitch: 10.799971
homes:
  home:
    world: wooftywoo
    x: 847.5033255823221
    y: 68.0
    z: 381.06475656046035
    yaw: -235.97458
    pitch: 43.2
logoutlocation:
  world: wooftywoo
  x: 847.5
  y: 68.0
  z: 381.5
  yaw: -250.5246
  pitch: 77.1
afk: false
