lastAccountName: goldhero7869
timestamps:
  login: 1409607173762
  lastteleport: 1409607655495
  logout: 1409608100233
ipAddress: 24.170.158.223
lastlocation:
  world: wooftywoo
  x: 679.5
  y: 77.0
  z: 1550.5
  yaw: 166.7091
  pitch: 35.087116
logoutlocation:
  world: wooftywoo
  x: 679.5
  y: 77.0
  z: 1550.5
  yaw: 166.7091
  pitch: 35.087116
