timestamps:
  login: 1400195492497
  lastteleport: 1400196218382
  logout: 1400196291932
ipAddress: 209.213.247.100
lastlocation:
  world: wooftywoo
  x: 1516.351054744555
  y: 73.0
  z: -4493.490560060727
  yaw: -120.259186
  pitch: -21.299994
homes:
  home:
    world: wooftywoo
    x: 1586.538244646406
    y: 88.0
    z: -4421.300000011921
    yaw: -179.6593
    pitch: 16.0538
logoutlocation:
  world: wooftywoo
  x: 1585.4506536156623
  y: 88.0
  z: -4427.242675633352
  yaw: -17.959412
  pitch: 14.703806
lastAccountName: finalsmash2012
