lastAccountName: cmichaeld
timestamps:
  login: 1422800689708
  logout: 1422800747489
ipAddress: 98.206.59.52
lastlocation:
  world: wooftywoo
  x: 645.0
  y: 67.0
  z: 414.0
  yaw: 89.850006
  pitch: -1.949999
logoutlocation:
  world: wooftywoo
  x: 1050.1852683701686
  y: 65.0
  z: 1664.9647577931012
  yaw: -355.8061
  pitch: 15.149996
