lastAccountName: pingmeisterr
timestamps:
  login: 1439491384467
  lastteleport: 1439312726019
  logout: 1439492001818
ipAddress: 70.181.190.58
lastlocation:
  world: wooftywoo
  x: 628.069658045566
  y: 67.0
  z: 415.1991707549147
  yaw: -272.0609
  pitch: -13.327563
logoutlocation:
  world: wooftywoo
  x: 622.6106869720248
  y: 83.3338195248677
  z: 445.2925410050333
  yaw: 52.61252
  pitch: 86.4859
