lastAccountName: Finksvik
timestamps:
  login: 1464280665008
  lastteleport: 1464280753115
  logout: 1464281282868
ipAddress: 208.53.240.188
lastlocation:
  world: spawnworld
  x: -9.083934682978636
  y: 9.0
  z: -42.12036375210263
  yaw: 147.95978
  pitch: 10.967661
godmode: false
logoutlocation:
  world: '1_9'
  x: -26.356745088918593
  y: 68.0
  z: -312.87977805429495
  yaw: -89.87155
  pitch: 12.38834
