lastAccountName: Chope1394
timestamps:
  login: 1409623874163
  lastteleport: 1408245054722
  logout: 1409624083737
ipAddress: 24.10.36.206
lastlocation:
  world: wooftywoo
  x: 1005.1043978879743
  y: 76.0
  z: 2002.629238229963
  yaw: 138.15018
  pitch: 20.39999
logoutlocation:
  world: creative
  x: 24968.550938408607
  y: 110.62232804111349
  z: 24219.82696900072
  yaw: 32.251404
  pitch: 30.299927
