lastAccountName: sqirtilenugget
timestamps:
  login: 1428632288753
  lastteleport: 1428632399503
  logout: 1428632440850
ipAddress: 96.251.78.97
lastlocation:
  world: wooftywoo
  x: 1005.5239925006823
  y: 76.0
  z: 2004.1363542708207
  yaw: 82.19621
  pitch: 22.964725
logoutlocation:
  world: wooftywoo
  x: 474.64749517969796
  y: 67.0
  z: 537.4338756610964
  yaw: -197.31145
  pitch: 13.2463455
