lastAccountName: Toxicgoo12
timestamps:
  login: 1441132201252
  logout: 1441132357489
ipAddress: 73.23.47.88
lastlocation:
  world: wooftywoo
  x: 645.0
  y: 67.0
  z: 414.0
  yaw: 89.850006
  pitch: -1.949999
logoutlocation:
  world: survival
  x: 3.036565260305172
  y: 69.5
  z: -41.44628746508867
  yaw: -174.34052
  pitch: -2.4101784
