lastAccountName: ThatGuyWolf
timestamps:
  login: 1460983326237
  lastteleport: 1460982833172
  logout: 1460983573745
ipAddress: 174.44.117.118
lastlocation:
  world: '1_9'
  x: 99.51940039542275
  y: 64.0
  z: -313.30000001192093
  yaw: 35.550198
  pitch: 41.10001
logoutlocation:
  world: '1_9'
  x: 139.84238886009558
  y: 63.0
  z: -333.19229629831716
  yaw: 352.2
  pitch: 11.549977
