lastAccountName: RedPanda_FTW
timestamps:
  login: 1466177811363
  lastteleport: 1466178348956
  logout: 1466178618159
ipAddress: 72.128.42.206
lastlocation:
  world: spawn
  x: -9.168187374324912
  y: 9.0
  z: -41.87665054133359
  yaw: -195.60045
  pitch: -3.0000045
godmode: false
logoutlocation:
  world: '1_9'
  x: 97.0610743227756
  y: 63.0
  z: -361.4903067550426
  yaw: 260.39966
  pitch: 8.699988
