lastAccountName: NerdyNat_19
timestamps:
  login: 1407984220490
  lastteleport: 1407984239938
  logout: 1407984393240
ipAddress: 66.214.59.219
lastlocation:
  world: wooftywoo
  x: 1047.3050482672072
  y: 65.0
  z: 1581.3765885779596
  yaw: -65.10604
  pitch: 6.6000013
logoutlocation:
  world: wooftywoo
  x: 858.6077507751572
  y: 72.0
  z: 831.6999999880791
  yaw: 83.00455
  pitch: 22.755106
