lastAccountName: COOKIEMONSTER101
timestamps:
  login: 1423965362232
  lastteleport: 1423616750163
  logout: 1423965416386
ipAddress: 208.66.15.76
lastlocation:
  world: wooftywoo
  x: 4400.762499988079
  y: 78.0
  z: -44.69999998807907
  yaw: -10.038923
  pitch: 25.74323
afk: false
logoutlocation:
  world: wooftywoo_the_end
  x: 222.53447175166548
  y: 49.0
  z: 0.24605839668663765
  yaw: -91.29321
  pitch: -5.04113
homes:
  enderman:
    world: wooftywoo_the_end
    x: 302.84940168449117
    y: 49.0
    z: -0.05612061068264183
    yaw: -252.6181
    pitch: 23.783373
  home:
    world: wooftywoo
    x: 4403.767729285303
    y: 78.0
    z: -43.39494137680222
    yaw: 145.92525
    pitch: 58.231476
