lastAccountName: Starmute
timestamps:
  login: 1454957721589
  lastteleport: 1454957728141
  logout: 1454957739344
ipAddress: 73.199.202.15
lastlocation:
  world: wooftywoo
  x: -16458.137427158654
  y: 68.0
  z: -16456.951220214367
  yaw: -172.30289
  pitch: 9.996902
logoutlocation:
  world: survival
  x: 377.69999998807907
  y: 74.0
  z: 206.69999998807907
  yaw: -17.857897
  pitch: 31.166636
