lastAccountName: Kawaiiquake
timestamps:
  login: 1430328015482
  logout: 1430328237690
ipAddress: 184.53.42.254
lastlocation:
  world: wooftywoo
  x: 645.0
  y: 67.0
  z: 414.0
  yaw: 89.850006
  pitch: -1.949999
logoutlocation:
  world: wooftywoo
  x: 1054.699999988079
  y: 66.0
  z: 1601.566007168561
  yaw: 138.29404
  pitch: 34.199955
