lastAccountName: starz_23
timestamps:
  login: 1411836651215
  lastteleport: 1411837636823
  logout: 1411837783221
ipAddress: 1.9.106.107
lastlocation:
  world: wooftywoo
  x: 1005.7696243548512
  y: 76.0
  z: 2004.4681719576024
  yaw: -270.3921
  pitch: 23.478241
nickname: Krotus
logoutlocation:
  world: wooftywoo
  x: 1013.3541519414164
  y: 72.87228427519896
  z: 2001.0909634010186
  yaw: -202.97119
  pitch: 15.854586
