timestamps:
  login: 1393789570849
  lastteleport: 1393789616971
  logout: 1393796996526
ipAddress: 67.233.238.137
lastlocation:
  world: wooftywoo
  x: 666.3739051120108
  y: 67.0
  z: 391.69999998807907
  yaw: 348.74985
  pitch: 21.899984
logoutlocation:
  world: wooftywoo
  x: -384.04843447350834
  y: 201.0
  z: 1038.8124761303984
  yaw: 100.64978
  pitch: 24.000023
lastAccountName: beaubear16
