lastAccountName: LiamsFriends
timestamps:
  login: 1435378637657
  logout: 1435379000898
  lastteleport: 1435378940893
ipAddress: 67.240.229.4
lastlocation:
  world: wooftywoo
  x: 652.6882714641483
  y: 68.0
  z: 406.01751413183337
  yaw: 232.49994
  pitch: 18.750006
logoutlocation:
  world: wooftywoo
  x: 545.4129751380775
  y: 53.0
  z: 236.23686422221363
  yaw: 185.06976
  pitch: -2.099982
