lastAccountName: Headshothiro
timestamps:
  login: 1463084037359
  lastteleport: 1463084061099
  logout: 1463084125966
ipAddress: 79.223.59.30
lastlocation:
  world: wooftywoo
  x: 4071.377938918925
  y: 68.0
  z: 4251.955369165115
  yaw: -288.00137
  pitch: 4.8001194
logoutlocation:
  world: spawnworld
  x: 1.2906042133951385
  y: 10.0
  z: 51.699999988079064
  yaw: -148.80038
  pitch: 20.549994
