lastAccountName: hahaha12321
timestamps:
  login: 1438108172635
  logout: 1438108181884
ipAddress: 174.49.249.148
lastlocation:
  world: wooftywoo
  x: 645.0
  y: 67.0
  z: 414.0
  yaw: 89.850006
  pitch: -1.949999
logoutlocation:
  world: wooftywoo
  x: -1202.5
  y: 63.0
  z: -6345.5
  yaw: -179.55212
  pitch: -3.4499912
