timestamps:
  login: 1395355936793
  logout: 1395356019518
ipAddress: 75.39.136.232
logoutlocation:
  world: wooftywoo
  x: 322.60554205846194
  y: 65.0
  z: 337.39166583097784
  yaw: 45.29995
  pitch: 20.399971
lastAccountName: cow_chaser
