lastAccountName: ShadowSteps77
timestamps:
  login: 1444352745063
  logout: 1444352748363
ipAddress: 73.21.110.76
lastlocation:
  world: survival
  x: 21.690224127750792
  y: 75.0
  z: -56.837096672613114
  yaw: -18.588226
  pitch: 24.703962
nickname: Shadow
logoutlocation:
  world: flat
  x: -24.947290549900003
  y: 4.0
  z: 852.3509431222114
  yaw: 312.8296
  pitch: -64.51726
