lastAccountName: billyglickman
timestamps:
  login: 1408136293617
  logout: 1408136381356
  lastteleport: 1408135464907
  mute: 0
ipAddress: 96.224.251.96
lastlocation:
  world: creative
  x: 25021.7201676473
  y: 80.99606674284459
  z: 24179.645846992124
  yaw: -86.84921
  pitch: 12.150011
logoutlocation:
  world: wooftywoo
  x: -25.30000001192093
  y: 62.0
  z: 442.83460955141555
  yaw: -96.64449
  pitch: 15.750173
homes:
  home:
    world: wooftywoo
    x: -26.986155896047357
    y: 62.0
    z: 443.0789308347187
    yaw: -95.744484
    pitch: 15.750173
muted: false
afk: false
