lastAccountName: luigikid13
timestamps:
  login: 1407093840916
  lastteleport: 1407094383752
  logout: 1407094786094
ipAddress: 73.184.101.49
lastlocation:
  world: wooftywoo
  x: 638.8582557560736
  y: 65.0
  z: 440.30000001192093
  yaw: 155.8042
  pitch: 15.150013
nickname: Dylan
logoutlocation:
  world: wooftywoo
  x: 644.4638352698228
  y: 67.0
  z: 412.1856459012923
  yaw: 7.4557495
  pitch: 17.55001
