lastAccountName: alyoop0726
timestamps:
  login: 1466426689460
  lastteleport: 1465953240319
  lastheal: 1465141238700
  logout: 1466426698609
ipAddress: 71.85.12.129
lastlocation:
  world: '1_9'
  x: 128.416051115617
  y: 67.0
  z: -317.0776365937671
  yaw: -285.89993
  pitch: 14.549979
godmode: false
logoutlocation:
  world: '1_9'
  x: 2247.699999988079
  y: 72.0
  z: 700.5895069256742
  yaw: -91.58362
  pitch: 9.150026
money: '2.0'
nickname: alyoop
homes:
  home:
    world: '1_9'
    x: 2268.702627770601
    y: 81.91956573567715
    z: 676.4199233695505
    yaw: 14.6083555
    pitch: 28.161638
afk: false
