lastAccountName: alyoop0726
timestamps:
  login: 1466973691393
  lastteleport: 1466974381565
  lastheal: 1465141238700
  logout: 1466974482002
ipAddress: 64.20.28.104
lastlocation:
  world: '1_9'
  x: -6064.624359125225
  y: 63.0
  z: -901.273430511701
  yaw: 11.717407
  pitch: 2.3999593
godmode: false
logoutlocation:
  world: '1_9'
  x: 2282.300000011921
  y: 74.08240710983456
  z: 687.9492305488966
  yaw: -101.19336
  pitch: 48.561665
money: '2.0'
nickname: alyoop
homes:
  home:
    world: '1_9'
    x: 2268.702627770601
    y: 81.91956573567715
    z: 676.4199233695505
    yaw: 14.6083555
    pitch: 28.161638
afk: false
