lastAccountName: IVST
timestamps:
  login: 1435596896895
  logout: 1435601133785
  lastteleport: 1435600822204
ipAddress: 78.68.204.4
lastlocation:
  world: wooftywoo
  x: 645.0
  y: 68.0
  z: 414.0
  yaw: 89.850006
  pitch: -1.949999
logoutlocation:
  world: wooftywoo
  x: 2286.632369834138
  y: 71.0
  z: -261.5294462584642
  yaw: -63.42893
  pitch: 56.099995
homes:
  home:
    world: wooftywoo
    x: 1487.1604825852842
    y: 64.0
    z: -36.47138083649616
    yaw: 110.71977
    pitch: 18.299986
