lastAccountName: DopiX000
timestamps:
  login: 1436874044562
  logout: 1436874046210
ipAddress: 188.87.90.203
lastlocation:
  world: wooftywoo
  x: 645.0
  y: 67.0
  z: 414.0
  yaw: 89.850006
  pitch: -1.949999
logoutlocation:
  world: wooftywoo
  x: -1215.1628605722772
  y: 63.0
  z: -6355.418130589253
  yaw: -149.85141
  pitch: 5.2500234
