timestamps:
  login: 1391568397073
  lastteleport: 1391568824101
  logout: 1391568905951
ipAddress: 68.112.129.191
lastlocation:
  world: wooftywoo
  x: 623.7137407491624
  y: 67.0
  z: 391.04553803075635
  yaw: 342.90186
  pitch: 39.300022
logoutlocation:
  world: wooftywoo
  x: 2071.932778804611
  y: 67.0
  z: 178.27804930892245
  yaw: -160.94986
  pitch: 28.94994
lastAccountName: poic100
