lastAccountName: SLKJE03
timestamps:
  login: 1408439042119
  lastteleport: 1408438566443
  logout: 1408439098142
ipAddress: 86.143.221.90
lastlocation:
  world: wooftywoo
  x: 1004.9760508671668
  y: 76.0
  z: 2001.2014575426083
  yaw: 81.89433
  pitch: 28.95
logoutlocation:
  world: flat
  x: 32.678353468966804
  y: 4.0
  z: -37.158794490304786
  yaw: 181.65009
  pitch: 1.1999985
homes:
  home:
    world: creative
    x: 25055.060708348712
    y: 70.0
    z: 23850.60471463792
    yaw: -344.40442
    pitch: 10.649887
