lastAccountName: Synthicas
timestamps:
  login: 1460408674773
  lastteleport: 1460409297547
  logout: 1460409422259
ipAddress: 67.247.66.174
lastlocation:
  world: '1_9'
  x: 39.682397108804885
  y: 64.0
  z: -313.30000001192093
  yaw: -61.949814
  pitch: 90.0
logoutlocation:
  world: '1_9'
  x: 36.699999988079085
  y: 64.0
  z: -313.3121208166741
  yaw: 29.249786
  pitch: 57.149975
