timestamps:
  login: 1395567521417
  lastteleport: 1395567558467
  logout: 1395567779868
ipAddress: 88.113.50.166
lastlocation:
  world: wooftywoo
  x: 664.4837466632923
  y: 67.0
  z: 391.45073630923355
  yaw: 319.67987
  pitch: -1.3346698
logoutlocation:
  world: wooftywoo
  x: -369.79363475068453
  y: 228.0
  z: 1032.49124399622
  yaw: 91.9209
  pitch: 17.697405
lastAccountName: rkoffert2
