lastAccountName: MINDCRAFTMAN112
timestamps:
  login: 1409891506659
  lastteleport: 1409891644616
  logout: 1409891663414
ipAddress: 50.188.142.247
lastlocation:
  world: wooftywoo
  x: 1004.8608825173644
  y: 76.0
  z: 2004.7105455931883
  yaw: -266.85547
  pitch: 32.249996
logoutlocation:
  world: wooftywoo
  x: 652.3000000119209
  y: 67.0
  z: 413.95422920333243
  yaw: -77.29413
  pitch: 17.25001
