timestamps:
  login: 1396305050030
  lastteleport: 1390155063631
  logout: 1396305127206
ipAddress: 74.79.5.146
lastlocation:
  world: creative
  x: -208.91963299368732
  y: 75.27863293279327
  z: 214.79993012159446
  yaw: -190.07156
  pitch: 4.111684
logoutlocation:
  world: creative
  x: -26.308753165926248
  y: 120.01157886026752
  z: 113.3876201537283
  yaw: -234.67229
  pitch: 78.80987
lastAccountName: amjed2002
