lastAccountName: NicoComeGalletas
timestamps:
  login: 1432309630502
  logout: 1432309750504
ipAddress: 200.83.73.68
lastlocation:
  world: wooftywoo
  x: 645.0
  y: 67.0
  z: 414.0
  yaw: 89.850006
  pitch: -1.949999
logoutlocation:
  world: wooftywoo
  x: -1206.3655655733398
  y: 63.0
  z: -6323.300526166626
  yaw: -359.85034
  pitch: 6.9000063
