timestamps:
  login: 1405293115142
  logout: 1405293342087
  lastteleport: 1390701334546
ipAddress: 72.193.137.203
homes:
  home:
    world: wooftywoo
    x: -269.4763263547895
    y: 75.0
    z: 7931.814195753294
    yaw: -179.81421
    pitch: 4.164405
logoutlocation:
  world: wooftywoo
  x: -401.3897900223858
  y: 71.0
  z: 7917.208999068418
  yaw: -173.70648
  pitch: 9.0825815
lastlocation:
  world: wooftywoo
  x: 4240.699999988079
  y: 64.0
  z: -1181.2650562772603
  yaw: -356.67813
  pitch: -8.860854
lastAccountName: marly2002
