lastAccountName: JackSparrow0987
timestamps:
  login: 1432353327354
  lastteleport: 1432353654597
  logout: 1432353976164
ipAddress: 71.96.127.116
lastlocation:
  world: wooftywoo
  x: 1161.925000011921
  y: 68.0
  z: -4029.789730218827
  yaw: -267.65125
  pitch: 53.999985
logoutlocation:
  world: wooftywoo
  x: -1248.3183511571908
  y: 103.0
  z: -6222.776908340013
  yaw: -8.550537
  pitch: 79.799995
nickname: Foxy
afk: false
