lastAccountName: McLulz
timestamps:
  login: 1438509609347
  logout: 1438509631800
  lastteleport: 1438509628252
ipAddress: 24.8.133.13
lastlocation:
  world: wooftywoo
  x: -1245.3464163714148
  y: 103.0
  z: -6210.558779785538
  yaw: -0.9026736
  pitch: 7.6500325
logoutlocation:
  world: creative
  x: 25020.02804298802
  y: 80.0
  z: 24178.512106271468
  yaw: -95.099075
  pitch: 13.95001
