lastAccountName: Carl_Miller
timestamps:
  login: 1444858761542
  lastteleport: 1442937654835
  logout: 1444858807854
ipAddress: 208.118.20.190
lastlocation:
  world: survival
  x: -18.336823818874393
  y: 69.0
  z: -49.14890530535893
  yaw: -353.85
  pitch: 45.600033
logoutlocation:
  world: creative
  x: 25001.679605294317
  y: 104.8944143919438
  z: 24179.979069995632
  yaw: 140.40094
  pitch: 39.749996
