lastAccountName: Darkstar75
timestamps:
  login: 1465647258656
  lastteleport: 1465647498640
  logout: 1465647579288
ipAddress: 88.64.63.141
lastlocation:
  world: wooftywoo
  x: 3982.421387386103
  y: 91.0
  z: 4109.380294270302
  yaw: 90.898865
  pitch: 55.049988
godmode: false
logoutlocation:
  world: deathdrop
  x: 4.40652181727873
  y: 75.0
  z: -7.187437251006789
  yaw: -90.75012
  pitch: 85.64999
