lastAccountName: Mack_22
timestamps:
  login: 1464986773335
  lastteleport: 1464231384407
  logout: 1464988438259
ipAddress: 98.165.246.57
lastlocation:
  world: hurdles
  x: -3.993671912075117
  y: 80.0
  z: -22.39709283114575
  yaw: -44.70193
  pitch: 16.499973
godmode: false
logoutlocation:
  world: '1_9'
  x: 485.8602670333568
  y: 65.0
  z: 1051.3676642309788
  yaw: -124.92407
  pitch: 17.849997
homes:
  home:
    world: '1_9'
    x: 489.5091319666336
    y: 65.0
    z: 1050.9058797057542
    yaw: 78.77255
    pitch: 38.849945
