lastAccountName: SpiderMilo
timestamps:
  login: 1465861739769
  lastteleport: 1465866200137
  logout: 1465866203188
ipAddress: 99.72.78.219
lastlocation:
  world: '1_9'
  x: 16159.23261313483
  y: 70.0
  z: -6059.776493186209
  yaw: -84.18201
  pitch: 29.699972
godmode: false
logoutlocation:
  world: '1_9'
  x: 16792.5
  y: 49.0
  z: -6369.5
  yaw: -191.5971
  pitch: 28.962807
homes:
  home:
    world: '1_9'
    x: 16792.60215420876
    y: 49.0
    z: -6369.300000011921
    yaw: -151.24713
    pitch: -7.7871923
afk: false
teleportenabled: true
