timestamps:
  login: 1450754727035
  logout: 1450761381116
  lastteleport: 1432685623202
  mute: 0
  lastheal: 1430871542889
ipAddress: 72.200.218.123
lastlocation:
  world: wooftywoo
  x: 3997.5
  y: 91.0
  z: 4088.5
  yaw: -90.3
  pitch: 2.7
logoutlocation:
  world: survival
  x: -7.521430853131408
  y: 73.0
  z: 12.834345320000049
  yaw: 220.94263
  pitch: -8.249998
homes:
  home:
    world: wooftywoo
    x: 1931.9182368817944
    y: 67.0
    z: 8692.376457300474
    yaw: -10.54138
    pitch: 15.899958
  mine:
    world: wooftywoo
    x: 766.707346152526
    y: 67.0
    z: 23.053665193427467
    yaw: 209.95998
    pitch: 16.42841
  temple:
    world: wooftywoo
    x: 2253.245324612325
    y: 62.25066408377757
    z: 1773.263455860856
    yaw: 16.157059
    pitch: 20.400045
  jungle:
    world: wooftywoo
    x: 7982.622318524794
    y: 64.0
    z: -12266.3569251269
    yaw: -89.14972
    pitch: 2.6999912
  home1:
    world: wooftywoo
    x: 7989.191306766595
    y: 65.0
    z: -12264.237500011921
    yaw: 5.8009644
    pitch: 25.649994
lastAccountName: meatfairy
godmode: false
muted: false
nickname: Herc
afk: false
