lastAccountName: Grassia713
timestamps:
  login: 1451240226005
  logout: 1451240255408
ipAddress: 92.14.77.112
lastlocation:
  world: wooftywoo
  x: 3997.5
  y: 91.0
  z: 4088.5
  yaw: -90.3
  pitch: 2.7
logoutlocation:
  world: survival
  x: 10.80317533466176
  y: 69.0
  z: -50.78845040549015
  yaw: 98.09993
  pitch: 21.149975
