lastAccountName: caiphas_cain
timestamps:
  login: 1451113613050
  logout: 1451113691304
ipAddress: 217.15.199.84
lastlocation:
  world: wooftywoo
  x: 3997.5
  y: 91.0
  z: 4088.5
  yaw: -90.3
  pitch: 2.7
logoutlocation:
  world: survival
  x: 1.1737257401436951
  y: 71.0
  z: -3.8658532757019817
  yaw: -243.31883
  pitch: -5.154332
