lastAccountName: Steve84966
timestamps:
  login: 1466925137565
  lastteleport: 1466925549235
  logout: 1466929022357
ipAddress: 58.107.21.166
lastlocation:
  world: spawn
  x: -9.42395861609026
  y: 9.0
  z: -42.059810681378764
  yaw: -184.94965
  pitch: 32.100014
nickname: flange420
logoutlocation:
  world: '1_9'
  x: 698.3045965847654
  y: 41.0
  z: -1001.8000469967853
  yaw: -164.10071
  pitch: 6.1500773
godmode: false
