lastAccountName: Steve84966
timestamps:
  login: 1463059306598
  lastteleport: 1462128433862
  logout: 1463059423626
ipAddress: 58.107.21.166
lastlocation:
  world: wooftywoo
  x: 672.4114368666183
  y: 71.0
  z: -1495.2533386450834
  yaw: -170.66814
  pitch: 49.949978
nickname: flange420
logoutlocation:
  world: wooftywoo
  x: 646.987243150959
  y: 104.0
  z: -1512.6655901916681
  yaw: -4.9161234
  pitch: 42.450085
