lastAccountName: diamondhero122
timestamps:
  login: 1462408893202
  lastteleport: 1460947862956
  logout: 1462408907859
ipAddress: 68.119.141.44
lastlocation:
  world: survival
  x: -19.31324793986016
  y: 69.0625
  z: -50.36221582416771
  yaw: -20.085974
  pitch: 25.0542
logoutlocation:
  world: creative
  x: 25358.290937864993
  y: 67.32499370326804
  z: 24311.156569245206
  yaw: -0.5336609
  pitch: 36.799377
