lastAccountName: oOGreenOo
timestamps:
  login: 1463847977413
  lastteleport: 1463848116562
  logout: 1463848139728
ipAddress: 104.250.94.163
lastlocation:
  world: wooftywoo
  x: 4020.7253687599077
  y: 91.0
  z: 4135.699999988079
  yaw: -35.851566
  pitch: -90.0
logoutlocation:
  world: obstaclecourse
  x: -1.2302293594385532
  y: 93.0
  z: -0.49181835321801287
  yaw: 312.15054
  pitch: 6.149998
afk: false
