lastAccountName: Crunchy_Meatloaf
timestamps:
  login: 1407623702183
  logout: 1407624863281
ipAddress: 68.62.247.31
lastlocation:
  world: wooftywoo
  x: 1050.5078937559913
  y: 65.0
  z: 1734.5456065980645
  yaw: 0.3115898
  pitch: 1.2762408
nickname: TheAtticDweller
logoutlocation:
  world: wooftywoo
  x: 997.7398086572733
  y: 72.0
  z: 2009.4648470464658
  yaw: 139.35681
  pitch: 51.703533
