lastAccountName: JamesBond1067
timestamps:
  login: 1433616328406
  logout: 1433616371512
  lastteleport: 1433615994305
ipAddress: 213.122.72.203
lastlocation:
  world: wooftywoo
  x: 1038.610277044
  y: 82.0
  z: -2214.870284238792
  yaw: -218.4537
  pitch: 14.46586
logoutlocation:
  world: wooftywoo_the_end
  x: 300.0614863067513
  y: 49.0
  z: -0.30000001192092896
  yaw: -20.575378
  pitch: 24.30003
homes:
  home:
    world: wooftywoo
    x: 1037.88065484784
    y: 82.0
    z: -2212.873816007823
    yaw: -282.05365
    pitch: 41.01587
