lastAccountName: FoolyFools
timestamps:
  login: 1437875784788
  lastteleport: 1437879003406
  logout: 1437880085372
ipAddress: 72.184.198.244
lastlocation:
  world: wooftywoo
  x: 645.0
  y: 67.0
  z: 414.0
  yaw: 89.850006
  pitch: -1.949999
homes:
  home:
    world: wooftywoo
    x: 306.78127260414607
    y: 81.0
    z: -4.0708175008061644
    yaw: 346.15356
    pitch: 36.9001
afk: false
logoutlocation:
  world: wooftywoo
  x: 309.29009061963575
  y: 81.0
  z: -4.699999988079071
  yaw: 13.453735
  pitch: -21.899895
