lastAccountName: Slinky
timestamps:
  login: 1465623104200
  lastteleport: 1465623131487
  logout: 1465623356149
ipAddress: 100.8.60.96
lastlocation:
  world: spawn
  x: -9.734833915549132
  y: 9.0
  z: -41.89746607443484
  yaw: 302.69955
  pitch: 15.300006
godmode: false
logoutlocation:
  world: '1_9'
  x: -185.33393863557646
  y: 68.0
  z: -319.12230632615893
  yaw: 101.70021
  pitch: 15.749927
