lastAccountName: Jtslate88
timestamps:
  login: 1406566907599
  lastteleport: 1406554147405
  logout: 1406567541850
ipAddress: 24.127.10.123
lastlocation:
  world: wooftywoo
  x: 465.3961410494918
  y: 62.0
  z: 395.5604151261613
  yaw: -246.34668
  pitch: 19.800005
nickname: ASFJerome
logoutlocation:
  world: creative
  x: 25137.5454854016
  y: 64.0
  z: 24193.821302623775
  yaw: 263.4076
  pitch: -17.849983
