timestamps:
  login: 1389822920447
  lastteleport: 1389824747984
  logout: 1389825836299
ipAddress: 81.154.54.164
lastlocation:
  world: wooftywoo
  x: -2395.292808212092
  y: 75.0
  z: -6815.30475375763
  yaw: -14.630981
  pitch: 13.370773
logoutlocation:
  world: wooftywoo
  x: -1375.01984331934
  y: 69.0
  z: -323.04627040867115
  yaw: 94.01148
  pitch: 7.129052
lastAccountName: adwiz
