lastAccountName: ShadowEndermin
timestamps:
  login: 1409157521171
  logout: 1409157564574
ipAddress: 108.20.165.214
lastlocation:
  world: wooftywoo
  x: 645.0
  y: 67.0
  z: 414.0
  yaw: 89.850006
  pitch: -1.949999
logoutlocation:
  world: wooftywoo
  x: 1038.0880113876794
  y: 65.0
  z: 1596.8782032191384
  yaw: 82.49394
  pitch: 13.200002
