lastAccountName: Bacon4every1
timestamps:
  login: 1439356041121
  lastteleport: 1439356120629
  logout: 1439356249051
ipAddress: 67.204.196.37
lastlocation:
  world: wooftywoo
  x: 3995.884803345579
  y: 91.0
  z: 4088.31317199548
  yaw: -266.25128
  pitch: 64.799995
logoutlocation:
  world: wooftywoo
  x: -1202.5171355751518
  y: 63.0
  z: -6354.758249806095
  yaw: -181.95213
  pitch: -2.5499907
