lastAccountName: OmegaGamer777
timestamps:
  login: 1424061193294
  logout: 1424061246492
  lastteleport: 1424061211405
ipAddress: 23.236.84.114
lastlocation:
  world: flat
  x: -121.16709084298896
  y: 4.0
  z: -56.1059244129111
  yaw: -68.16318
  pitch: -0.7719938
logoutlocation:
  world: wooftywoo
  x: 1006.6668611646212
  y: 65.0
  z: 2007.9754070519432
  yaw: -161.62415
  pitch: 1.4484799
