lastAccountName: Techno_Piggy
timestamps:
  login: 1465241870135
  lastteleport: 1465241950999
  logout: 1465242167031
ipAddress: 172.15.76.113
lastlocation:
  world: '1_9'
  x: 60.48150938385987
  y: 68.0
  z: -319.1075658828947
  yaw: -90.149765
  pitch: -10.200012
godmode: false
logoutlocation:
  world: '1_9'
  x: 1301.072343252318
  y: 57.0
  z: 1989.3507058094347
  yaw: 161.42786
  pitch: 1.650066
