lastAccountName: OBEY_master246
timestamps:
  login: 1462643125646
  lastteleport: 1462594673965
  logout: 1462643128251
ipAddress: 76.115.173.243
lastlocation:
  world: spawnworld
  x: 0.5
  y: 10.0
  z: 0.5
  yaw: 40.348755
  pitch: 1.6499957
logoutlocation:
  world: spawnworld
  x: 1.0667800869446746
  y: 10.0
  z: 9.150547178716204
  yaw: -27.150002
  pitch: 3.3823316
