lastlocation:
  world: survival
  x: -15.426192112471826
  y: 69.0625
  z: -50.02896773512261
  yaw: 29.700203
  pitch: 26.699993
lastAccountName: Combine132
timestamps:
  login: 1459207153242
  lastteleport: 1459210704451
  logout: 1459211091181
ipAddress: 85.83.8.137
logoutlocation:
  world: '1_9'
  x: 132.67608385304226
  y: 63.0
  z: -332.45655494981145
  yaw: -131.55002
  pitch: 21.900042
