lastAccountName: NimbleNavigator_
timestamps:
  login: 1462648223246
  lastteleport: 1462670259484
  logout: 1462670296006
ipAddress: 74.128.196.126
lastlocation:
  world: wooftywoo
  x: 4019.927230743276
  y: 91.0
  z: 4148.907303411554
  yaw: -78.001465
  pitch: 59.54999
afk: false
logoutlocation:
  world: wooftywoo
  x: 20004.69999998808
  y: 175.8069912606197
  z: 15288.699999988079
  yaw: -62.70151
  pitch: 54.750046
