lastAccountName: rugby500
timestamps:
  login: 1423797825677
  lastteleport: 1423546477624
  logout: 1423798338217
ipAddress: 202.49.80.188
lastlocation:
  world: wooftywoo
  x: 9369.895078908048
  y: 65.0
  z: 12016.22889453895
  yaw: -160.71458
  pitch: 45.899998
logoutlocation:
  world: flat
  x: 128.61220275427203
  y: 21.48655185281814
  z: -139.9323970280646
  yaw: -299.2528
  pitch: 76.049934
afk: false
