lastAccountName: Miloso_Online
timestamps:
  login: 1434651049553
  lastteleport: 1434651165455
  logout: 1434651449871
ipAddress: 213.127.132.232
lastlocation:
  world: wooftywoo
  x: -1204.724729510041
  y: 63.0
  z: -6346.038202807832
  yaw: 262.04794
  pitch: 15.000009
logoutlocation:
  world: wooftywoo
  x: 689.6526042651446
  y: 67.0
  z: 205.1049239576959
  yaw: 136.65118
  pitch: 11.549982
