lastAccountName: Disney1010
timestamps:
  login: 1438371570536
  lastteleport: 1438371626881
  logout: 1438371725859
ipAddress: 98.26.233.167
lastlocation:
  world: wooftywoo
  x: -1212.8385434266374
  y: 63.0
  z: -6339.108083409446
  yaw: -250.05217
  pitch: 16.349977
logoutlocation:
  world: wooftywoo
  x: 1036.8062240422075
  y: 65.0
  z: 1634.9214138414327
  yaw: 64.49418
  pitch: 9.300036
