lastAccountName: AprilShowerss
timestamps:
  login: 1463184841331
  lastteleport: 1463184960523
  logout: 1463185346206
ipAddress: 173.74.109.43
lastlocation:
  world: spawnworld
  x: -9.238251107572836
  y: 9.0
  z: -42.34632824202316
  yaw: -160.93315
  pitch: 61.67771
logoutlocation:
  world: '1_9'
  x: 90.26336518475598
  y: 67.0
  z: -317.93992109175036
  yaw: 86.17726
  pitch: 40.759876
