timestamps:
  login: 1393207881808
  lastteleport: 1390789530620
  logout: 1393207964185
  mute: 0
ipAddress: 76.190.247.83
lastlocation:
  world: creative_nether
  x: -72.61036281985524
  y: 34.0
  z: 11.712763618467921
  yaw: 98.919945
  pitch: 45.782406
logoutlocation:
  world: creative
  x: -735.7694941518233
  y: 77.11261255610736
  z: 190.17310854471285
  yaw: 289.3351
  pitch: 90.0
homes: {}
muted: false
lastAccountName: xxrickyh211xx
