lastAccountName: PikZz
timestamps:
  login: 1465570086209
  lastteleport: 1465570950101
  logout: 1465572155862
ipAddress: 89.81.220.211
lastlocation:
  world: spawn
  x: -9.615650764109436
  y: 9.0
  z: -41.988444171968354
  yaw: 175.5266
  pitch: 32.495224
godmode: false
logoutlocation:
  world: '1_9'
  x: 110.51693959125525
  y: 67.0
  z: -316.7360771650133
  yaw: -4.5742917
  pitch: 29.525137
