lastAccountName: RhinoGamin
timestamps:
  login: 1439090574352
  logout: 1439090594207
ipAddress: 162.233.13.160
lastlocation:
  world: wooftywoo
  x: 645.0
  y: 67.0
  z: 414.0
  yaw: 89.850006
  pitch: -1.949999
logoutlocation:
  world: anarchy
  x: 1.5
  y: 78.0
  z: 64.5
  yaw: -2.550107
  pitch: 3.749986
