lastAccountName: OhNoCreeper615
timestamps:
  login: 1407113226458
  logout: 1407113233548
ipAddress: 76.6.142.248
lastlocation:
  world: wooftywoo
  x: 645.0
  y: 67.0
  z: 414.0
  yaw: 89.850006
  pitch: -1.949999
logoutlocation:
  world: wooftywoo
  x: 1035.029204954846
  y: 65.0
  z: 1577.8642906296782
  yaw: -84.28476
  pitch: 10.311031
