lastAccountName: xSpiderMan
timestamps:
  login: 1466726538300
  lastteleport: 1466731916449
  logout: 1466732079190
  mute: 0
  lastheal: 1466485432517
ipAddress: 174.25.76.168
lastlocation:
  world: formuladrift
  x: 0.2768101949964824
  y: 64.55000001192093
  z: 50.674804687500014
  yaw: 84.56134
  pitch: 0.33476406
godmode: false
homes:
  home:
    world: '1_9'
    x: 60.06482938326035
    y: 63.0
    z: -272.8398130789079
    yaw: 33.05435
    pitch: 32.246407
  yo:
    world: 1_9_nether
    x: 53.34674699220963
    y: 128.0
    z: -265.3077574643861
    yaw: 189.94582
    pitch: 15.657586
  newisland:
    world: '1_9'
    x: 740.9556760008119
    y: 63.0
    z: -678.7724260592063
    yaw: 145.44627
    pitch: 13.814409
  nether:
    world: 1_9_nether
    x: 118.69999998807907
    y: 66.0
    z: -146.3228869004189
    yaw: 169.8402
    pitch: 23.644806
  heroplot1:
    world: plots
    x: -51.17622174793229
    y: 65.5
    z: -76.65732477239074
    yaw: -272.2271
    pitch: 0.29759562
  civilwar:
    world: plots
    x: -170.21535159972763
    y: 65.5
    z: 2.8371595876128897
    yaw: -3.119945
    pitch: 2.7552185
logoutlocation:
  world: '1_9'
  x: 747.7067460570468
  y: 63.0
  z: -687.0168466065378
  yaw: 341.0245
  pitch: 27.945616
afk: false
money: '-10000.0'
muted: false
