lastAccountName: NecktieNinja
timestamps:
  login: 1460301276550
  lastteleport: 1460301281499
  logout: 1460301296020
ipAddress: 68.42.17.141
lastlocation:
  world: survival
  x: -17.253668970446185
  y: 69.0
  z: -49.62136459707602
  yaw: -25.049889
  pitch: 35.69999
logoutlocation:
  world: '1_9'
  x: 62.185494149229974
  y: 64.0
  z: -266.71923670802227
  yaw: -42.14961
  pitch: 90.0
