lastAccountName: r0b_ThA_KILLA
timestamps:
  login: 1427074209879
  logout: 1427074294567
ipAddress: 70.162.102.53
lastlocation:
  world: wooftywoo
  x: 1032.7078125270632
  y: 65.0
  z: 1678.3586779943105
  yaw: 5.0939417
  pitch: 7.1999955
logoutlocation:
  world: wooftywoo
  x: 1006.6770886547799
  y: 76.0
  z: 2001.68254450319
  yaw: -81.90551
  pitch: 7.8
