lastAccountName: BudderBunnyGirl
timestamps:
  login: 1433373305418
  logout: 1433373338554
ipAddress: 104.34.108.91
lastlocation:
  world: wooftywoo
  x: 645.0
  y: 67.0
  z: 414.0
  yaw: 89.850006
  pitch: -1.949999
logoutlocation:
  world: wooftywoo
  x: -1213.9212781404115
  y: 63.0
  z: -6346.675730030974
  yaw: 106.64777
  pitch: 9.150009
