lastAccountName: PigyPooPlatter
timestamps:
  login: 1466466144471
  lastteleport: 1466466234676
  logout: 1466466447949
ipAddress: 71.212.117.56
lastlocation:
  world: '1_9'
  x: 724.3000000119209
  y: 3.0
  z: -3805.699999988079
  yaw: 55.160095
  pitch: 82.69734
godmode: false
money: '-100.0'
logoutlocation:
  world: '1_9'
  x: 699.8739878135056
  y: 101.27487786876978
  z: -5039.180070164344
  yaw: 187.3778
  pitch: 16.531626
