lastAccountName: drew1134
timestamps:
  login: 1430762948524
  logout: 1430763173812
ipAddress: 92.7.234.65
lastlocation:
  world: wooftywoo
  x: 645.0
  y: 67.0
  z: 414.0
  yaw: 89.850006
  pitch: -1.949999
logoutlocation:
  world: wooftywoo
  x: -1280.7669096747861
  y: 103.0625
  z: -6154.8273819188125
  yaw: 197.6997
  pitch: 18.821053
