lastAccountName: 1FPSGod
timestamps:
  login: 1444067663366
  logout: 1444067680317
ipAddress: 92.236.158.140
lastlocation:
  world: wooftywoo
  x: 3997.5
  y: 91.0
  z: 4088.5
  yaw: -90.3
  pitch: 2.7
logoutlocation:
  world: survival
  x: 2.3216882522324767
  y: 71.0
  z: -1.890763681411257
  yaw: -194.24976
  pitch: 10.049997
