timestamps:
  login: 1390787555610
  lastteleport: 1390788940270
  logout: 1390788969270
ipAddress: 68.197.87.116
lastlocation:
  world: wooftywoo
  x: 644.2402673965997
  y: 67.0
  z: 412.7244191079621
  yaw: 316.17914
  pitch: 13.375342
homes: {}
logoutlocation:
  world: wooftywoo
  x: 4162.982778829844
  y: 89.0
  z: 196.0943141797973
  yaw: -266.70605
  pitch: 17.819063
lastAccountName: xxcyanhawkzxx
