lastAccountName: Phil_Osophical
timestamps:
  login: 1431822422574
  logout: 1431822429024
ipAddress: 68.55.42.33
lastlocation:
  world: wooftywoo
  x: 645.0
  y: 67.0
  z: 414.0
  yaw: 89.850006
  pitch: -1.949999
logoutlocation:
  world: wooftywoo
  x: -1246.0085823907677
  y: 103.0
  z: -6235.45448198329
  yaw: -114.15045
  pitch: -18.900005
