lastAccountName: TheDerpMC
timestamps:
  login: 1430349878073
  logout: 1430349894420
ipAddress: 98.208.130.123
lastlocation:
  world: wooftywoo
  x: 645.0
  y: 67.0
  z: 414.0
  yaw: 89.850006
  pitch: -1.949999
logoutlocation:
  world: wooftywoo
  x: 1048.7033933764199
  y: 65.0
  z: 1589.3453108465055
  yaw: -5.7061157
  pitch: 6.6000047
