lastAccountName: lil_penguin362
timestamps:
  login: 1462624594367
  lastteleport: 1462491793358
  logout: 1462625661232
ipAddress: 67.162.161.43
lastlocation:
  world: survival
  x: -16.130822271111306
  y: 69.0
  z: -49.54641105292792
  yaw: -344.3996
  pitch: 38.250008
afk: false
logoutlocation:
  world: '1_9'
  x: 52.664210223732816
  y: 31.0
  z: -293.86130367336017
  yaw: -204.1498
  pitch: 30.749989
