lastAccountName: lil_penguin362
timestamps:
  login: 1467213844247
  lastteleport: 1467214608201
  logout: 1467211429438
ipAddress: 67.162.161.43
lastlocation:
  world: '1_9'
  x: 108.72409876916876
  y: 72.0
  z: -312.63134716139245
  yaw: 147.60059
  pitch: 1.4999243
afk: true
logoutlocation:
  world: '1_9'
  x: 90.50689314873576
  y: 67.0
  z: -317.98928257855835
  yaw: 73.651184
  pitch: 16.799957
godmode: false
