lastAccountName: lil_penguin362
timestamps:
  login: 1467213844247
  lastteleport: 1467164082786
  logout: 1467211429438
ipAddress: 67.162.161.43
lastlocation:
  world: '1_9'
  x: 118.8670997165294
  y: 66.0
  z: -297.18702919264393
  yaw: 141.15047
  pitch: 27.449974
afk: false
logoutlocation:
  world: '1_9'
  x: 90.50689314873576
  y: 67.0
  z: -317.98928257855835
  yaw: 73.651184
  pitch: 16.799957
godmode: false
