timestamps:
  login: 1389668601175
  logout: 1389668796925
  lastteleport: 1389668283725
ipAddress: 70.57.255.19
logoutlocation:
  world: creative_nether
  x: -50.67265026255295
  y: 102.50305906228256
  z: 34.61585577888844
  yaw: -121.65016
  pitch: 19.349968
lastlocation:
  world: wooftywoo
  x: 456.2881234100751
  y: 72.0
  z: -852.8893953585674
  yaw: 228.19107
  pitch: -85.65
lastAccountName: ethanbl
