lastAccountName: poopyjoe101
timestamps:
  login: 1437420126656
  logout: 1437420229517
ipAddress: 74.98.220.196
lastlocation:
  world: wooftywoo
  x: 645.0
  y: 67.0
  z: 414.0
  yaw: 89.850006
  pitch: -1.949999
logoutlocation:
  world: wooftywoo
  x: -1256.3479171990286
  y: 99.0
  z: -6154.728077371778
  yaw: -91.53978
  pitch: 36.069782
