lastAccountName: Nightmare2099
timestamps:
  login: 1441600440584
  lastteleport: 1441600502689
  logout: 1441600516400
ipAddress: 73.220.254.21
lastlocation:
  world: survival
  x: 16.617655034209427
  y: 69.0
  z: -90.28714885498309
  yaw: -196.2
  pitch: 46.350002
logoutlocation:
  world: wooftywoo
  x: 1048.438134466998
  y: 65.0
  z: 1596.4179558746275
  yaw: 78.29397
  pitch: 15.300001
