timestamps:
  login: 1445105917693
  lastteleport: 1445107166551
  logout: 1445107462401
  mute: 0
ipAddress: 73.174.161.48
lastlocation:
  world: wooftywoo
  x: 551.3306456766489
  y: 78.0625
  z: -437.0092370051649
  yaw: -79.21104
  pitch: 23.86482
logoutlocation:
  world: wooftywoo
  x: -17314.384311237205
  y: 65.0
  z: -16395.646365488436
  yaw: -272.3426
  pitch: 26.209995
nickname: Fang
homes:
  home:
    world: wooftywoo
    x: -2442.38903148783
    y: 168.0
    z: -2675.4666233138328
    yaw: -269.87024
    pitch: 5.145347
muted: false
lastAccountName: Amoux_Fang
afk: false
