lastAccountName: PokeGamingNerd
timestamps:
  login: 1460829354279
  lastteleport: 1460830140829
  logout: 1460830393880
ipAddress: 173.60.9.56
lastlocation:
  world: wooftywoo
  x: 3979.967620043302
  y: 95.0
  z: 4013.482689611575
  yaw: 266.84995
  pitch: 79.05003
logoutlocation:
  world: wooftywoo
  x: -360.0157590259127
  y: 152.0
  z: 1034.8860650521606
  yaw: -359.69852
  pitch: 12.750051
