lastlocation:
  world: anarchy
  x: 1.4208847754507559
  y: 72.0
  z: 69.50803851792058
  yaw: 94.79985
  pitch: 44.249985
lastAccountName: MBSB77
timestamps:
  login: 1466702141944
  logout: 1466702647365
  lastteleport: 1466702583924
ipAddress: 68.100.97.102
logoutlocation:
  world: spawn
  x: 0.7057642322006679
  y: 10.0
  z: 10.336833423949127
  yaw: -0.90045536
  pitch: 1.4999989
nickname: §cMBSB77
godmode: false
