lastAccountName: 4V3S0M3
timestamps:
  login: 1409994918270
  logout: 1409994940222
ipAddress: 91.154.128.208
lastlocation:
  world: wooftywoo
  x: 645.0
  y: 67.0
  z: 414.0
  yaw: 89.850006
  pitch: -1.949999
logoutlocation:
  world: wooftywoo
  x: 1040.0328871325426
  y: 65.0
  z: 1616.3103213010133
  yaw: -81.306076
  pitch: 8.100003
