lastAccountName: TrustierFir70
timestamps:
  login: 1463941023914
  lastteleport: 1463941789627
  logout: 1463942452716
ipAddress: 24.228.176.196
lastlocation:
  world: spawnworld
  x: -9.346808586167668
  y: 9.0
  z: -42.037450851698594
  yaw: -193.20055
  pitch: 21.449993
godmode: false
logoutlocation:
  world: '1_9'
  x: 79.71178721207993
  y: 59.19936763399405
  z: -321.2296339209003
  yaw: -85.64986
  pitch: -2.4000032
