lastAccountName: Hawkervudo
timestamps:
  login: 1433101664261
  logout: 1433101773139
ipAddress: 99.4.166.147
lastlocation:
  world: wooftywoo
  x: 645.0
  y: 67.0
  z: 414.0
  yaw: 89.850006
  pitch: -1.949999
logoutlocation:
  world: wooftywoo
  x: -1213.6652326797564
  y: 63.0
  z: -6355.666644633756
  yaw: -207.90207
  pitch: 28.350008
