timestamps:
  login: 1422151006213
  lastteleport: 1422151931248
  logout: 1422154043023
ipAddress: 24.12.154.120
lastlocation:
  world: wooftywoo
  x: 1005.0649326958857
  y: 76.0
  z: 2000.9514253553286
  yaw: -283.05527
  pitch: 28.499994
logoutlocation:
  world: flat
  x: -5.013128334306878
  y: 8.74347581995403
  z: -3.699999988079075
  yaw: 178.94653
  pitch: -8.699998
lastAccountName: kavekreeperx
afk: false
