lastAccountName: BlueBowen
timestamps:
  login: 1432677530627
  lastteleport: 1432678614424
  logout: 1432678840913
ipAddress: 96.19.169.27
lastlocation:
  world: wooftywoo
  x: -1201.123548943624
  y: 63.0
  z: -6348.834455127066
  yaw: -128.40216
  pitch: 41.550007
logoutlocation:
  world: flat
  x: -84.13017790770401
  y: 4.0
  z: -364.8529887386003
  yaw: -93.15219
  pitch: 5.3999405
