lastAccountName: pandadude500
timestamps:
  login: 1446849156528
  logout: 1446849193459
ipAddress: 104.162.186.179
lastlocation:
  world: wooftywoo
  x: 3997.5
  y: 91.0
  z: 4088.5
  yaw: -90.3
  pitch: 2.7
logoutlocation:
  world: survival
  x: -3.6654932726585163
  y: 71.0
  z: -1.89919743318471
  yaw: -291.74994
  pitch: 5.999994
