lastAccountName: SashaHBIG
timestamps:
  login: 1463945578236
  lastteleport: 1463945597629
  logout: 1463946499839
ipAddress: 86.132.137.107
lastlocation:
  world: spawnworld
  x: 61.22447546879799
  y: 9.0
  z: 1.4540934947139208
  yaw: -81.15045
  pitch: 62.399998
logoutlocation:
  world: wooftywoo
  x: 4002.959283778734
  y: 91.0
  z: 4038.3329391909456
  yaw: 176.84949
  pitch: 0.2999903
