lastAccountName: igothackedtoday
timestamps:
  login: 1438987773454
  logout: 1438987797678
ipAddress: 69.137.56.136
lastlocation:
  world: wooftywoo
  x: 645.0
  y: 67.0
  z: 414.0
  yaw: 89.850006
  pitch: -1.949999
logoutlocation:
  world: anarchy
  x: 1.5
  y: 78.0
  z: 64.5
  yaw: 244.04988
  pitch: 75.450035
