lastAccountName: AddictionGaming
timestamps:
  login: 1443657060695
  logout: 1443657723836
ipAddress: 68.117.181.108
lastlocation:
  world: wooftywoo
  x: 1229.2847826377383
  y: 64.0
  z: -6501.886564615697
  yaw: -34.351326
  pitch: -5.8497963
logoutlocation:
  world: flat
  x: -207.51552747905805
  y: 4.0
  z: 122.41233481063561
  yaw: 161.9993
  pitch: 34.800026
