lastAccountName: Rabidgopher183
timestamps:
  login: 1434565767916
  logout: 1434565901922
ipAddress: 73.20.38.204
lastlocation:
  world: wooftywoo
  x: 645.0
  y: 67.0
  z: 414.0
  yaw: 89.850006
  pitch: -1.949999
logoutlocation:
  world: wooftywoo
  x: -1208.499007359269
  y: 63.0
  z: -6320.798622603468
  yaw: 205.1972
  pitch: -86.54999
