lastAccountName: imJusSleepy
timestamps:
  login: 1402004207583
  logout: 1402004416708
ipAddress: 74.240.5.59
lastlocation:
  world: wooftywoo
  x: 645.0
  y: 67.0
  z: 414.0
  yaw: 89.850006
  pitch: -1.949999
logoutlocation:
  world: wooftywoo
  x: 649.6529975633887
  y: 89.0
  z: 418.30798772898294
  yaw: -251.25037
  pitch: 34.350033
