lastlocation:
  world: wooftywoo
  x: 1006.5
  y: 66.5
  z: 2002.5
  yaw: -89.849884
  pitch: 15.150006
lastAccountName: firestarflames
timestamps:
  login: 1407109375439
  lastteleport: 1407109075042
  logout: 1407109383900
ipAddress: 99.48.155.193
nickname: AquaV
logoutlocation:
  world: wooftywoo
  x: 1012.6655357863732
  y: 71.0
  z: 1995.4369233197365
  yaw: -247.79999
  pitch: 13.050016
