lastAccountName: BananaEater02
timestamps:
  login: 1463186738572
  lastteleport: 1463187895980
  logout: 1463188212451
ipAddress: 75.10.137.226
lastlocation:
  world: '1_9'
  x: 116.53782431734788
  y: 68.95566878171121
  z: -338.50348513862576
  yaw: 356.25015
  pitch: 15.899966
logoutlocation:
  world: '1_9'
  x: -568.2922564444385
  y: 87.25810561214325
  z: -1027.3035511760709
  yaw: 342.5858
  pitch: 12.899972
