lastAccountName: SuperSD7
timestamps:
  login: 1465525176000
  lastteleport: 1465525436014
  logout: 1465525501812
ipAddress: 24.152.231.19
lastlocation:
  world: greenfield
  x: 160.3370705556958
  y: 69.0
  z: -144.3873309713461
  yaw: 11.497589
  pitch: 3.636396
godmode: false
homes:
  home:
    world: elytrachallenge
    x: 295.44982536799455
    y: 6.0
    z: -327.4672742578129
    yaw: 2.3579335
    pitch: -2.3865285
logoutlocation:
  world: '1_9'
  x: -126.09807766678006
  y: 67.0
  z: -317.2330801333158
  yaw: -91.50465
  pitch: 11.00782
afk: false
nickname: HeyItzSuper
