lastAccountName: SuperSith89
timestamps:
  login: 1460690616890
  lastteleport: 1460691207442
  logout: 1460691286342
ipAddress: 162.225.222.212
lastlocation:
  world: '1_9'
  x: 105.49766945012718
  y: 64.0
  z: -313.63391673212953
  yaw: -0.26131707
  pitch: 65.17704
logoutlocation:
  world: '1_9'
  x: 182.39440368077882
  y: 60.48265439350556
  z: -320.6705342565977
  yaw: -270.48334
  pitch: -17.319202
