lastAccountName: lyndonbaines
timestamps:
  login: 1434312641391
  lastteleport: 1434312661895
  logout: 1434313613716
ipAddress: 68.195.113.59
lastlocation:
  world: wooftywoo
  x: -1204.0021232928525
  y: 63.0
  z: -6349.380894430786
  yaw: -266.40198
  pitch: 48.300007
afk: false
logoutlocation:
  world: creative
  x: 25048.902016899494
  y: 69.36445617881311
  z: 24266.75699963246
  yaw: 100.80011
  pitch: 83.39997
