lastAccountName: kyrros87
timestamps:
  login: 1432380230132
  lastteleport: 1432380381245
  logout: 1432381015128
ipAddress: 46.177.118.33
lastlocation:
  world: wooftywoo
  x: 85.69999998807907
  y: 78.0
  z: 169.30875651376846
  yaw: 161.3999
  pitch: 75.45002
logoutlocation:
  world: wooftywoo
  x: 75.16300899370653
  y: 78.0
  z: 166.63912338348854
  yaw: 279.44995
  pitch: 21.600008
