lastAccountName: odie151515
timestamps:
  login: 1437253243694
  lastteleport: 1437099332884
  logout: 1437253569219
ipAddress: 50.185.184.63
lastlocation:
  world: wooftywoo
  x: -1226.555328338236
  y: 88.0
  z: -6284.745552504001
  yaw: -344.552
  pitch: -12.600015
logoutlocation:
  world: wooftywoo
  x: 2765.075501134983
  y: 69.0
  z: -2244.917634057804
  yaw: 113.143555
  pitch: 74.39996
