lastAccountName: broman465
timestamps:
  login: 1404072383949
  logout: 1404072408062
ipAddress: 97.118.174.200
lastlocation:
  world: wooftywoo
  x: 645.0
  y: 67.0
  z: 414.0
  yaw: 89.850006
  pitch: -1.949999
logoutlocation:
  world: wooftywoo
  x: 1003.4517130152609
  y: 66.0
  z: 2002.706767589552
  yaw: -298.7459
  pitch: 13.771209
