lastAccountName: NightWingTeni
timestamps:
  login: 1463529645714
  lastteleport: 1463529858251
  logout: 1463529937066
ipAddress: 75.139.149.78
lastlocation:
  world: deathdrop
  x: 13.540040964534215
  y: 3.0
  z: -3.548815784938253
  yaw: -82.19965
  pitch: -3.6000051
godmode: false
logoutlocation:
  world: deathdrop
  x: 1.292717957925227
  y: 253.0
  z: 0.2517046602098572
  yaw: 127.8005
  pitch: 51.000015
afk: false
