lastAccountName: Bonusmonster
timestamps:
  login: 1439090564900
  logout: 1439090614236
ipAddress: 99.127.205.61
lastlocation:
  world: wooftywoo
  x: 645.0
  y: 67.0
  z: 414.0
  yaw: 89.850006
  pitch: -1.949999
logoutlocation:
  world: anarchy
  x: 1.5
  y: 78.0
  z: 64.5
  yaw: -2.550107
  pitch: 3.749986
