lastAccountName: tpollard
timestamps:
  login: 1459206932760
  logout: 1459206973710
ipAddress: 73.73.163.224
lastlocation:
  world: '1_9'
  x: 68.5
  y: 64.0
  z: -270.5
  yaw: 0.0
  pitch: 0.0
logoutlocation:
  world: survival
  x: -14.756655638493156
  y: 69.0
  z: -85.37670063725754
  yaw: -269.40033
  pitch: 0.15000549
