lastAccountName: NLPindaGamer
timestamps:
  login: 1434554228402
  lastteleport: 1434555276609
  logout: 1434555649902
ipAddress: 213.93.210.173
lastlocation:
  world: wooftywoo
  x: 644.414148988753
  y: 65.0
  z: 414.5821389915252
  yaw: 330.08038
  pitch: 77.73122
homes:
  home:
    world: wooftywoo
    x: 916.9623340523921
    y: 63.0
    z: 331.21908276187577
    yaw: 278.09802
    pitch: 8.899167
logoutlocation:
  world: wooftywoo
  x: 876.3393369662127
  y: 63.0
  z: 358.0215883470616
  yaw: 172.66748
  pitch: 50.67828
