lastAccountName: Cichy94
timestamps:
  login: 1432152953375
  lastteleport: 1432153375486
  logout: 1432153378585
ipAddress: 188.222.136.215
lastlocation:
  world: wooftywoo
  x: -34.65181835788013
  y: 62.0
  z: 440.69999998807907
  yaw: -26.894539
  pitch: 70.65001
logoutlocation:
  world: wooftywoo
  x: 4000.27732135002
  y: 91.0
  z: 4081.348863434015
  yaw: -184.65141
  pitch: 4.2000003
