timestamps:
  login: 1396136058245
  lastteleport: 1396138125667
  logout: 1396138184019
ipAddress: 68.112.230.58
lastlocation:
  world: wooftywoo
  x: -1349.8500336211202
  y: 63.0
  z: -6601.341018224547
  yaw: 180.10057
  pitch: -90.0
logoutlocation:
  world: wooftywoo
  x: -1664.2696497273555
  y: 77.0
  z: -6646.921125220146
  yaw: 40.172592
  pitch: 15.50059
lastAccountName: polarhusky99
