lastAccountName: DannyGee21
timestamps:
  login: 1407983727670
  lastteleport: 1407984274753
  logout: 1407984446911
ipAddress: 66.214.59.219
lastlocation:
  world: wooftywoo
  x: 692.9467208178622
  y: 67.0
  z: 669.9382575442546
  yaw: 314.0044
  pitch: 26.955103
nickname: Neptune
logoutlocation:
  world: wooftywoo
  x: -1614.2609492278564
  y: 68.0
  z: -6675.252793806329
  yaw: -227.4002
  pitch: 24.874084
