lastAccountName: DiamondKnight316
timestamps:
  login: 1406161348065
  lastteleport: 1406162097266
  logout: 1406162241917
ipAddress: 75.128.244.97
lastlocation:
  world: wooftywoo
  x: 1008.7505452064414
  y: 66.0
  z: 2002.257873468747
  yaw: -86.99991
  pitch: 19.050007
nickname: LilShockz
logoutlocation:
  world: wooftywoo
  x: 642.5394504100233
  y: 89.76636799395752
  z: 390.41271371822666
  yaw: -269.89758
  pitch: 16.20018
