lastAccountName: Snowboarder714
timestamps:
  login: 1457737639494
  lastteleport: 1457738602834
  logout: 1457738661294
ipAddress: 73.131.239.125
lastlocation:
  world: testingnew
  x: 280.30000001192093
  y: 63.0
  z: 71.38260089499164
  yaw: -100.49609
  pitch: 4.7999835
homes:
  home:
    world: testingnew
    x: 361.6609572940252
    y: 63.0
    z: 52.300000011920936
    yaw: -141.14667
    pitch: 25.64996
logoutlocation:
  world: testingnew
  x: 323.05927752383457
  y: 64.0
  z: 75.80718856211512
  yaw: -73.94644
  pitch: 63.3
