lastAccountName: _Canadian_Donut_
timestamps:
  login: 1446317434560
  logout: 1446317706186
  lastteleport: 1446317536078
ipAddress: 92.236.158.140
lastlocation:
  world: survival
  x: -8.269511431428452
  y: 64.23694509337022
  z: -5.007161686909321
  yaw: 80.86277
  pitch: 10.550772
logoutlocation:
  world: survival
  x: 67.07392346057989
  y: 77.0
  z: 184.79877772436663
  yaw: -153.24414
  pitch: 22.626274
nickname: Donut
