lastAccountName: BPalen
timestamps:
  login: 1434644284914
  lastteleport: 1434644526366
  logout: 1434411114359
ipAddress: 199.3.212.48
lastlocation:
  world: wooftywoo
  x: 645.0
  y: 69.0
  z: 414.0
  yaw: 89.850006
  pitch: -1.949999
afk: true
logoutlocation:
  world: wooftywoo
  x: -1244.723566255886
  y: 105.20997916170545
  z: -6193.765436079629
  yaw: -355.69446
  pitch: -11.195264
