lastAccountName: VictorStone
timestamps:
  login: 1465041698454
  lastteleport: 1464972544243
  logout: 1465041724518
ipAddress: 176.252.29.220
lastlocation:
  world: '1_9'
  x: 74.8902590584852
  y: 67.0
  z: -316.3883005144608
  yaw: 30.113403
  pitch: 1.0753753
godmode: false
logoutlocation:
  world: '1_9'
  x: 16.68258143938227
  y: 67.0
  z: -317.6653305512719
  yaw: 49.082977
  pitch: 7.6236377
afk: false
