lastAccountName: vblocky
timestamps:
  login: 1432848366369
  lastteleport: 1432849053198
  logout: 1432849297883
ipAddress: 86.159.48.150
lastlocation:
  world: wooftywoo
  x: 1657.5
  y: 63.0
  z: -3713.5
  yaw: -237.99127
  pitch: 58.229736
homes:
  home:
    world: wooftywoo
    x: 1434.11187234171
    y: 75.0
    z: -3975.201579877991
    yaw: -181.39172
    pitch: 35.70907
  home3:
    world: wooftywoo
    x: 1657.0069098283432
    y: 64.0
    z: -3713.7342749779623
    yaw: -237.99127
    pitch: 58.229736
logoutlocation:
  world: wooftywoo
  x: 1462.505242164156
  y: 79.0
  z: -3866.4248986565685
  yaw: -219.56494
  pitch: 2.464258
