lastAccountName: ish19c
timestamps:
  login: 1466982966041
  lastteleport: 1466985407581
  logout: 1466985460988
ipAddress: 24.21.86.130
lastlocation:
  world: colosseumlobby
  x: -9.204523433684779
  y: 88.0
  z: -21.710329644990658
  yaw: 110.10006
  pitch: 55.350006
godmode: false
logoutlocation:
  world: colosseum
  x: 13.15047879213738
  y: 77.0
  z: -2.5585334498989623
  yaw: -55.806744
  pitch: -4.925836
homes:
  park:
    world: godlyparkour
    x: 7.448043998214519
    y: 93.0
    z: -16.587974173454967
    yaw: -174.23824
    pitch: 39.29993
