lastAccountName: ish19c
timestamps:
  login: 1466797722715
  lastteleport: 1466799171139
  logout: 1466797680135
ipAddress: 24.21.86.130
lastlocation:
  world: '1_9'
  x: 122.60478873101532
  y: 67.0
  z: -316.7625461988193
  yaw: 232.65027
  pitch: 22.350004
godmode: false
logoutlocation:
  world: spawn
  x: -9.777583093536448
  y: 9.0
  z: -40.48042188991722
  yaw: -157.60512
  pitch: 20.496082
