lastAccountName: BlazingHawkPaw
timestamps:
  login: 1439094868448
  lastteleport: 1439094928807
  logout: 1439098811558
ipAddress: 80.203.141.174
lastlocation:
  world: wooftywoo
  x: -1200.3361176669548
  y: 63.0
  z: -6325.944633433906
  yaw: -198.60213
  pitch: 19.80004
logoutlocation:
  world: wooftywoo
  x: -128.69999998807907
  y: 64.0
  z: 154.30264148750172
  yaw: 272.6123
  pitch: 12.899758
