lastAccountName: DaRkHelMet369
timestamps:
  login: 1411081930875
  lastteleport: 1410637751509
  logout: 1411082014922
ipAddress: 67.242.42.131
lastlocation:
  world: wooftywoo
  x: 405.2439332762396
  y: 69.50133597911214
  z: 445.0925291177183
  yaw: -173.828
  pitch: 26.550003
nickname: DarkHelm
logoutlocation:
  world: wooftywoo
  x: 492.54076435776204
  y: 70.0029999902867
  z: 408.7836479410616
  yaw: 106.37171
  pitch: 26.250002
afk: false
