lastAccountName: PhoenixNol
timestamps:
  login: 1409528615133
  lastteleport: 1409527990556
  logout: 1409528971122
ipAddress: 71.81.162.248
lastlocation:
  world: wooftywoo
  x: 636.4298965595879
  y: 64.0
  z: 564.0260350319834
  yaw: 31.305092
  pitch: 34.799984
homes:
  home:
    world: wooftywoo
    x: 636.6999999880791
    y: 64.0
    z: 559.3000000119209
    yaw: 48.55509
    pitch: 42.29998
logoutlocation:
  world: wooftywoo
  x: 407.3235517252173
  y: 63.0
  z: 357.2808649853563
  yaw: -73.24634
  pitch: 26.699936
money: '59.5'
