lastAccountName: diemelkman101
timestamps:
  login: 1465288775200
  lastteleport: 1465288794648
  logout: 1465288871517
ipAddress: 105.225.20.135
lastlocation:
  world: spawn
  x: -9.478410173173161
  y: 9.0
  z: -42.244464987189545
  yaw: -175.80045
  pitch: 31.34999
godmode: false
logoutlocation:
  world: '1_9'
  x: 88.1919396949263
  y: 67.0
  z: -316.67864320983574
  yaw: -92.250015
  pitch: -0.75001055
