lastAccountName: SporyGamer
timestamps:
  login: 1412084318581
  logout: 1412084340652
ipAddress: 177.80.252.49
lastlocation:
  world: wooftywoo
  x: 645.0
  y: 67.0
  z: 414.0
  yaw: 89.850006
  pitch: -1.949999
logoutlocation:
  world: wooftywoo
  x: 1033.0290796528618
  y: 65.0
  z: 1603.2011586461945
  yaw: 55.64397
  pitch: 1.9500006
