lastAccountName: LostInDimension
timestamps:
  login: 1465562787003
  lastteleport: 1465254976136
  logout: 1465562794473
ipAddress: 172.74.165.235
lastlocation:
  world: parkourhub
  x: 26.094439115720274
  y: 98.0
  z: -4.70410260403305
  yaw: -103.57616
  pitch: 2.4766092
godmode: false
homes:
  deadpool:
    world: '1_9'
    x: 1320.456039345895
    y: 76.0
    z: -305.9528561685527
    yaw: 275.16394
    pitch: 21.384674
  village:
    world: '1_9'
    x: -705.6999481585922
    y: 71.0
    z: -251.01733022740723
    yaw: 129.59036
    pitch: 14.085438
  home:
    world: '1_9'
    x: -551.3460196261335
    y: 64.0
    z: -1061.6698645972353
    yaw: -103.94249
    pitch: 25.727375
  mine:
    world: '1_9'
    x: -512.3000000119209
    y: 15.0
    z: -1167.3423099709933
    yaw: 256.64032
    pitch: 75.024315
logoutlocation:
  world: flat
  x: 19929.997992865778
  y: 10.200000047683716
  z: 19981.92166039507
  yaw: 14.1324005
  pitch: -90.0
afk: false
money: '4024.0'
nickname: ยง2Lost
