lastAccountName: sailingforithaka
timestamps:
  login: 1430623250655
  lastteleport: 1430623284587
  logout: 1430623548055
ipAddress: 71.180.136.130
lastlocation:
  world: wooftywoo
  x: 1007.8569544303018
  y: 76.0
  z: 2000.7085648091875
  yaw: 266.5446
  pitch: 27.59998
nickname: Ithaka
afk: false
logoutlocation:
  world: wooftywoo
  x: 453.9213051743947
  y: 68.0
  z: 479.457249700019
  yaw: 62.956062
  pitch: -5.400024
