lastAccountName: Prof_Derf
timestamps:
  login: 1439742997745
  lastteleport: 1439743124320
  logout: 1439744296720
ipAddress: 69.132.164.146
lastlocation:
  world: wooftywoo
  x: -1202.326867339667
  y: 63.0
  z: -6347.90498777368
  yaw: -184.05963
  pitch: 49.890335
logoutlocation:
  world: wooftywoo
  x: 646.490244210235
  y: 67.0
  z: 417.22947083969456
  yaw: 104.29129
  pitch: 16.497913
