timestamps:
  login: 1401680690031
  logout: 1401680792737
ipAddress: 184.6.90.45
logoutlocation:
  world: wooftywoo
  x: 646.2099821190025
  y: 67.0
  z: 411.60952826642165
  yaw: -227.81415
  pitch: 13.649988
lastAccountName: richboy00021
