lastAccountName: kurtarne909
timestamps:
  login: 1439728944509
  lastteleport: 1439093875898
  logout: 1439728946441
ipAddress: 188.126.194.76
lastlocation:
  world: wooftywoo
  x: 646.2749046858037
  y: 67.0
  z: 420.6917123840649
  yaw: 43.799965
  pitch: 15.899996
homes:
  home:
    world: wooftywoo
    x: -88.68413969729487
    y: 64.0
    z: 183.8685865585451
    yaw: -211.18184
    pitch: 8.196352
logoutlocation:
  world: wooftywoo
  x: -67.52647204828027
  y: 64.0
  z: 211.16568280591147
  yaw: 82.695404
  pitch: 12.300008
