lastAccountName: Dawn_Treader
timestamps:
  login: 1431034187571
  logout: 1431034256804
ipAddress: 69.243.237.110
lastlocation:
  world: wooftywoo
  x: 1031.5
  y: 65.0
  z: 1576.5
  yaw: -52.956036
  pitch: 9.600008
afk: false
logoutlocation:
  world: wooftywoo
  x: 475.693529008983
  y: 67.0
  z: 500.9787637268449
  yaw: 0.40533447
  pitch: 10.500031
