lastAccountName: BlueBladez
timestamps:
  login: 1436150726138
  logout: 1436151012144
ipAddress: 68.229.238.245
lastlocation:
  world: wooftywoo
  x: 645.0
  y: 67.0
  z: 414.0
  yaw: 89.850006
  pitch: -1.949999
logoutlocation:
  world: wooftywoo
  x: -1279.300000011921
  y: 63.0
  z: -6371.1244695461555
  yaw: 348.74847
  pitch: 5.1000047
