lastAccountName: LoganGnys
timestamps:
  login: 1446071477024
  logout: 1446071839113
ipAddress: 108.63.129.31
lastlocation:
  world: wooftywoo
  x: 3997.5
  y: 91.0
  z: 4088.5
  yaw: -90.3
  pitch: 2.7
afk: false
logoutlocation:
  world: survival
  x: -141.63575455983235
  y: 39.0
  z: -106.30000001192083
  yaw: 347.8498
  pitch: 41.09999
