lastAccountName: alainar25
timestamps:
  login: 1407917865144
  lastteleport: 1407918260408
  logout: 1407918426157
ipAddress: 93.222.177.109
lastlocation:
  world: wooftywoo
  x: 3982.5538869168454
  y: 91.0
  z: 4065.699999988079
  yaw: 88.76388
  pitch: 5.6551385
nickname: AKILLER
logoutlocation:
  world: wooftywoo
  x: -18.7362589782023
  y: 62.0
  z: 449.64010605235836
  yaw: -177.9442
  pitch: 34.199993
