lastAccountName: BrooklinDaNinja
timestamps:
  login: 1465154966762
  lastteleport: 1465155783879
  mute: 0
  logout: 1465157048730
ipAddress: 75.20.129.115
lastlocation:
  world: spawn
  x: 0.6358377224728249
  y: 9.5
  z: -10.9211591123257
  yaw: -342.0005
  pitch: 18.299995
godmode: false
muted: false
logoutlocation:
  world: flat
  x: 19953.730020599145
  y: 15.743861900117547
  z: 19916.526605028088
  yaw: 258.44574
  pitch: 32.850018
afk: false
