timestamps:
  login: 1390324977017
  logout: 1390325689269
ipAddress: 46.195.152.215
lastlocation:
  world: wooftywoo
  x: 645.0
  y: 67.0
  z: 414.0
  yaw: 89.850006
  pitch: -1.949999
logoutlocation:
  world: creative
  x: -210.48986735386754
  y: 63.0
  z: 249.83693302302055
  yaw: 200.85
  pitch: 3.5999954
lastAccountName: byggarbob2
