lastAccountName: bosswer1234
timestamps:
  login: 1438127234996
  logout: 1438127998582
  lastteleport: 1438127819151
ipAddress: 50.147.109.19
lastlocation:
  world: wooftywoo
  x: 720.7922967880925
  y: 71.0
  z: 428.7162729023254
  yaw: -80.18823
  pitch: 12.603498
logoutlocation:
  world: wooftywoo
  x: -1181.3554629422833
  y: 72.0
  z: -6279.3558350342855
  yaw: -116.73996
  pitch: 28.01652
