lastAccountName: MattsMinecraft
timestamps:
  login: 1434083111248
  lastteleport: 1434083295407
  logout: 1434083301262
ipAddress: 38.64.150.3
lastlocation:
  world: wooftywoo
  x: 1527.9792865246689
  y: 111.0
  z: -4284.478865414069
  yaw: 269.0487
  pitch: 22.649998
logoutlocation:
  world: wooftywoo
  x: 1227.5821267452502
  y: 109.0
  z: -4284.499729407951
  yaw: -13.401611
  pitch: 10.199996
