lastAccountName: braydenA9
timestamps:
  login: 1466041090746
  lastteleport: 1466041112252
  logout: 1466041128623
ipAddress: 45.27.216.238
lastlocation:
  world: plots
  x: 132.69999998807907
  y: 50.200000047683716
  z: 79.69999998807907
  yaw: -323.11185
  pitch: 57.300007
logoutlocation:
  world: spawn
  x: -2.716465900773046
  y: 10.0
  z: 1.0540579576717686
  yaw: -225.7505
  pitch: 8.699997
godmode: false
afk: false
