lastAccountName: Smoshie_chan717
timestamps:
  login: 1431299973598
  logout: 1431300044305
ipAddress: 69.158.90.121
lastlocation:
  world: wooftywoo
  x: 645.0
  y: 67.0
  z: 414.0
  yaw: 89.850006
  pitch: -1.949999
afk: false
logoutlocation:
  world: wooftywoo
  x: -1224.7979587825641
  y: 64.0
  z: -6337.742262654182
  yaw: 31.949295
  pitch: 17.170982
