lastAccountName: JoeUltimate
timestamps:
  login: 1428175691834
  logout: 1428175736244
ipAddress: 98.117.13.4
lastlocation:
  world: wooftywoo
  x: 1031.9295042727724
  y: 65.0
  z: 1677.9647006200487
  yaw: -20.272104
  pitch: 5.2071137
logoutlocation:
  world: wooftywoo
  x: 1006.2450778055272
  y: 66.5
  z: 2002.0512527160618
  yaw: -71.62927
  pitch: 17.250332
