lastAccountName: _Phish
timestamps:
  login: 1434291941707
  lastteleport: 1434291955055
  logout: 1434291995826
ipAddress: 86.5.162.48
lastlocation:
  world: wooftywoo
  x: -1203.9163654007725
  y: 63.0
  z: -6349.327968694359
  yaw: -204.20355
  pitch: 25.009346
logoutlocation:
  world: creative
  x: 25143.15416915639
  y: 67.0
  z: 24266.39902120223
  yaw: -16.397663
  pitch: 73.245865
