lastAccountName: meech103
timestamps:
  login: 1465623645755
  lastteleport: 1465624149278
  logout: 1465624313192
ipAddress: 71.160.19.28
lastlocation:
  world: spawn
  x: -9.26890480415357
  y: 9.0
  z: -41.98756794513538
  yaw: -181.95044
  pitch: 6.8999987
godmode: false
logoutlocation:
  world: '1_9'
  x: 24.465317901004493
  y: 67.0
  z: -318.23609790913724
  yaw: 92.400055
  pitch: 3.4499764
