lastAccountName: meech103
timestamps:
  login: 1466902439262
  lastteleport: 1465624149278
  logout: 1466905670109
ipAddress: 71.160.4.109
lastlocation:
  world: '1_9'
  x: -14.544269977675063
  y: 67.0
  z: -318.09382801331634
  yaw: -265.94998
  pitch: -3.7500317
godmode: false
logoutlocation:
  world: flat
  x: 81.14584138852518
  y: 35.681389452316765
  z: -797.0655648539575
  yaw: -170.0733
  pitch: -8.249946
