lastAccountName: RosezRAwesome
timestamps:
  login: 1407117039303
  lastteleport: 1407118594954
  logout: 1407118625565
ipAddress: 8.28.240.149
lastlocation:
  world: wooftywoo
  x: 4000.5
  y: 91.0
  z: 4083.5
  yaw: -29.885468
  pitch: 3.376247
nickname: Rose
homes:
  home:
    world: creative
    x: 25346.954477233387
    y: 107.0
    z: 23943.225198251497
    yaw: -223.78214
    pitch: 46.07454
logoutlocation:
  world: creative
  x: 25145.433244834647
  y: 77.87321001487268
  z: 24088.1229852686
  yaw: -130.06679
  pitch: 8.34954
