lastAccountName: NeFox
timestamps:
  login: 1428313948094
  lastteleport: 1428314660473
  logout: 1428314700570
ipAddress: 188.25.234.59
lastlocation:
  world: wooftywoo
  x: 1004.6043336404971
  y: 76.0
  z: 2003.2961830303223
  yaw: -305.02347
  pitch: 28.447474
logoutlocation:
  world: wooftywoo
  x: 475.0766769144206
  y: 67.0
  z: 537.9555687602481
  yaw: -2.0423584
  pitch: -0.05706513
