timestamps:
  login: 1391723208065
  logout: 1391723604793
ipAddress: 72.225.39.85
lastlocation:
  world: wooftywoo
  x: 645.0
  y: 67.0
  z: 414.0
  yaw: 89.850006
  pitch: -1.949999
homes:
  home:
    world: wooftywoo
    x: 592.1235926570599
    y: 68.0
    z: 408.30000001192093
    yaw: 35.700073
    pitch: 15.450016
logoutlocation:
  world: wooftywoo
  x: 511.39900726275926
  y: 63.0
  z: 398.58012616646135
  yaw: 268.95264
  pitch: -79.79998
lastAccountName: viziozio
