timestamps:
  login: 1392642037620
  logout: 1392642052087
ipAddress: 81.154.50.222
lastlocation:
  world: wooftywoo
  x: 645.0
  y: 67.0
  z: 414.0
  yaw: 89.850006
  pitch: -1.949999
logoutlocation:
  world: wooftywoo
  x: 642.8230796290413
  y: 67.0
  z: 418.7198990930971
  yaw: 44.80682
  pitch: 32.51785
lastAccountName: astonjosh
