lastAccountName: MajinLord
timestamps:
  login: 1437487415530
  logout: 1437487418902
  lastteleport: 1437315852845
ipAddress: 82.212.152.50
lastlocation:
  world: wooftywoo
  x: -686.6771810969309
  y: 67.0
  z: 529.8863231732503
  yaw: -181.24348
  pitch: 32.85
logoutlocation:
  world: wooftywoo
  x: 4000.1418171998407
  y: 91.0
  z: 4069.7496807448715
  yaw: -179.2514
  pitch: 2.2500024
