lastAccountName: wWIZz
timestamps:
  login: 1462836771520
  lastteleport: 1462837736398
  logout: 1462838530406
ipAddress: 67.189.60.150
lastlocation:
  world: '1_9'
  x: 58.4382881997069
  y: 57.335784304076384
  z: -323.3534143615133
  yaw: 47.85003
  pitch: -2.8500113
afk: false
logoutlocation:
  world: '1_9'
  x: 64.62564863998432
  y: 67.0
  z: -315.30000001192093
  yaw: 343.0501
  pitch: 48.750008
