lastAccountName: tomahawks8
timestamps:
  login: 1415841653232
  logout: 1415843808377
  lastteleport: 1415842475035
ipAddress: 98.230.79.254
lastlocation:
  world: wooftywoo
  x: 757.3992038968743
  y: 71.0
  z: 6856.663213023878
  yaw: -171.35059
  pitch: 6.4500036
logoutlocation:
  world: creative
  x: 26745.69999998808
  y: 73.45908495700678
  z: 24130.761777302334
  yaw: 258.44824
  pitch: 34.800026
afk: false
homes:
  home:
    world: wooftywoo
    x: 755.5
    y: 71.0
    z: 6862.5
    yaw: 317.4997
    pitch: 24.300035
money: '1024461.0'
