lastAccountName: Goddly
timestamps:
  login: 1431296025305
  lastteleport: 1431296136017
  logout: 1431296690194
ipAddress: 174.99.54.130
lastlocation:
  world: wooftywoo
  x: -1246.8178436250673
  y: 103.0
  z: -6185.165271222372
  yaw: -350.70038
  pitch: 25.649988
logoutlocation:
  world: wooftywoo
  x: -1247.4302301184828
  y: 103.0
  z: -6134.266258514984
  yaw: 343.79913
  pitch: 21.749933
