lastAccountName: wildfire17
timestamps:
  login: 1455142933637
  logout: 1455143031886
ipAddress: 64.121.90.168
lastlocation:
  world: wooftywoo
  x: 3997.5
  y: 91.0
  z: 4088.5
  yaw: -90.3
  pitch: 2.7
logoutlocation:
  world: survival
  x: 0.44674943946301937
  y: 71.0
  z: -5.104232630916989
  yaw: -37.649967
  pitch: 6.299997
