lastAccountName: MaxGoodYTB
timestamps:
  login: 1430759605501
  lastteleport: 1428314643173
  logout: 1430759645766
ipAddress: 86.127.45.220
lastlocation:
  world: wooftywoo
  x: 1005.156021064721
  y: 76.0
  z: 2005.3147265152897
  yaw: 112.49455
  pitch: 24.75
logoutlocation:
  world: wooftywoo
  x: 488.5809731762707
  y: 67.0
  z: 541.5801177447108
  yaw: 182.05363
  pitch: 3.05036
