timestamps:
  login: 1402608080526
  lastteleport: 1402608362295
  logout: 1402608718829
ipAddress: 71.60.139.201
lastlocation:
  world: wooftywoo
  x: -285.8259918171421
  y: 48.0
  z: -142.12073067778715
  yaw: 239.35742
  pitch: 35.360565
nickname: your_mom
logoutlocation:
  world: wooftywoo
  x: -265.6284653516345
  y: 64.0
  z: -130.94314039180537
  yaw: 175.72949
  pitch: -24.93794
homes:
  home:
    world: wooftywoo
    x: -262.7410593974587
    y: 64.0
    z: -115.54728698921645
    yaw: -193.20718
    pitch: 34.820152
lastAccountName: battingdog
