lastAccountName: nbdSteve
timestamps:
  login: 1457434349953
  logout: 1457434417373
ipAddress: 121.208.5.228
lastlocation:
  world: testingnew
  x: 321.5
  y: 65.0
  z: 75.5
  yaw: -90.14667
  pitch: 3.4499857
logoutlocation:
  world: testingnew
  x: 346.5188520355059
  y: 71.0
  z: 151.6999999880791
  yaw: -81.69433
  pitch: 34.441746
