lastAccountName: legorobot93
timestamps:
  login: 1464319065146
  lastteleport: 1464319283460
  logout: 1464319345452
ipAddress: 24.240.86.92
lastlocation:
  world: '1_9'
  x: -148.27720359782523
  y: 55.34651944365066
  z: -321.09366299487823
  yaw: 80.93189
  pitch: 9.709001
godmode: false
homes:
  home:
    world: '1_9'
    x: 129.5
    y: 67.0
    z: -317.5
    yaw: 86.401024
    pitch: 6.2286334
logoutlocation:
  world: '1_9'
  x: -244.6168140705315
  y: 60.23333968990459
  z: -316.6055321958028
  yaw: 77.45151
  pitch: 14.017998
