lastAccountName: BLOCKMASTER511
timestamps:
  login: 1416275265024
  lastteleport: 1416275267181
  logout: 1416275282235
ipAddress: 73.47.156.3
lastlocation:
  world: wooftywoo
  x: 1006.7371357141569
  y: 76.0
  z: 2005.945298277775
  yaw: 114.144684
  pitch: 14.250016
logoutlocation:
  world: wooftywoo
  x: 457.2109463687514
  y: 68.0
  z: 393.65110788091977
  yaw: -258.79434
  pitch: 11.250016
