lastAccountName: OsamaTookMyPlane
timestamps:
  login: 1465260367878
  logout: 1465260367935
ipAddress: 108.61.228.60
lastlocation:
  world: '1_9'
  x: 129.49683451067
  y: 67.0
  z: -317.550688110391
  yaw: 270.4503
  pitch: 2.9999967
logoutlocation:
  world: '1_9'
  x: 129.49683451067
  y: 67.0
  z: -317.550688110391
  yaw: 270.4503
  pitch: 2.9999967
