timestamps:
  login: 1390455622137
  lastteleport: 1390455763583
  logout: 1390456747983
ipAddress: 123.2.80.45
lastlocation:
  world: wooftywoo
  x: 644.7956561840748
  y: 67.0
  z: 416.75553144051895
  yaw: 195.75018
  pitch: -87.9
logoutlocation:
  world: wooftywoo
  x: -283.699999988079
  y: 80.0
  z: 8023.647052493598
  yaw: 85.89011
  pitch: -48.0
lastAccountName: auboy101
