lastAccountName: seanl10000
timestamps:
  login: 1439601862984
  logout: 1439602002452
  lastteleport: 1435378846467
ipAddress: 104.229.5.250
lastlocation:
  world: wooftywoo
  x: -1262.699999988079
  y: 111.0
  z: -6380.699999988079
  yaw: 52.25647
  pitch: 42.899994
logoutlocation:
  world: wooftywoo
  x: 620.4540495761182
  y: 63.0
  z: 503.30000001192093
  yaw: 84.15579
  pitch: -18.722595
