lastAccountName: CraftXManiac
timestamps:
  login: 1430477675195
  logout: 1430477694612
ipAddress: 5.55.139.120
lastlocation:
  world: wooftywoo
  x: 645.0
  y: 67.0
  z: 414.0
  yaw: 89.850006
  pitch: -1.949999
logoutlocation:
  world: wooftywoo
  x: 1033.6233856830352
  y: 65.0
  z: 1603.108359900032
  yaw: 7.798154
  pitch: 12.873056
