lastAccountName: Chilijoy
timestamps:
  login: 1430321217102
  lastteleport: 1430321588312
  logout: 1430321759957
ipAddress: 80.216.65.80
lastlocation:
  world: flat
  x: 796.767433683618
  y: 4.0625
  z: -550.7695105887582
  yaw: -274.15842
  pitch: 33.965595
nickname: Chilijoy
logoutlocation:
  world: creative
  x: 26886.220712655442
  y: 152.0
  z: 23751.93907913248
  yaw: -260.48425
  pitch: 54.921654
