lastAccountName: Typicaly
timestamps:
  login: 1462652604141
  lastteleport: 1462653558416
  logout: 1462653612888
ipAddress: 99.51.6.212
lastlocation:
  world: spawnworld
  x: -9.331457285502076
  y: 9.0
  z: -42.27907900491324
  yaw: -173.0889
  pitch: 23.070293
logoutlocation:
  world: '1_9'
  x: -107.3225408982141
  y: 67.0
  z: -315.80227256279716
  yaw: -56.082245
  pitch: 26.534676
