lastAccountName: precautiongaming
timestamps:
  login: 1403491328035
  lastteleport: 1403492010916
  logout: 1403492024917
ipAddress: 99.42.81.57
lastlocation:
  world: wooftywoo
  x: 1005.2977717136368
  y: 76.0
  z: 2001.2614659406888
  yaw: -251.99985
  pitch: 26.400017
logoutlocation:
  world: creative
  x: 25016.73913513794
  y: 80.0
  z: 24178.581551874322
  yaw: -137.699
  pitch: 6.2999954
