timestamps:
  login: 1392574141123
  logout: 1392574238700
  lastteleport: 1392529105645
ipAddress: 24.163.42.47
lastlocation:
  world: wooftywoo
  x: 594.0732637086893
  y: 69.0
  z: 407.84480252409907
  yaw: -101.552795
  pitch: 10.237298
logoutlocation:
  world: creative
  x: 161.6016897665087
  y: 79.08881444990126
  z: -72.84783451923309
  yaw: -295.0481
  pitch: 6.5253077
lastAccountName: warman777
