lastAccountName: HeyItsKell
timestamps:
  login: 1467079576400
  lastteleport: 1435694300852
  logout: 1467079620549
ipAddress: 75.134.98.1
lastlocation:
  world: '1_9'
  x: 129.49683451067
  y: 67.0
  z: -317.550688110391
  yaw: 270.4503
  pitch: 2.9999967
logoutlocation:
  world: spawn
  x: 2.369510411297304
  y: 10.0
  z: 5.448366905943936
  yaw: 84.87926
  pitch: 7.443444
homes:
  home:
    world: wooftywoo
    x: 886.4890476703558
    y: 7.0
    z: 12869.699999988079
    yaw: -180.30078
    pitch: 10.753753
  mine:
    world: wooftywoo
    x: 868.6999999880791
    y: 17.0
    z: 12949.106412064455
    yaw: -16.2229
    pitch: 13.134468
nickname: Kitty
money: '11474.0'
afk: false
