lastAccountName: HeyItsKell
timestamps:
  login: 1435690519397
  lastteleport: 1435694300852
  logout: 1435697097133
ipAddress: 97.83.18.47
lastlocation:
  world: wooftywoo
  x: 904.6999999880791
  y: 12.0
  z: 13307.487939935669
  yaw: -184.78387
  pitch: 5.58092
logoutlocation:
  world: wooftywoo
  x: 890.6941403763693
  y: 7.0
  z: 12867.106649794985
  yaw: 100.312744
  pitch: 4.2126412
homes:
  home:
    world: wooftywoo
    x: 886.4890476703558
    y: 7.0
    z: 12869.699999988079
    yaw: -180.30078
    pitch: 10.753753
  mine:
    world: wooftywoo
    x: 868.6999999880791
    y: 17.0
    z: 12949.106412064455
    yaw: -16.2229
    pitch: 13.134468
nickname: Kitty
money: '11474.0'
afk: false
