lastAccountName: tuininga3
timestamps:
  login: 1433412575724
  lastteleport: 1433356241455
  logout: 1433412600217
ipAddress: 31.201.79.196
lastlocation:
  world: wooftywoo
  x: -1201.8546642714907
  y: 63.0
  z: -6348.382808812172
  yaw: -222.9021
  pitch: 52.65
logoutlocation:
  world: wooftywoo
  x: 575.6204185143923
  y: 64.0
  z: 304.460991183982
  yaw: 86.20573
  pitch: 13.19997
