lastAccountName: rosstheninja
timestamps:
  login: 1430240444963
  lastteleport: 1430240553051
  logout: 1430240569713
ipAddress: 5.70.143.67
lastlocation:
  world: wooftywoo
  x: 1033.207715114395
  y: 65.0
  z: 1677.6668426533881
  yaw: 18.89392
  pitch: 4.2000017
logoutlocation:
  world: wooftywoo
  x: 1045.3984898451754
  y: 65.5
  z: 1785.7706349950877
  yaw: -260.25558
  pitch: 8.850036
