lastAccountName: hotfire17
timestamps:
  login: 1455142973280
  lastteleport: 1437937012881
  logout: 1455143026885
ipAddress: 64.121.90.168
lastlocation:
  world: wooftywoo
  x: 645.0
  y: 67.0
  z: 414.0
  yaw: 89.850006
  pitch: -1.949999
afk: false
logoutlocation:
  world: survival
  x: 2.5123445993569344
  y: 71.0
  z: -2.507640167097462
  yaw: 141.75003
  pitch: 2.2500064
