timestamps:
  login: 1394475842035
  logout: 1394475878750
ipAddress: 128.211.178.28
lastlocation:
  world: wooftywoo
  x: 645.0
  y: 67.0
  z: 414.0
  yaw: 89.850006
  pitch: -1.949999
logoutlocation:
  world: wooftywoo
  x: 657.8624485755219
  y: 67.0
  z: 405.99823895042624
  yaw: 7.799988
  pitch: 5.249997
lastAccountName: aldrikka
