lastAccountName: Diatomic
timestamps:
  login: 1459708150634
  logout: 1459708161215
ipAddress: 176.23.29.57
lastlocation:
  world: '1_9'
  x: 68.5
  y: 64.0
  z: -270.5
  yaw: 0.0
  pitch: 0.0
logoutlocation:
  world: survival
  x: -5.042851479631116
  y: 72.0
  z: -53.490889519425906
  yaw: 251.17807
  pitch: 49.46161
