lastAccountName: conbuz123
timestamps:
  login: 1439102672536
  lastteleport: 1439102701754
  logout: 1439102775361
ipAddress: 59.101.129.21
lastlocation:
  world: wooftywoo
  x: 551.6883132519272
  y: 78.0625
  z: -450.77459892464594
  yaw: -254.89355
  pitch: 21.599995
logoutlocation:
  world: wooftywoo
  x: -1553.8641156026313
  y: 65.0
  z: -6646.770311026715
  yaw: -26.700098
  pitch: -7.349991
