lastAccountName: david_97
timestamps:
  login: 1434788294371
  lastteleport: 1434482426533
  logout: 1434788348810
ipAddress: 80.101.160.225
lastlocation:
  world: wooftywoo
  x: 378.2923538272243
  y: 69.0
  z: 84.57751199600143
  yaw: -214.69406
  pitch: 27.300018
logoutlocation:
  world: wooftywoo
  x: -394.57578361619863
  y: 201.0
  z: 1027.0023209362962
  yaw: 196.94574
  pitch: 32.99997
