lastAccountName: Chriswhippit2007
timestamps:
  login: 1462334861157
  lastteleport: 1462334973076
  logout: 1462335070146
ipAddress: 213.66.94.110
lastlocation:
  world: '1_9'
  x: 104.70366494670631
  y: 49.70000015944252
  z: -295.63580138501794
  yaw: -129.14981
  pitch: -8.100001
logoutlocation:
  world: '1_9'
  x: 126.03478117911486
  y: 68.0
  z: -313.72668392660535
  yaw: 61.500145
  pitch: 20.399994
