lastAccountName: Michigan226
timestamps:
  login: 1409449622109
  logout: 1409449635853
ipAddress: 68.40.169.162
lastlocation:
  world: wooftywoo
  x: 645.0
  y: 67.0
  z: 414.0
  yaw: 89.850006
  pitch: -1.949999
logoutlocation:
  world: wooftywoo
  x: 1042.7712081892257
  y: 65.0
  z: 1579.746045566557
  yaw: -70.815155
  pitch: 6.6572437
