lastAccountName: superman1576
timestamps:
  login: 1461356655564
  lastteleport: 1461356944935
  logout: 1461357001213
ipAddress: 78.56.92.175
lastlocation:
  world: survival
  x: -17.71068663152934
  y: 69.0
  z: -49.52036094628217
  yaw: -331.79987
  pitch: 32.999992
logoutlocation:
  world: creative
  x: 25128.69999998808
  y: 75.74313583138608
  z: 24221.69006437625
  yaw: -113.549126
  pitch: 16.950033
