lastAccountName: Crazy_Minecraft3
timestamps:
  login: 1442698074669
  logout: 1442698234647
ipAddress: 24.13.61.198
lastlocation:
  world: wooftywoo
  x: 3997.5
  y: 91.0
  z: 4088.5
  yaw: -90.3
  pitch: 2.7
logoutlocation:
  world: survival
  x: 9.129615822327594
  y: 72.0
  z: 2.077545107384468
  yaw: 9.58606
  pitch: 43.879414
