lastAccountName: The__pacific
timestamps:
  login: 1439553785260
  lastteleport: 1439553859994
  logout: 1439553935622
ipAddress: 94.174.146.111
lastlocation:
  world: wooftywoo
  x: -1204.1551076099008
  y: 63.0
  z: -6348.722537074238
  yaw: -230.58551
  pitch: 43.858814
logoutlocation:
  world: creative
  x: 25195.43908622557
  y: 121.67982069534551
  z: 23944.70741065681
  yaw: -131.79271
  pitch: 90.0
