lastAccountName: ThatEpicFaceGuy
timestamps:
  login: 1435279953475
  lastteleport: 1435280031584
  logout: 1435280046186
ipAddress: 169.130.154.130
lastlocation:
  world: wooftywoo
  x: 3983.061200513487
  y: 91.0
  z: 4065.699999988079
  yaw: -264.60294
  pitch: 61.35025
logoutlocation:
  world: wooftywoo
  x: 1153.4847964608232
  y: 68.0
  z: -4016.631255589357
  yaw: 84.037186
  pitch: -8.515746
