lastAccountName: bouncingirl
timestamps:
  login: 1407083892392
  logout: 1407083893352
ipAddress: 108.71.198.58
lastlocation:
  world: wooftywoo
  x: 645.0
  y: 67.0
  z: 414.0
  yaw: 89.850006
  pitch: -1.949999
logoutlocation:
  world: wooftywoo
  x: 1031.5
  y: 65.0
  z: 1576.5
  yaw: -33.906036
  pitch: 10.050002
