timestamps:
  login: 1452122607044
  lastteleport: 1452124453954
  logout: 1452124461154
  mute: 0
  lastheal: 1407100895536
ipAddress: 68.50.22.142
lastlocation:
  world: wooftywoo
  x: 3997.5
  y: 91.0
  z: 4088.5
  yaw: -90.3
  pitch: 2.7
logoutlocation:
  world: wooftywoo
  x: 3997.5
  y: 91.0
  z: 4088.5
  yaw: -90.3
  pitch: 2.7
godmode: false
homes:
  mainbch:
    world: wooftywoo
    x: 1802.4845413776409
    y: 69.0
    z: -4537.448366720242
    yaw: 96.08308
    pitch: 74.399994
  homespot:
    world: wooftywoo
    x: -193.46669488756098
    y: 143.0
    z: 7664.087867523723
    yaw: 294.29358
    pitch: 37.49997
  oldie:
    world: wooftywoo
    x: 491.6666680225171
    y: 70.0
    z: -861.2233063241309
    yaw: 177.21637
    pitch: 17.895168
muted: false
lastAccountName: missmandyy
afk: false
money: '60764.5'
teleportenabled: true
nickname: man
