lastAccountName: PJHAGMA
timestamps:
  login: 1406862031210
  lastteleport: 1406862183052
  logout: 1406862238252
  mute: 0
ipAddress: 24.140.76.215
lastlocation:
  world: creative
  x: 9.01115550161192
  y: 80.3621263226535
  z: 337.79677331928764
  yaw: -212.05296
  pitch: 61.44891
logoutlocation:
  world: wooftywoo_nether
  x: 2974.2619351470466
  y: 34.7531999805212
  z: 3936.3981117826675
  yaw: -91.505844
  pitch: 31.950935
homes:
  home:
    world: creative
    x: 9.01115550161192
    y: 80.3621263226535
    z: 337.79677331928764
    yaw: -195.44617
    pitch: 16.65774
nickname: EnixLeDerp
muted: false
godmode: false
