lastAccountName: benjeremy
timestamps:
  login: 1439174638982
  lastteleport: 1438571368758
  logout: 1439174910870
ipAddress: 107.145.19.79
lastlocation:
  world: wooftywoo
  x: 304.24393253705296
  y: 82.0
  z: -4.699999988079069
  yaw: 129.85132
  pitch: 9.900098
homes:
  home:
    world: wooftywoo
    x: 305.30000001192093
    y: 81.0
    z: -4.69999998807907
    yaw: 294.85095
    pitch: 11.250093
logoutlocation:
  world: wooftywoo
  x: -1305.2656594761568
  y: 105.0
  z: -6135.172915911571
  yaw: 178.50214
  pitch: -6.30002
afk: false
