lastAccountName: evilnacho11
timestamps:
  login: 1404684769678
  lastteleport: 1403492472816
  logout: 1404685870047
ipAddress: 72.225.55.109
lastlocation:
  world: wooftywoo
  x: -25.30000001192093
  y: 62.0
  z: 440.581888339006
  yaw: -97.09277
  pitch: 6.900146
homes:
  home:
    world: wooftywoo
    x: 427.48881883020965
    y: 64.0
    z: 390.6735874449262
    yaw: -157.32617
    pitch: 12.299688
logoutlocation:
  world: wooftywoo
  x: 428.36941894475444
  y: 64.0
  z: 388.7517303598066
  yaw: -306.72366
  pitch: 17.849888
