lastAccountName: yackytheduck
timestamps:
  login: 1430438525723
  lastteleport: 1430439183434
  logout: 1430440122419
ipAddress: 173.88.76.30
lastlocation:
  world: creative
  x: 25061.393346508532
  y: 83.99881842804692
  z: 24153.839744349996
  yaw: -193.79904
  pitch: 38.1
afk: false
logoutlocation:
  world: wooftywoo
  x: 1000.0188566893075
  y: 71.0
  z: 2008.7400946570403
  yaw: -51.757202
  pitch: -14.850026
