timestamps:
  login: 1390258070942
  lastteleport: 1390258656522
  logout: 1390260089564
ipAddress: 99.91.163.99
lastlocation:
  world: creative
  x: -277.94310262894373
  y: 126.0
  z: 400.1722061579223
  yaw: -225.97075
  pitch: 27.601805
homes:
  home:
    world: wooftywoo
    x: 645.0
    y: 67.0
    z: 414.0
    yaw: 89.850006
    pitch: -1.949999
logoutlocation:
  world: wooftywoo
  x: 645.0
  y: 67.0
  z: 414.0
  yaw: 96.00221
  pitch: -12.598056
lastAccountName: enderdragongirrl
