lastAccountName: jomenca
timestamps:
  login: 1434619999318
  lastteleport: 1434622308329
  logout: 1434622388459
ipAddress: 87.7.126.41
lastlocation:
  world: flat
  x: -66.7630016614005
  y: 4.0
  z: -272.4248301923674
  yaw: -23.542114
  pitch: -8.229922
homes:
  home:
    world: wooftywoo
    x: 1029.7601469526537
    y: 104.0
    z: 471.3943319376531
    yaw: -11.042419
    pitch: 9.17484
logoutlocation:
  world: wooftywoo
  x: 1027.5
  y: 104.02159847259522
  z: 474.5
  yaw: 54.535564
  pitch: 38.983032
