lastAccountName: Sanguinity
timestamps:
  login: 1465604608376
  lastteleport: 1465607098676
  logout: 1465607533140
ipAddress: 24.253.100.7
lastlocation:
  world: spawn
  x: -42.05538951525253
  y: 9.0
  z: 6.315979486393193
  yaw: -265.2005
  pitch: 18.749985
godmode: false
logoutlocation:
  world: creative
  x: 24012.356842645986
  y: 74.0
  z: 24362.304250880432
  yaw: -342.74927
  pitch: 20.999971
