lastAccountName: dice002
timestamps:
  login: 1403263188946
  lastteleport: 1403263804086
  logout: 1403264024536
ipAddress: 101.187.109.23
lastlocation:
  world: wooftywoo
  x: 666.4808618160044
  y: 67.0
  z: 438.37162896027814
  yaw: -180.3013
  pitch: 41.10008
logoutlocation:
  world: wooftywoo
  x: 4150.383959884037
  y: 88.0
  z: 155.52629146295308
  yaw: 97.80145
  pitch: 4.4999943
