lastAccountName: Wetsie
timestamps:
  login: 1453144937830
  lastteleport: 1453144963633
  logout: 1453145025891
ipAddress: 80.56.148.109
lastlocation:
  world: wooftywoo
  x: 851.390907706917
  y: 51.0
  z: 382.3701890139978
  yaw: 149.07077
  pitch: 26.983168
homes:
  home:
    world: wooftywoo
    x: 849.4373816281498
    y: 63.0
    z: 409.0503761676277
    yaw: -115.88721
    pitch: 35.01023
logoutlocation:
  world: wooftywoo
  x: 816.8314676034742
  y: 64.0
  z: 423.69999998807907
  yaw: 73.816605
  pitch: 24.344173
afk: false
