lastAccountName: aman3003
timestamps:
  login: 1466125050510
  lastteleport: 1466125088223
  logout: 1466125439432
ipAddress: 73.197.18.130
lastlocation:
  world: '1_9'
  x: 131.1071039560422
  y: 67.0
  z: -317.4536005751836
  yaw: -91.499985
  pitch: 22.2
godmode: false
logoutlocation:
  world: spawn
  x: 15.322303903040092
  y: 9.0
  z: -21.955905868837817
  yaw: 79.79955
  pitch: 8.849988
