lastAccountName: _Oliver_Gaming_
timestamps:
  login: 1435183176096
  logout: 1435183313828
ipAddress: 80.213.231.177
lastlocation:
  world: wooftywoo
  x: -1263.300000011921
  y: 75.0
  z: -6378.196745543467
  yaw: 69.605835
  pitch: 57.14999
nickname: oliver
logoutlocation:
  world: wooftywoo
  x: 625.59529495378
  y: 68.0
  z: 360.4091397735215
  yaw: 43.0
  pitch: 80.0
