lastAccountName: AlwayzB
timestamps:
  login: 1419545385108
  lastteleport: 1419546170918
  logout: 1419546190015
ipAddress: 71.83.254.155
lastlocation:
  world: wooftywoo
  x: 1528.4985180821395
  y: 112.00133597911214
  z: -4284.20551896165
  yaw: -86.979515
  pitch: 13.415977
logoutlocation:
  world: wooftywoo
  x: 1261.938550716843
  y: 110.0
  z: -4284.374488797305
  yaw: -89.43717
  pitch: 3.585577
