lastAccountName: MCGameTV
timestamps:
  login: 1439150091364
  logout: 1439150112385
ipAddress: 79.242.178.221
lastlocation:
  world: wooftywoo
  x: 645.0
  y: 67.0
  z: 414.0
  yaw: 89.850006
  pitch: -1.949999
logoutlocation:
  world: wooftywoo
  x: -1234.7445375435873
  y: 64.0
  z: -6365.0799985438925
  yaw: -182.55286
  pitch: 9.600001
