lastAccountName: BIRD2019
timestamps:
  login: 1434477647855
  logout: 1434477708912
ipAddress: 107.209.210.159
lastlocation:
  world: wooftywoo
  x: 645.0
  y: 67.0
  z: 414.0
  yaw: 89.850006
  pitch: -1.949999
logoutlocation:
  world: wooftywoo
  x: -1202.7543694676406
  y: 63.0
  z: -6346.151306485883
  yaw: -115.77429
  pitch: 14.890438
