lastAccountName: RagingBattles
timestamps:
  login: 1463193778311
  lastteleport: 1463193918448
  logout: 1463194101722
ipAddress: 69.169.255.204
lastlocation:
  world: '1_9'
  x: 59.950083438076284
  y: 67.0
  z: -316.9187988254339
  yaw: 7.631714
  pitch: 60.05037
logoutlocation:
  world: '1_9'
  x: -191.01719548806474
  y: 72.88181115186097
  z: -325.1272672997406
  yaw: -85.27548
  pitch: 29.35969
afk: false
