lastAccountName: LostShadow666
timestamps:
  login: 1423980177807
  lastteleport: 1423973753236
  logout: 1423980178884
ipAddress: 206.45.8.11
lastlocation:
  world: wooftywoo
  x: 1005.3724755653051
  y: 76.0
  z: 2003.7278824702616
  yaw: 72.59439
  pitch: 26.850014
logoutlocation:
  world: wooftywoo
  x: 561.4040048824994
  y: 92.0
  z: -1719.416868448838
  yaw: -177.4856
  pitch: 38.999996
