lastAccountName: keyton11
timestamps:
  login: 1432310604280
  lastteleport: 1432311013941
  logout: 1432311172569
ipAddress: 108.67.77.212
lastlocation:
  world: wooftywoo
  x: 3979.2337546749695
  y: 95.0
  z: 4013.4240103085085
  yaw: 274.19867
  pitch: 51.899975
logoutlocation:
  world: wooftywoo
  x: -395.9932886542133
  y: 201.0
  z: 1022.9910976200181
  yaw: 206.25073
  pitch: 17.099985
