lastAccountName: MsGerb
timestamps:
  login: 1431296513087
  logout: 1431296540040
ipAddress: 162.200.209.62
lastlocation:
  world: wooftywoo
  x: 645.0
  y: 67.0
  z: 414.0
  yaw: 89.850006
  pitch: -1.949999
logoutlocation:
  world: wooftywoo
  x: -1245.5
  y: 103.0
  z: -6233.5
  yaw: -180.15053
  pitch: 0.8999939
