lastAccountName: XVSTASVX
timestamps:
  login: 1420987222250
  lastteleport: 1420987280483
  logout: 1420987357670
ipAddress: 217.97.253.165
lastlocation:
  world: wooftywoo
  x: 1004.2807501933429
  y: 76.0
  z: 2004.9646704961383
  yaw: -244.95538
  pitch: 37.05
logoutlocation:
  world: wooftywoo
  x: 1006.5
  y: 66.5
  z: 2002.5
  yaw: -90.60545
  pitch: -1.0500008
