lastAccountName: stekra
timestamps:
  login: 1462898820301
  logout: 1462899103420
  lastteleport: 1462899046503
ipAddress: 93.91.151.6
lastlocation:
  world: wooftywoo
  x: 673.3000000119209
  y: 104.0
  z: -1536.3749938493308
  yaw: -233.216
  pitch: 8.250044
logoutlocation:
  world: wooftywoo
  x: 652.4458023766346
  y: 71.0
  z: -1472.616798008388
  yaw: -98.81915
  pitch: 13.349944
