lastAccountName: Jonabic
timestamps:
  login: 1434341179435
  logout: 1434341192528
ipAddress: 71.82.81.146
lastlocation:
  world: wooftywoo
  x: 645.0
  y: 67.0
  z: 414.0
  yaw: 89.850006
  pitch: -1.949999
logoutlocation:
  world: wooftywoo
  x: -1204.27012325244
  y: 63.0
  z: -6349.707345841194
  yaw: -260.1021
  pitch: 24.599998
