timestamps:
  login: 1392523262965
  logout: 1392523543041
ipAddress: 192.222.255.60
lastlocation:
  world: wooftywoo
  x: 645.0
  y: 67.0
  z: 414.0
  yaw: 89.850006
  pitch: -1.949999
logoutlocation:
  world: wooftywoo
  x: 608.3760529970956
  y: 69.0
  z: 414.1007958601704
  yaw: -272.5434
  pitch: 2.139109
lastAccountName: grosse_chienne
