lastAccountName: lossless
timestamps:
  login: 1465079193599
  lastteleport: 1465079307933
  logout: 1465079325759
ipAddress: 23.240.203.53
lastlocation:
  world: wooftywoo
  x: 549.7176532368204
  y: 78.0
  z: -436.9004360632283
  yaw: 59.95637
  pitch: 56.399982
godmode: false
logoutlocation:
  world: wooftywoo
  x: 247.86011798216896
  y: 66.0
  z: 236.8822684266054
  yaw: 332.0972
  pitch: 13.949972
