lastAccountName: Mr_Baller
timestamps:
  login: 1462049115052
  lastteleport: 1462049118505
  logout: 1462049135487
ipAddress: 99.235.171.46
lastlocation:
  world: wooftywoo
  x: 4020.7983672605883
  y: 91.7531999805212
  z: 4161.300000011921
  yaw: -98.71448
  pitch: 52.52851
logoutlocation:
  world: wooftywoo
  x: 4507.182527315485
  y: 63.0
  z: 4347.95508076511
  yaw: 78.65699
  pitch: 22.064852
afk: false
