lastAccountName: CometCandle
timestamps:
  login: 1463173328969
  logout: 1463173413357
ipAddress: 72.238.37.119
lastlocation:
  world: spawnworld
  x: 0.8063833182562802
  y: 9.0
  z: 12.923739523447374
  yaw: 2.5497437
  pitch: 6.1499968
logoutlocation:
  world: '1_9'
  x: 129.25383285297923
  y: 67.0
  z: -317.2798038127107
  yaw: 72.30005
  pitch: 0.5999786
