lastAccountName: Lecookie
timestamps:
  login: 1435369011756
  logout: 1435369034907
ipAddress: 98.253.70.87
lastlocation:
  world: wooftywoo
  x: 645.0
  y: 67.0
  z: 414.0
  yaw: 89.850006
  pitch: -1.949999
logoutlocation:
  world: wooftywoo
  x: -1202.300000011921
  y: 63.0
  z: -6352.494613741276
  yaw: -337.50204
  pitch: 6.75001
