lastAccountName: Ben77712
timestamps:
  login: 1464278638028
  lastteleport: 1464280566932
  logout: 1464281258669
ipAddress: 198.14.197.156
lastlocation:
  world: spawnworld
  x: -9.313139924065068
  y: 9.0
  z: -42.232266384917814
  yaw: -170.55052
  pitch: 50.25
godmode: false
logoutlocation:
  world: '1_9'
  x: -43.01027049505977
  y: 67.0
  z: -315.63182712267934
  yaw: 262.64877
  pitch: 14.550037
