lastAccountName: tcrean222
timestamps:
  login: 1434507455840
  logout: 1434507521696
ipAddress: 108.20.245.8
lastlocation:
  world: wooftywoo
  x: 645.0
  y: 67.0
  z: 414.0
  yaw: 89.850006
  pitch: -1.949999
logoutlocation:
  world: wooftywoo
  x: -1245.5387899487887
  y: 103.0
  z: -6196.114154767265
  yaw: -3.0019555
  pitch: -19.349981
