lastAccountName: grimreaper0202
timestamps:
  login: 1467098698974
  lastteleport: 1467098998159
  logout: 1467099007388
ipAddress: 82.27.183.228
lastlocation:
  world: '1_9'
  x: -90.46721582840004
  y: 59.72103530910628
  z: -309.4857070093267
  yaw: 119.550964
  pitch: 11.85001
godmode: false
logoutlocation:
  world: spawn
  x: -5.2157787294411415
  y: 9.0
  z: -34.982149236420966
  yaw: -193.80043
  pitch: 0.29999542
