lastAccountName: suzukihill
timestamps:
  login: 1434425502539
  lastteleport: 1434425667713
  logout: 1434425772130
ipAddress: 73.30.109.167
lastlocation:
  world: wooftywoo
  x: -1254.6953989009646
  y: 99.0
  z: -6166.438122413496
  yaw: -91.95198
  pitch: -67.34998
logoutlocation:
  world: wooftywoo
  x: -1192.301142720218
  y: 103.0
  z: -6203.3879784925675
  yaw: -123.90209
  pitch: 10.650011
