lastAccountName: ClockworkThink
timestamps:
  login: 1463339304723
  logout: 1463339315789
ipAddress: 74.75.54.116
lastlocation:
  world: '1_9'
  x: 129.49683451067
  y: 67.0
  z: -317.550688110391
  yaw: 270.4503
  pitch: 2.9999967
logoutlocation:
  world: spawnworld
  x: 0.499923069939878
  y: 10.0
  z: 4.856863374852637
  yaw: 198.5997
  pitch: -10.350006
