lastAccountName: mohkadibb
timestamps:
  login: 1467088094733
  lastteleport: 1466632355288
  logout: 1467088128731
ipAddress: 98.218.28.103
lastlocation:
  world: spawn
  x: -9.683051116245059
  y: 9.0
  z: -42.22939788999062
  yaw: -179.40047
  pitch: 7.1999965
godmode: false
logoutlocation:
  world: '1_9'
  x: 76.04634347843444
  y: 67.0
  z: -315.7528026659292
  yaw: 70.65006
  pitch: 17.249987
afk: false
