lastAccountName: mohkadibb
timestamps:
  login: 1466631372388
  lastteleport: 1466632355288
  logout: 1466632478495
ipAddress: 98.218.28.103
lastlocation:
  world: spawn
  x: -9.683051116245059
  y: 9.0
  z: -42.22939788999062
  yaw: -179.40047
  pitch: 7.1999965
godmode: false
logoutlocation:
  world: '1_9'
  x: 87.30000001192093
  y: 67.0
  z: -316.30000001192093
  yaw: 61.950047
  pitch: 24.89998
afk: false
