lastAccountName: JcCrea
timestamps:
  login: 1465306825117
  lastteleport: 1465307058399
  logout: 1465307335121
ipAddress: 107.141.242.26
lastlocation:
  world: spawn
  x: -9.418388758959065
  y: 9.0
  z: -42.22503255085381
  yaw: -196.04044
  pitch: 34.005287
godmode: false
logoutlocation:
  world: '1_9'
  x: -137.20748563228145
  y: 48.949996702038185
  z: -310.12493301436376
  yaw: -118.333084
  pitch: -25.179844
