lastAccountName: pixieonion
timestamps:
  login: 1403892873661
  logout: 1403893036051
  lastteleport: 1403892451892
ipAddress: 174.1.80.10
lastlocation:
  world: wooftywoo
  x: 1005.1293859397251
  y: 76.0
  z: 2004.2879850844913
  yaw: 83.850525
  pitch: 15.450011
logoutlocation:
  world: wooftywoo
  x: 515.2610925537437
  y: 70.0
  z: 344.4229807469953
  yaw: -253.3949
  pitch: 12.450197
