lastAccountName: Bmiller012004
timestamps:
  login: 1462758796191
  lastteleport: 1462758832452
  logout: 1462759419323
ipAddress: 192.35.202.142
lastlocation:
  world: spawnworld
  x: -9.592914399758431
  y: 9.0
  z: -42.007142507236495
  yaw: -179.40038
  pitch: 20.099995
logoutlocation:
  world: '1_9'
  x: 20.16314882400806
  y: 67.0
  z: -317.6635903537926
  yaw: -100.1997
  pitch: 25.200005
