lastAccountName: Dragonostic_
timestamps:
  login: 1439041248379
  logout: 1439041355141
ipAddress: 78.146.110.14
lastlocation:
  world: wooftywoo
  x: 645.0
  y: 67.0
  z: 414.0
  yaw: 89.850006
  pitch: -1.949999
logoutlocation:
  world: wooftywoo
  x: -1211.6507559850122
  y: 62.0
  z: -6340.300000011921
  yaw: -59.513763
  pitch: 83.794106
