lastAccountName: 8noremac
timestamps:
  login: 1466650007124
  lastteleport: 1466569526457
  logout: 1466650013435
ipAddress: 73.161.47.136
lastlocation:
  world: spawn
  x: -9.334826310086928
  y: 9.0
  z: -42.2807827206477
  yaw: -185.99963
  pitch: 2.2499886
godmode: false
logoutlocation:
  world: '1_9'
  x: -185.69999998807907
  y: 67.0
  z: -311.4791080351853
  yaw: -13.649908
  pitch: 7.950018
