lastAccountName: camron315
timestamps:
  login: 1461286706322
  lastteleport: 1460252136322
  logout: 1461286744713
ipAddress: 172.78.130.146
lastlocation:
  world: survival
  x: -18.92222972227628
  y: 69.0625
  z: -50.149876455061396
  yaw: -12.733751
  pitch: 30.665798
logoutlocation:
  world: creative
  x: 25093.832704397526
  y: 81.01970878691282
  z: 23967.36892618822
  yaw: -137.72682
  pitch: 41.9471
