lastAccountName: Sorandir
timestamps:
  login: 1430334260038
  lastteleport: 1430334470055
  logout: 1430334602423
ipAddress: 79.141.164.4
lastlocation:
  world: wooftywoo
  x: 1005.0332774119186
  y: 76.0
  z: 2001.743422945589
  yaw: -240.00604
  pitch: 26.250013
logoutlocation:
  world: creative
  x: 24304.156169868915
  y: 63.0
  z: 24321.01572957585
  yaw: -276.60815
  pitch: 14.249883
