lastAccountName: _S
timestamps:
  login: 1438375142502
  logout: 1438375227199
ipAddress: 66.110.228.44
lastlocation:
  world: wooftywoo
  x: 645.0
  y: 67.0
  z: 414.0
  yaw: 89.850006
  pitch: -1.949999
logoutlocation:
  world: wooftywoo
  x: -1202.2058130435917
  y: 63.0
  z: -6346.468319172348
  yaw: -302.70215
  pitch: 3.000013
