lastAccountName: 612omega
timestamps:
  login: 1461292279852
  lastteleport: 1461294994580
  logout: 1461295231274
ipAddress: 107.136.20.50
lastlocation:
  world: wooftywoo
  x: 3982.499143138353
  y: 91.0
  z: 4122.497667160007
  yaw: 304.64853
  pitch: 24.000021
logoutlocation:
  world: wooftywoo
  x: 3524.0206505490273
  y: 73.55000001192093
  z: 3973.0461778711997
  yaw: -148.70671
  pitch: 56.54987
