lastAccountName: Isadora06
timestamps:
  login: 1409509466853
  lastteleport: 1409075293658
  logout: 1409509509248
ipAddress: 81.226.54.141
lastlocation:
  world: wooftywoo
  x: 1039.4984999487117
  y: 65.0
  z: 1578.90666576005
  yaw: -127.806076
  pitch: -11.699999
logoutlocation:
  world: creative
  x: 25825.774064512734
  y: 80.0
  z: 24126.556793890053
  yaw: 46.804688
  pitch: 79.50001
