lastAccountName: NINJA_BRADLEY
timestamps:
  login: 1447628839655
  lastteleport: 1447559109836
  logout: 1447628911967
ipAddress: 68.190.138.79
lastlocation:
  world: wooftywoo
  x: -686.4616459251847
  y: 67.0
  z: 544.4438623998406
  yaw: -190.09364
  pitch: 51.149986
logoutlocation:
  world: wooftywoo
  x: 3712.5738728309057
  y: 37.933225527108206
  z: 6269.082072902317
  yaw: 2.2451172
  pitch: -37.049995
