lastAccountName: garrettgman2012
timestamps:
  login: 1430347907444
  logout: 1430347948877
ipAddress: 75.68.244.217
lastlocation:
  world: wooftywoo
  x: 645.0
  y: 67.0
  z: 414.0
  yaw: 89.850006
  pitch: -1.949999
logoutlocation:
  world: wooftywoo
  x: 1033.8616255121976
  y: 65.0
  z: 1612.2417293484593
  yaw: 0.44399232
  pitch: 14.699986
