lastAccountName: TheGamingLakeYT
timestamps:
  login: 1463735954145
  lastteleport: 1463736047329
  logout: 1463736692578
ipAddress: 156.204.133.26
lastlocation:
  world: spawnworld
  x: -9.408143865347935
  y: 9.0
  z: -42.36073580196451
  yaw: 176.69836
  pitch: 26.103912
godmode: false
logoutlocation:
  world: '1_9'
  x: 168.31750586468195
  y: 76.49048103968373
  z: -321.84227779233294
  yaw: 78.91333
  pitch: 30.254635
