lastAccountName: TheGamingLakeYT
timestamps:
  login: 1467159121770
  lastteleport: 1467159567313
  logout: 1467159689804
ipAddress: 156.204.205.43
lastlocation:
  world: '1_9'
  x: 117.07260790041911
  y: 64.0
  z: -306.26707471385265
  yaw: -79.48144
  pitch: 67.769165
godmode: false
logoutlocation:
  world: wooftywoo
  x: 2108.9246134792506
  y: 73.0
  z: -1165.699999988079
  yaw: -166.12012
  pitch: 21.64019
