lastAccountName: SpeedPotion
timestamps:
  login: 1430413310505
  logout: 1430413587945
  lastteleport: 1430413545446
  mute: 0
ipAddress: 2.138.246.92
lastlocation:
  world: creative
  x: 965.4055850896897
  y: 254.0
  z: 1080.5154687311096
  yaw: 161.99466
  pitch: 39.74997
logoutlocation:
  world: creative
  x: 961.6946017724863
  y: 11.717192568033113
  z: 1165.4500226049122
  yaw: 129.59467
  pitch: 3.2999778
muted: false
homes:
  home:
    world: flat
    x: -14.88127353684016
    y: 63.0
    z: -79.7811053067455
    yaw: 142.22559
    pitch: 50.550076
