lastAccountName: Kwameplays
timestamps:
  login: 1434577505967
  lastteleport: 1434577633079
  logout: 1434577854364
ipAddress: 69.244.83.138
lastlocation:
  world: flat
  x: -1018.8005559389635
  y: 4.0
  z: 775.0984514636395
  yaw: 230.199
  pitch: 30.202404
logoutlocation:
  world: flat
  x: -984.4509935684528
  y: 4.0
  z: 695.8683392125602
  yaw: -127.188126
  pitch: 2.6650953
