lastAccountName: LauraLive
timestamps:
  login: 1453072828947
  lastteleport: 1453069533072
  logout: 1453073782630
ipAddress: 82.73.218.11
lastlocation:
  world: flat
  x: -317.884994063975
  y: 24.0
  z: 357.0089670974102
  yaw: -292.5012
  pitch: 48.58281
afk: false
logoutlocation:
  world: flat
  x: -1344.4043125823002
  y: 5.174949564284789
  z: -622.5390404007762
  yaw: -103.957886
  pitch: 10.112589
