lastAccountName: 50shadesofsatain
timestamps:
  login: 1427547698822
  logout: 1427548853615
  lastteleport: 1427547816264
ipAddress: 73.138.26.43
lastlocation:
  world: wooftywoo
  x: 808.6291219181842
  y: 69.0
  z: 519.8832709564626
  yaw: -82.994415
  pitch: 18.749994
logoutlocation:
  world: flat
  x: -663.0150503261169
  y: 21.59115090235574
  z: -1036.4928966194936
  yaw: -23.402344
  pitch: 35.699997
