lastAccountName: Zeebrawl
timestamps:
  login: 1427547091587
  lastteleport: 1427547248118
  logout: 1427547391115
ipAddress: 94.4.83.193
lastlocation:
  world: wooftywoo
  x: 1005.0212456255738
  y: 76.0
  z: 2004.5902481984076
  yaw: 89.54454
  pitch: 31.649996
logoutlocation:
  world: wooftywoo
  x: 335.8431534578897
  y: 78.0
  z: 34.98178204409001
  yaw: -149.59421
  pitch: 4.65001
