lastAccountName: MastaChaos17
timestamps:
  login: 1463488887428
  lastteleport: 1463488898934
  lastheal: 1463489515969
  logout: 1463489974030
ipAddress: 47.21.39.234
lastlocation:
  world: spawnworld
  x: -9.538908081314386
  y: 9.0
  z: -42.157048362657896
  yaw: -177.00063
  pitch: 32.250008
godmode: false
logoutlocation:
  world: '1_9'
  x: 63.33561727682798
  y: 67.0
  z: -316.02301992629947
  yaw: 58.950073
  pitch: -22.349987
