lastAccountName: willbow27
timestamps:
  login: 1440961358672
  lastteleport: 1440961900442
  logout: 1440962127049
ipAddress: 109.149.107.229
lastlocation:
  world: wooftywoo
  x: 552.0222476606227
  y: 78.0625
  z: -451.2445821054617
  yaw: -95.44356
  pitch: 30.450003
afk: false
logoutlocation:
  world: wooftywoo
  x: -375.4583433611685
  y: 201.0
  z: 1000.7300204318888
  yaw: 225.59888
  pitch: 13.799993
