lastAccountName: MonkeyCodes
timestamps:
  login: 1436932049765
  lastteleport: 1436932264997
  logout: 1436932348122
ipAddress: 142.134.20.146
lastlocation:
  world: wooftywoo
  x: 476.4170829518547
  y: 66.0
  z: 228.75509625296277
  yaw: -38.74414
  pitch: 1.6499964
homes:
  home:
    world: wooftywoo
    x: 464.2538087939609
    y: 67.0
    z: 220.52178518601454
    yaw: -154.24426
    pitch: 15.450002
money: '0.0'
logoutlocation:
  world: wooftywoo
  x: 1384.1437479253018
  y: 72.0
  z: -4489.364547180456
  yaw: 55.200077
  pitch: 51.750004
