lastAccountName: qdogg12
timestamps:
  login: 1435800105639
  lastteleport: 1435712030596
  logout: 1435800155869
ipAddress: 184.43.91.144
lastlocation:
  world: wooftywoo
  x: -1203.9630496961615
  y: 63.0
  z: -6348.958665728815
  yaw: -239.38115
  pitch: 47.80895
logoutlocation:
  world: creative
  x: 25021.227842937868
  y: 81.23799372644201
  z: 24133.34582634774
  yaw: -39.539917
  pitch: 57.954643
