lastAccountName: Molly1564
timestamps:
  login: 1458518965963
  lastteleport: 1458519055666
  logout: 1458519156142
ipAddress: 76.107.246.168
lastlocation:
  world: survival
  x: -17.037813683414566
  y: 69.0625
  z: -49.9803014397838
  yaw: -320.09985
  pitch: 26.399996
logoutlocation:
  world: creative
  x: 25136.04766439801
  y: 71.68292421154406
  z: 24169.118662546545
  yaw: 291.0009
  pitch: 43.2
