lastAccountName: franksfamilykids
timestamps:
  login: 1448980479376
  lastteleport: 1448980650498
  logout: 1448980697528
ipAddress: 216.183.196.62
lastlocation:
  world: creative
  x: 25020.02177902012
  y: 80.0
  z: 24179.862607026123
  yaw: 214.50096
  pitch: 35.999958
logoutlocation:
  world: survival
  x: 0.2907268035496984
  y: 72.0
  z: 45.35149012730086
  yaw: -359.55002
  pitch: -16.950005
