timestamps:
  login: 1390845406893
  logout: 1390846584569
ipAddress: 217.211.125.167
lastlocation:
  world: wooftywoo
  x: 917.2790491094546
  y: 95.4807108763317
  z: 210.31544270200266
  yaw: 280.0
  pitch: 164.0
logoutlocation:
  world: wooftywoo
  x: 915.9355425164823
  y: 100.0
  z: 201.22656298676725
  yaw: -227.02734
  pitch: 26.849941
lastAccountName: viktorstig
