lastAccountName: allinaday
timestamps:
  login: 1462249569502
  lastteleport: 1462249612244
  logout: 1462250407775
ipAddress: 73.170.144.145
lastlocation:
  world: survival
  x: -15.433433758004469
  y: 69.0625
  z: -50.38528543618824
  yaw: -336.2992
  pitch: 25.649988
logoutlocation:
  world: '1_9'
  x: 309.6401869514902
  y: 181.76613569843985
  z: -9.87885838977442
  yaw: 322.0518
  pitch: 64.499985
