timestamps:
  login: 1450748898793
  logout: 1450748994979
  lastteleport: 1442266091905
ipAddress: 144.132.156.16
logoutlocation:
  world: wooftywoo
  x: 1571.0348034140784
  y: 64.0
  z: -4602.132715136374
  yaw: 149.8901
  pitch: 6.6000886
lastlocation:
  world: wooftywoo
  x: 4183.759815332337
  y: 88.0
  z: 196.55749675416126
  yaw: -86.09897
  pitch: 2.249999
homes:
  home:
    world: wooftywoo
    x: 4195.5
    y: 88.0
    z: 196.5
    yaw: -268.9488
    pitch: -3.3000014
  home2:
    world: wooftywoo
    x: 1538.5
    y: 65.0
    z: -4635.5
    yaw: 173.88953
    pitch: 18.750078
  home1:
    world: wooftywoo
    x: 1569.444132770676
    y: 92.0
    z: -4957.756673854783
    yaw: 175.06836
    pitch: 9.600004
  skele:
    world: wooftywoo
    x: 1509.1728021003403
    y: 42.0
    z: -6640.756917760398
    yaw: -257.935
    pitch: 11.3623085
lastAccountName: StoleYourDiamond
nickname: Stole
afk: false
