lastAccountName: DiamondMaster98
timestamps:
  login: 1422055183818
  lastteleport: 1422055299331
  logout: 1422055358882
ipAddress: 97.95.201.17
lastlocation:
  world: wooftywoo
  x: 1004.696712918083
  y: 76.0
  z: 2001.7951140747095
  yaw: 31.509996
  pitch: 18.976566
logoutlocation:
  world: wooftywoo
  x: 475.546522605917
  y: 67.75
  z: 469.69999998807907
  yaw: -354.13782
  pitch: -26.468037
