lastAccountName: UltimateGamerHD_
timestamps:
  login: 1445868106073
  lastteleport: 1436278620346
  logout: 1445868236081
ipAddress: 82.136.205.176
lastlocation:
  world: wooftywoo
  x: 645.0
  y: 67.0
  z: 414.0
  yaw: 89.850006
  pitch: -1.949999
logoutlocation:
  world: survival
  x: 0.4139207167281873
  y: 69.0
  z: 121.1328256111422
  yaw: 237.75388
  pitch: 14.265126
afk: false
homes:
  home:
    world: wooftywoo
    x: 909.5227278229802
    y: 63.0
    z: 311.1714741422938
    yaw: -7.012775
    pitch: 18.595684
