lastAccountName: dysondil
timestamps:
  login: 1430874861231
  lastteleport: 1430534855965
  logout: 1430875048374
ipAddress: 159.118.27.59
lastlocation:
  world: creative
  x: 24943.641670241177
  y: 86.54016965821496
  z: 23916.534901880743
  yaw: -103.79913
  pitch: 21.900112
nickname: Dyson
logoutlocation:
  world: creative
  x: 25016.630787398823
  y: 75.2064385024162
  z: 23620.033302050728
  yaw: -216.60046
  pitch: 31.949976
afk: false
homes:
  home:
    world: creative
    x: 25008.213410151715
    y: 85.61435641343124
    z: 23611.261054206763
    yaw: -71.999084
    pitch: 26.249926
