lastAccountName: Mrgassypants
timestamps:
  login: 1429373439364
  lastteleport: 1429374470944
  logout: 1429374773089
ipAddress: 76.234.42.134
lastlocation:
  world: wooftywoo
  x: 1653.2507285963366
  y: 63.0
  z: 392.5103153766591
  yaw: -330.9082
  pitch: 18.450054
logoutlocation:
  world: wooftywoo
  x: 1678.8894484264504
  y: 63.0
  z: 510.3054882183977
  yaw: 147.43938
  pitch: 22.499926
nickname: Zen
homes:
  home:
    world: wooftywoo
    x: 1678.6183765346123
    y: 63.0
    z: 525.0766643924321
    yaw: -207.01025
    pitch: 0.3000658
