lastAccountName: DumbellgamingYT
timestamps:
  login: 1453269175759
  lastteleport: 1453269944458
  logout: 1453271034022
ipAddress: 64.251.151.189
lastlocation:
  world: flat
  x: -476.45203990423465
  y: 11.35684015549256
  z: 407.78525398280135
  yaw: -124.70533
  pitch: 39.299927
logoutlocation:
  world: flat
  x: -1905.6512544191016
  y: 12.5
  z: -977.3688199889401
  yaw: -102.24338
  pitch: 40.04991
homes:
  sandblaster:
    world: flat
    x: -1492.0445880816778
    y: 45.0
    z: -299.66256963241966
    yaw: 94.45459
    pitch: 4.3500032
afk: false
