lastAccountName: vinilla74
timestamps:
  login: 1465398045536
  lastteleport: 1465403441800
  logout: 1465403448556
ipAddress: 73.146.205.56
lastlocation:
  world: plots
  x: -161.72602818976557
  y: 65.0
  z: 120.2378792277532
  yaw: 228.98505
  pitch: 87.38348
godmode: false
logoutlocation:
  world: plots
  x: 0.5
  y: 65.0
  z: 0.5
  yaw: -2.577197
  pitch: 13.49758
