lastAccountName: awwkoonsun
timestamps:
  login: 1447263316088
  lastteleport: 1447263342711
  logout: 1447263348166
ipAddress: 183.178.173.187
lastlocation:
  world: survival
  x: -19.43587108894379
  y: 69.0625
  z: -49.4623489836099
  yaw: -321.75146
  pitch: 34.199963
logoutlocation:
  world: wooftywoo
  x: 546.0743248851509
  y: 78.0625
  z: -441.53159984042713
  yaw: -96.343445
  pitch: 12.300015
