lastAccountName: zom1215
timestamps:
  login: 1408806843852
  logout: 1408806857729
ipAddress: 71.57.221.16
lastlocation:
  world: wooftywoo
  x: 645.0
  y: 67.0
  z: 414.0
  yaw: 89.850006
  pitch: -1.949999
logoutlocation:
  world: wooftywoo
  x: 1031.5
  y: 60.0
  z: 1576.5
  yaw: -33.906036
  pitch: 10.050002
