lastAccountName: infinityman1
timestamps:
  login: 1463339846756
  lastteleport: 1463339969744
  logout: 1463339843013
ipAddress: 108.14.104.95
lastlocation:
  world: spawnworld
  x: -9.25252305746475
  y: 9.0
  z: -42.11188728278913
  yaw: 176.56104
  pitch: 35.099274
godmode: false
logoutlocation:
  world: '1_9'
  x: -131.65256171967798
  y: 72.0
  z: -313.37957762569505
  yaw: 93.3418
  pitch: 1.4104352
