lastAccountName: Gaster_12
timestamps:
  login: 1466717903594
  lastteleport: 1466718157624
  logout: 1466718683187
ipAddress: 68.224.39.186
lastlocation:
  world: '1_9'
  x: 131.69999998807907
  y: 67.0
  z: -317.3683753842018
  yaw: -87.900085
  pitch: 65.24999
godmode: false
logoutlocation:
  world: spawn
  x: 21.49109646099714
  y: 9.0
  z: -39.61496987371778
  yaw: -139.5008
  pitch: -15.300007
