lastAccountName: Cody123DaBOSS
timestamps:
  login: 1464641035471
  lastteleport: 1464400373435
  logout: 1464641061802
ipAddress: 67.189.60.150
lastlocation:
  world: spawnworld
  x: -9.675981048885617
  y: 9.0
  z: -42.202844125942605
  yaw: -176.55035
  pitch: 77.84999
godmode: false
logoutlocation:
  world: '1_9'
  x: 68.49443639599222
  y: 46.07247295123822
  z: -318.4292630167478
  yaw: 14.100078
  pitch: -90.0
