lastAccountName: xXAprilzRekzXx
timestamps:
  login: 1430552755220
  lastteleport: 1430553017205
  logout: 1430553050664
ipAddress: 86.15.87.43
lastlocation:
  world: creative
  x: 25092.005698807072
  y: 78.1063237369135
  z: 24059.003075917608
  yaw: -167.18167
  pitch: -7.689588
logoutlocation:
  world: wooftywoo
  x: 1012.6488164606973
  y: 67.0
  z: 2002.4884900448378
  yaw: -90.60545
  pitch: -1.0500008
