lastAccountName: DolphinTail10
timestamps:
  login: 1430326818665
  lastteleport: 1430327388890
  logout: 1430327594950
ipAddress: 71.219.250.76
lastlocation:
  world: wooftywoo
  x: 1004.283793217304
  y: 76.0
  z: 2001.2136406239295
  yaw: 117.2946
  pitch: 37.949993
logoutlocation:
  world: creative
  x: 25148.550136981965
  y: 67.0
  z: 24204.54188090708
  yaw: -97.34916
  pitch: 7.6499944
