lastAccountName: BossPig92
timestamps:
  login: 1438818971575
  lastteleport: 1432344158494
  logout: 1438820380533
ipAddress: 71.236.218.94
lastlocation:
  world: wooftywoo
  x: -1215.766604031516
  y: 53.5212794179221
  z: -6324.176068331144
  yaw: 57.449524
  pitch: 10.049998
logoutlocation:
  world: wooftywoo
  x: -1282.6317171480068
  y: 102.02581994731355
  z: -6131.300000011921
  yaw: -19.328857
  pitch: -6.1502123
