lastAccountName: gamerboi12_mc
timestamps:
  login: 1461534636312
  lastteleport: 1461534703406
  logout: 1461535465822
ipAddress: 142.129.138.14
lastlocation:
  world: survival
  x: -16.61875999968524
  y: 69.0
  z: -49.44828904914824
  yaw: -8.249847
  pitch: 41.850002
logoutlocation:
  world: '1_9'
  x: 99.63970625813849
  y: 67.0
  z: -317.850865751345
  yaw: 79.80017
  pitch: 55.349995
