lastAccountName: b1582
timestamps:
  login: 1442619554689
  logout: 1442619659097
ipAddress: 71.218.149.69
lastlocation:
  world: wooftywoo
  x: 645.0
  y: 67.0
  z: 414.0
  yaw: 89.850006
  pitch: -1.949999
logoutlocation:
  world: survival
  x: 69.88059650014503
  y: 68.0
  z: -87.07631327537456
  yaw: -127.12991
  pitch: 22.268347
