lastAccountName: Captain_Galax
timestamps:
  login: 1445686289386
  logout: 1445686301199
ipAddress: 80.195.139.19
lastlocation:
  world: wooftywoo
  x: 3997.5
  y: 91.0
  z: 4088.5
  yaw: -90.3
  pitch: 2.7
logoutlocation:
  world: survival
  x: -2.3623009961230856
  y: 69.0
  z: -19.266533198124332
  yaw: -168.79997
  pitch: 4.1346707
