lastAccountName: UnicornOfChaos
timestamps:
  login: 1430344659006
  logout: 1430344525490
ipAddress: 75.161.157.177
lastlocation:
  world: wooftywoo
  x: 645.0
  y: 67.0
  z: 414.0
  yaw: 89.850006
  pitch: -1.949999
logoutlocation:
  world: wooftywoo
  x: 1032.3870497417943
  y: 65.0
  z: 1578.7775521855353
  yaw: 182.09395
  pitch: -19.049995
