lastAccountName: NathanPixelcraft
timestamps:
  login: 1464587814346
  lastteleport: 1460433791521
  logout: 1464587829382
ipAddress: 174.23.0.160
lastlocation:
  world: wooftywoo
  x: -686.6171097760744
  y: 67.0
  z: 544.529090250975
  yaw: -0.2883226
  pitch: 32.858124
logoutlocation:
  world: wooftywoo
  x: 3703.0439997194826
  y: 53.645050570226324
  z: 6255.042028347631
  yaw: -289.47455
  pitch: -66.55351
