lastAccountName: Randomer
timestamps:
  login: 1435147931041
  logout: 1435147993990
ipAddress: 91.66.82.125
lastlocation:
  world: wooftywoo
  x: 645.0
  y: 67.0
  z: 414.0
  yaw: 89.850006
  pitch: -1.949999
logoutlocation:
  world: wooftywoo
  x: -1244.1459574652424
  y: 63.0
  z: -6358.547476405504
  yaw: -169.73944
  pitch: 24.185047
