lastAccountName: ValiantWardog
timestamps:
  login: 1460087497293
  lastteleport: 1459132037065
  logout: 1460087619385
ipAddress: 63.246.224.58
lastlocation:
  world: '1_9'
  x: 1333.699999988079
  y: 15.0
  z: -70.69999998807907
  yaw: 18.165998
  pitch: -80.69994
homes:
  home:
    world: '1_9'
    x: 1318.5426273388455
    y: 88.0
    z: -90.08125798237464
    yaw: -86.54993
    pitch: 10.500057
logoutlocation:
  world: '1_9'
  x: 1206.1229391035263
  y: 64.0
  z: -143.16752113098738
  yaw: 103.80056
  pitch: 31.350021
afk: false
