lastAccountName: probro0117
timestamps:
  login: 1442625710449
  logout: 1442625735758
ipAddress: 99.16.250.0
lastlocation:
  world: wooftywoo
  x: 645.0
  y: 67.0
  z: 414.0
  yaw: 89.850006
  pitch: -1.949999
logoutlocation:
  world: survival
  x: 2.214275198620932
  y: 71.0
  z: -9.979497327635196
  yaw: 12.750048
  pitch: 3.4499981
