timestamps:
  login: 1395151509294
  lastteleport: 1395151561754
  logout: 1395151589104
ipAddress: 87.166.81.171
lastlocation:
  world: wooftywoo
  x: 666.2257914907909
  y: 67.0
  z: 438.0667732609305
  yaw: 207.24428
  pitch: 40.738827
logoutlocation:
  world: wooftywoo
  x: 645.0
  y: 67.0
  z: 414.0
  yaw: 54.59938
  pitch: -4.537202
lastAccountName: superflo97
