lastAccountName: Meggsatron2003
timestamps:
  login: 1466596395714
  lastteleport: 1466490316512
  logout: 1466596467324
ipAddress: 121.217.33.140
lastlocation:
  world: spawn
  x: -9.588483254170143
  y: 9.0
  z: -41.9102832043864
  yaw: -179.40051
  pitch: 19.65
godmode: false
logoutlocation:
  world: '1_9'
  x: 105.47850908190989
  y: 67.0
  z: -316.56474658042225
  yaw: -194.09991
  pitch: 74.100006
