timestamps:
  login: 1401122445412
  lastteleport: 1401122480278
  logout: 1401122565249
ipAddress: 24.98.51.116
lastlocation:
  world: creative
  x: 36.30000001192093
  y: 30.0
  z: 727.6999999880791
  yaw: -109.54857
  pitch: -19.5
logoutlocation:
  world: wooftywoo
  x: 650.3000000119209
  y: 68.0
  z: 423.9799546325224
  yaw: 145.34996
  pitch: 45.449993
lastAccountName: super_ninja0921
