lastAccountName: spencer_da_panda
timestamps:
  login: 1439172168364
  lastteleport: 1438528549491
  logout: 1439172197866
ipAddress: 72.181.2.98
lastlocation:
  world: wooftywoo
  x: 476.00462600824176
  y: 69.00133597911214
  z: 412.24406376776915
  yaw: -8.14425
  pitch: 19.499994
homes:
  home:
    world: wooftywoo
    x: 1699.3440314525799
    y: 63.0
    z: -5230.285145317073
    yaw: 178.75647
    pitch: 26.549984
logoutlocation:
  world: wooftywoo
  x: 490.05444078345784
  y: 68.0
  z: 416.722319201647
  yaw: -237.79475
  pitch: 34.349987
