lastAccountName: awesome2noah
timestamps:
  login: 1466115704947
  lastteleport: 1466116217983
  logout: 1466117373757
ipAddress: 68.96.187.32
lastlocation:
  world: '1_9'
  x: 75.78718262675324
  y: 67.0
  z: -316.74810190872483
  yaw: -7.049974
  pitch: 0.45000407
logoutlocation:
  world: '1_9'
  x: 76.23556530874374
  y: 67.0
  z: -318.69999998807907
  yaw: 3.300232
  pitch: 9.5999975
godmode: false
nickname: ยง3Noah
