lastAccountName: IHECTICHIPPO
timestamps:
  login: 1446920574351
  logout: 1446920578404
ipAddress: 86.159.184.55
lastlocation:
  world: wooftywoo
  x: 3997.5
  y: 91.0
  z: 4088.5
  yaw: -90.3
  pitch: 2.7
logoutlocation:
  world: survival
  x: -0.9868575408320996
  y: 69.5
  z: -37.36321313125661
  yaw: 21.90025
  pitch: 25.049995
