lastAccountName: lilypup0716
timestamps:
  login: 1464908747130
  lastteleport: 1464481011520
  logout: 1464909389775
ipAddress: 67.190.150.146
lastlocation:
  world: flat
  x: 1.2155452475443105
  y: 5.0
  z: -2.2229104946779947
  yaw: -342.83136
  pitch: 43.199623
godmode: false
logoutlocation:
  world: spawn
  x: 4.849512039593833
  y: 9.0
  z: -18.774642439261534
  yaw: -157.16876
  pitch: 22.049423
afk: false
