lastAccountName: OPTIXxFREEZE
timestamps:
  login: 1415070299592
  logout: 1415070353170
ipAddress: 98.177.250.86
lastlocation:
  world: wooftywoo
  x: 1032.1537648150265
  y: 65.0
  z: 1677.269669633201
  yaw: -6.8218193
  pitch: 3.9730701
logoutlocation:
  world: wooftywoo
  x: 1014.9137884338818
  y: 67.0
  z: 2002.6940332032275
  yaw: -25.016554
  pitch: -18.023489
