lastAccountName: ShiningSolace
timestamps:
  login: 1435249818782
  lastteleport: 1435253009696
  logout: 1435253042750
ipAddress: 24.177.81.21
lastlocation:
  world: wooftywoo
  x: 4020.406702298753
  y: 91.0
  z: 4109.456222924534
  yaw: -91.67069
  pitch: 64.24794
homes:
  track:
    world: flat
    x: 39.77172393727497
    y: 4.0
    z: 4008.9245566369655
    yaw: -178.67038
    pitch: 11.05229
  tom:
    world: wooftywoo
    x: 836.3305116420831
    y: 64.0
    z: 185.7329263655378
    yaw: -137.7066
    pitch: 11.509527
  creative:
    world: flat
    x: -303.00996466434356
    y: 4.0
    z: 700.9950521489714
    yaw: -203.44897
    pitch: 20.547613
nickname: Perceus
logoutlocation:
  world: wooftywoo
  x: 706.9497722125788
  y: 70.0
  z: -1487.6957490911714
  yaw: 122.53853
  pitch: 13.752666
