lastAccountName: Nexus937
timestamps:
  login: 1427548902125
  lastteleport: 1427548289170
  logout: 1427548911115
ipAddress: 1.123.36.72
lastlocation:
  world: wooftywoo
  x: 1004.7972231806326
  y: 76.0
  z: 2003.2480180523312
  yaw: -224.55553
  pitch: 25.200005
logoutlocation:
  world: flat
  x: -671.4215305733582
  y: 22.61444986539285
  z: -1017.6999999880794
  yaw: -161.84619
  pitch: 23.24999
