lastAccountName: S1zoma
timestamps:
  login: 1456799321089
  logout: 1456799340143
ipAddress: 85.25.202.53
lastlocation:
  world: wooftywoo
  x: 3997.5
  y: 91.0
  z: 4088.5
  yaw: -90.3
  pitch: 2.7
logoutlocation:
  world: survival
  x: 0.5
  y: 71.0
  z: 0.5
  yaw: -179.84996
  pitch: 3.5999942
