lastAccountName: V4G
timestamps:
  login: 1407552427114
  lastteleport: 1407552582605
  logout: 1407552791451
ipAddress: 72.192.191.8
lastlocation:
  world: wooftywoo
  x: 1003.6132841084124
  y: 76.0
  z: 2003.032116057217
  yaw: -338.39978
  pitch: 33.300007
logoutlocation:
  world: wooftywoo
  x: 583.9378401949543
  y: 68.0
  z: 416.2812445682023
  yaw: 184.90363
  pitch: 1.3502178
