lastlocation:
  world: wooftywoo
  x: 668.0002188910693
  y: 71.0
  z: -1491.5174573528284
  yaw: -63.80664
  pitch: 43.693943
lastAccountName: MasterMine72
timestamps:
  login: 1459023617266
  lastteleport: 1459024479879
  logout: 1459024596209
ipAddress: 70.80.74.29
logoutlocation:
  world: wooftywoo
  x: 4017.782569455774
  y: 91.0
  z: 4124.26989439759
  yaw: -77.04614
  pitch: 32.00113
