lastAccountName: TomTom5655
timestamps:
  login: 1446218375343
  lastteleport: 1441505053124
  logout: 1446218487843
  mute: 0
ipAddress: 108.248.200.96
lastlocation:
  world: survival
  x: -4.462867842829667
  y: 72.0
  z: 137.0959305132033
  yaw: -70.04992
  pitch: 6.150024
logoutlocation:
  world: wooftywoo
  x: 952.5124999880791
  y: 14.0
  z: 369.69999998807907
  yaw: 263.09998
  pitch: 22.500143
afk: false
homes:
  home:
    world: wooftywoo
    x: 945.3000000119209
    y: 14.0
    z: 369.30000001192093
    yaw: 303.74976
    pitch: 27.75013
muted: false
nickname: Mr_Potato
