lastAccountName: Ahnnahorse03
timestamps:
  login: 1432576190532
  lastteleport: 1432578636417
  logout: 1432578649874
ipAddress: 100.40.121.242
lastlocation:
  world: wooftywoo
  x: 3032.7741974297196
  y: 1.0
  z: -3006.699999988079
  yaw: -172.05139
  pitch: 8.40002
homes: {}
logoutlocation:
  world: wooftywoo
  x: 3031.787213893615
  y: 207.0
  z: -3009.0983710624682
  yaw: -46.501446
  pitch: 36.750034
