lastAccountName: girlysnow67
timestamps:
  login: 1407552660996
  logout: 1407553142067
ipAddress: 98.25.217.141
lastlocation:
  world: wooftywoo
  x: 1051.0744212615696
  y: 65.0
  z: 1735.6512301339417
  yaw: -339.91406
  pitch: 7.689607
logoutlocation:
  world: wooftywoo
  x: 998.0800700659165
  y: 67.0
  z: 2001.4097488666657
  yaw: -359.06934
  pitch: 87.5424
