lastAccountName: bogzie_briskits
timestamps:
  login: 1461437947763
  lastteleport: 1461438954324
  logout: 1461439029583
ipAddress: 97.98.247.184
lastlocation:
  world: '1_9'
  x: 672.3368994257622
  y: 5.0
  z: -21.516161882210316
  yaw: -83.8285
  pitch: 78.288055
logoutlocation:
  world: '1_9'
  x: 200.52966693174685
  y: 50.67899287232457
  z: -299.1114564474451
  yaw: -89.56055
  pitch: 2.9589598
