timestamps:
  login: 1395706437035
  logout: 1395706438967
ipAddress: 24.87.67.247
lastlocation:
  world: wooftywoo
  x: 645.0
  y: 67.0
  z: 414.0
  yaw: 89.850006
  pitch: -1.949999
logoutlocation:
  world: wooftywoo
  x: 644.5529477887926
  y: 67.0
  z: 414.64102270663903
  yaw: -9.202879
  pitch: 6.1057806
lastAccountName: isaga
