lastAccountName: VintageTwisted
timestamps:
  login: 1463943617951
  lastteleport: 1463945501282
  logout: 1463945670316
ipAddress: 68.7.137.143
lastlocation:
  world: spawnworld
  x: 61.040550010638256
  y: 9.0
  z: 1.1185132187091482
  yaw: 264.65826
  pitch: 26.71678
godmode: false
logoutlocation:
  world: wooftywoo
  x: 3999.855605449515
  y: 91.0
  z: 4129.795588960227
  yaw: 292.62064
  pitch: 20.667633
