lastAccountName: DeeCaaD
timestamps:
  login: 1462402590362
  lastteleport: 1462402861525
  logout: 1462402869174
ipAddress: 85.157.151.242
lastlocation:
  world: wooftywoo
  x: 3981.9184012003757
  y: 91.0
  z: 4065.3302046087306
  yaw: -174.5727
  pitch: 44.290207
logoutlocation:
  world: wooftywoo
  x: 1168.9831604770131
  y: 68.0
  z: -4024.6137910157677
  yaw: -179.40727
  pitch: 6.4338017
