lastAccountName: MUDDSLING3R123
timestamps:
  login: 1447622978807
  lastteleport: 1447623105553
  logout: 1447623400293
ipAddress: 184.156.171.152
lastlocation:
  world: wooftywoo
  x: -686.5353838929943
  y: 67.0
  z: 544.7754600989076
  yaw: -9.139716
  pitch: 46.80981
logoutlocation:
  world: wooftywoo
  x: 3714.211888114921
  y: 46.364946189970745
  z: 6271.389154973761
  yaw: -137.10153
  pitch: 60.70038
afk: false
nickname: Mudd
