lastAccountName: nothappybob
timestamps:
  login: 1446591364100
  lastteleport: 1432322658840
  logout: 1446591398772
ipAddress: 50.27.234.143
lastlocation:
  world: wooftywoo
  x: 3997.5
  y: 91.0
  z: 4088.5
  yaw: -90.3
  pitch: 2.7
logoutlocation:
  world: survival
  x: 2.554419794866432
  y: 69.0
  z: -23.01068198669097
  yaw: -4.499735
  pitch: -7.500038
