lastAccountName: Jtsup5
timestamps:
  login: 1422209589735
  logout: 1422209593352
ipAddress: 173.49.240.167
lastlocation:
  world: wooftywoo
  x: 645.0
  y: 67.0
  z: 414.0
  yaw: 89.850006
  pitch: -1.949999
logoutlocation:
  world: wooftywoo
  x: 1031.5
  y: 65.0
  z: 1576.5
  yaw: -33.906036
  pitch: 10.050002
