lastAccountName: DannyTruth
timestamps:
  login: 1431296282797
  lastteleport: 1431305713115
  logout: 1431305862844
ipAddress: 70.127.193.18
lastlocation:
  world: wooftywoo
  x: 4020.4912065408475
  y: 91.0
  z: 4039.571348236338
  yaw: -86.85146
  pitch: 58.95001
logoutlocation:
  world: wooftywoo
  x: 152.88275875627764
  y: 73.0
  z: 843.6061696005211
  yaw: -68.408226
  pitch: 47.850014
nickname: Achilles
afk: false
homes:
  home:
    world: wooftywoo
    x: 144.1629120765135
    y: 74.0
    z: 845.4211334265068
    yaw: 97.04175
    pitch: 29.699986
