timestamps:
  login: 1392593694013
  lastteleport: 1392571895640
  logout: 1392593811596
ipAddress: 172.4.230.50
lastlocation:
  world: creative
  x: -28.026565611362457
  y: 103.74468040466309
  z: 112.68271118402481
  yaw: -154.3637
  pitch: 29.549868
logoutlocation:
  world: creative
  x: -2099.99211695585
  y: 123.36435596546039
  z: 434.94524479227107
  yaw: -87.15039
  pitch: 55.64999
lastAccountName: mondragueitor
