lastAccountName: Elitestorm1
timestamps:
  login: 1407820608798
  lastteleport: 1407086967017
  logout: 1407820622746
ipAddress: 24.47.212.69
lastlocation:
  world: wooftywoo
  x: 1008.5314981926208
  y: 76.0
  z: 2000.5627892308623
  yaw: -90.50278
  pitch: 39.024017
logoutlocation:
  world: wooftywoo
  x: 3998.4257809609953
  y: 91.0
  z: 4063.8118804499336
  yaw: 71.0035
  pitch: 10.742393
