lastAccountName: _Macky_
timestamps:
  login: 1436794234249
  logout: 1436794382077
  lastteleport: 1436794263206
ipAddress: 97.103.234.203
lastlocation:
  world: wooftywoo
  x: -1207.3334428520177
  y: 63.0
  z: -6322.143061284905
  yaw: -347.85226
  pitch: 9.900013
logoutlocation:
  world: flat
  x: 258.1726737914455
  y: 39.334661637372115
  z: 119.2917053380215
  yaw: 61.648987
  pitch: 16.199978
