lastAccountName: Orcovv
timestamps:
  login: 1443973245334
  lastteleport: 1430950616852
  logout: 1443973252884
ipAddress: 24.201.15.25
lastlocation:
  world: wooftywoo
  x: 3997.5
  y: 91.0
  z: 4088.5
  yaw: -90.3
  pitch: 2.7
logoutlocation:
  world: survival
  x: 0.5070614255673718
  y: 71.0
  z: -10.286728997137761
  yaw: -179.84996
  pitch: 3.7499943
