timestamps:
  login: 1390861563807
  lastteleport: 1390347550306
  logout: 1390861676217
ipAddress: 72.185.107.150
lastlocation:
  world: wooftywoo
  x: 666.2498221913894
  y: 67.0
  z: 390.60208003104714
  yaw: 346.54962
  pitch: 41.593185
logoutlocation:
  world: wooftywoo
  x: -400.6002212285781
  y: 201.0
  z: 1023.0701859359722
  yaw: 251.30402
  pitch: 35.538086
homes:
  home:
    world: wooftywoo
    x: -340.5810273290427
    y: 208.0
    z: 1070.4878091710034
    yaw: -358.90442
    pitch: -8.409289
lastAccountName: oobliviono
