lastAccountName: eekieman
timestamps:
  login: 1415223914129
  lastteleport: 1415224263641
  logout: 1415224421735
ipAddress: 70.172.206.196
lastlocation:
  world: creative
  x: 1053.4943269434877
  y: 110.0
  z: 1050.7003035096475
  yaw: 136.3468
  pitch: 1.026328
logoutlocation:
  world: creative
  x: 25153.799724544984
  y: 63.0
  z: 24183.9661069559
  yaw: -321.8098
  pitch: 34.803944
