lastAccountName: zelzAr10
timestamps:
  login: 1407983725049
  lastteleport: 1407983971131
  logout: 1407984084730
ipAddress: 138.229.155.250
lastlocation:
  world: wooftywoo
  x: 1005.5265998196616
  y: 76.0
  z: 2004.7381423899114
  yaw: -266.7
  pitch: 26.850016
nickname: Trident
logoutlocation:
  world: wooftywoo
  x: 636.459525600689
  y: 90.0
  z: 437.57892366553796
  yaw: -82.395134
  pitch: 19.800209
