lastAccountName: HybridFlutist
timestamps:
  login: 1462063052193
  lastteleport: 1462064581376
  logout: 1462064678147
ipAddress: 72.47.181.25
lastlocation:
  world: '1_9'
  x: 952.4811188624848
  y: 91.0
  z: 906.9579850877486
  yaw: 44.852875
  pitch: 14.399887
logoutlocation:
  world: '1_9'
  x: 658.8084795126996
  y: 76.0
  z: -1773.2109446118793
  yaw: -97.21724
  pitch: 32.699734
