lastAccountName: PVP__KING
timestamps:
  login: 1433445933187
  lastteleport: 1433445951748
  logout: 1433445978676
ipAddress: 108.56.144.6
lastlocation:
  world: wooftywoo
  x: 1225.9303665778166
  y: 109.0
  z: -4278.269384132698
  yaw: 71.79834
  pitch: 54.90013
logoutlocation:
  world: wooftywoo
  x: 4001.2326246731554
  y: 91.0
  z: 4107.989229436305
  yaw: -145.8013
  pitch: 2.2499921
