lastAccountName: Benthebeast142
timestamps:
  login: 1407964608773
  logout: 1407964645171
  lastteleport: 1407964641474
ipAddress: 108.201.68.231
lastlocation:
  world: wooftywoo
  x: 3978.966218197875
  y: 91.0
  z: 4052.4534980248204
  yaw: -269.24997
  pitch: 18.449991
nickname: Beast
logoutlocation:
  world: wooftywoo
  x: 1223.5
  y: 109.0
  z: -4284.5
  yaw: -90.05158
  pitch: 4.1999755
