lastAccountName: CPLCREEPER
timestamps:
  login: 1463489102237
  lastteleport: 1463489120994
  logout: 1463489960132
ipAddress: 47.21.39.234
lastlocation:
  world: spawnworld
  x: -9.143446638897146
  y: 9.0
  z: -41.884451700356074
  yaw: -183.90042
  pitch: 6.2999997
godmode: false
logoutlocation:
  world: '1_9'
  x: 106.76897416604433
  y: 67.0
  z: -319.06996202868515
  yaw: 149.70035
  pitch: 37.800003
