lastAccountName: ARCEcho97
timestamps:
  login: 1403969991304
  lastteleport: 1403970029734
  logout: 1403970311608
ipAddress: 24.188.74.198
lastlocation:
  world: wooftywoo
  x: 1001.2959792432375
  y: 72.0
  z: 1993.1816738001698
  yaw: -291.37305
  pitch: 69.06722
logoutlocation:
  world: creative
  x: 24624.646943565906
  y: 107.49727989251731
  z: 24140.950151639576
  yaw: 302.9102
  pitch: -16.694363
