timestamps:
  login: 1396488344098
  logout: 1396488377014
ipAddress: 108.86.138.113
lastlocation:
  world: wooftywoo
  x: 645.0
  y: 67.0
  z: 414.0
  yaw: 89.850006
  pitch: -1.949999
logoutlocation:
  world: wooftywoo
  x: 645.9093565460064
  y: 67.0
  z: 420.10338012641336
  yaw: 15.150025
  pitch: -2.549976
lastAccountName: kroenung7
