lastAccountName: bananaman7890
timestamps:
  login: 1404096960405
  logout: 1404096977414
ipAddress: 68.184.99.91
lastlocation:
  world: wooftywoo
  x: 645.0
  y: 67.0
  z: 414.0
  yaw: 89.850006
  pitch: -1.949999
logoutlocation:
  world: wooftywoo
  x: 1004.1641143543094
  y: 66.0
  z: 2002.61302259169
  yaw: -89.54989
  pitch: 15.4500065
