timestamps:
  login: 1432856146421
  lastteleport: 1432856158083
  logout: 1432856241394
ipAddress: 24.48.165.236
lastlocation:
  world: pornhub_nether
  x: 75.69999998807907
  y: 38.0
  z: -18.69999998807907
  yaw: 310.94788
  pitch: 1.2000117
logoutlocation:
  world: wooftywoo
  x: -1222.9498977451228
  y: 64.0
  z: -6337.431905014919
  yaw: 355.49796
  pitch: -18.449968
lastAccountName: WasAllCharm
