lastAccountName: The_Warchief
timestamps:
  login: 1429959951435
  logout: 1429959956808
ipAddress: 83.160.100.221
lastlocation:
  world: wooftywoo
  x: 645.0
  y: 67.0
  z: 414.0
  yaw: 89.850006
  pitch: -1.949999
logoutlocation:
  world: wooftywoo
  x: 1031.5
  y: 65.0
  z: 1576.5
  yaw: -59.158703
  pitch: 9.448752
