lastAccountName: timbojimbo908
timestamps:
  login: 1432683184778
  logout: 1432683257272
ipAddress: 24.209.105.53
lastlocation:
  world: wooftywoo
  x: 645.0
  y: 67.0
  z: 414.0
  yaw: 89.850006
  pitch: -1.949999
logoutlocation:
  world: wooftywoo
  x: -1252.723384944608
  y: 99.0
  z: -6151.00599752203
  yaw: -40.50226
  pitch: 33.00001
