lastAccountName: love0430
timestamps:
  login: 1463250164802
  lastteleport: 1463250667079
ipAddress: 107.197.72.35
lastlocation:
  world: spawnworld
  x: -8.909172235056756
  y: 9.0
  z: -42.2058236238645
  yaw: 189.29938
  pitch: 90.0
