lastAccountName: NikeBeast505
timestamps:
  login: 1466472738255
  lastteleport: 1464457538922
  logout: 1466472740907
ipAddress: 108.185.247.31
lastlocation:
  world: spawnworld
  x: 61.210510810169986
  y: 9.0
  z: 1.4911782574946701
  yaw: -89.25049
  pitch: 19.199999
godmode: false
logoutlocation:
  world: wooftywoo
  x: 4000.625608898379
  y: 91.0
  z: 4081.966681764106
  yaw: -39.75147
  pitch: 14.550006
