lastAccountName: HugAPugZ
timestamps:
  login: 1460752059006
  lastteleport: 1460756453827
  logout: 1460759318379
ipAddress: 99.227.58.210
lastlocation:
  world: wooftywoo
  x: 4002.271263122282
  y: 92.36871440025537
  z: 4132.217418726479
  yaw: 3.6002197
  pitch: 10.950107
logoutlocation:
  world: wooftywoo
  x: 3496.7322756337985
  y: 144.82735630048785
  z: 4330.383262046858
  yaw: 208.10645
  pitch: 50.849983
homes:
  home:
    world: flat
    x: 485.9876931747144
    y: 5.0
    z: 10.192659906027682
    yaw: 127.65228
    pitch: 43.05
  hometwo:
    world: wooftywoo
    x: 3500.647816403891
    y: 143.0
    z: 4324.0410753312935
    yaw: 38.15619
    pitch: -18.600037
nickname: §cP§9u§eg§cZ
afk: false
