timestamps:
  login: 1395966354804
  logout: 1395966382884
ipAddress: 66.188.233.69
lastlocation:
  world: wooftywoo
  x: 645.0
  y: 67.0
  z: 414.0
  yaw: 89.850006
  pitch: -1.949999
logoutlocation:
  world: wooftywoo
  x: 631.4822552713977
  y: 67.0
  z: 414.69999998807907
  yaw: 22.266123
  pitch: -2.3033915
lastAccountName: demonicdoom997
