lastAccountName: xRoyql
timestamps:
  login: 1454993813827
  logout: 1454994346302
ipAddress: 72.220.219.4
lastlocation:
  world: wooftywoo
  x: 3997.5
  y: 91.0
  z: 4088.5
  yaw: -90.3
  pitch: 2.7
logoutlocation:
  world: survival
  x: 15.789556303169531
  y: 69.0
  z: -86.03013305569495
  yaw: -88.56664
  pitch: 0.8649256
