lastAccountName: Megus
timestamps:
  login: 1462323511064
  logout: 1462323546649
ipAddress: 70.44.49.173
lastlocation:
  world: '1_9'
  x: 131.5
  y: 67.0
  z: -318.5
  yaw: 89.10015
  pitch: 3.7499967
logoutlocation:
  world: survival
  x: 23.15627189106274
  y: 69.0
  z: -58.485861758283676
  yaw: -128.39989
  pitch: 3.4500287
