lastAccountName: _Black_Fire_
timestamps:
  login: 1433620058768
  lastteleport: 1431196061592
  logout: 1433620075383
ipAddress: 92.0.242.195
lastlocation:
  world: wooftywoo
  x: -341.7548741795653
  y: 201.0
  z: 1063.4443775580987
  yaw: -180.12474
  pitch: 14.31965
logoutlocation:
  world: wooftywoo
  x: -343.58280105888394
  y: 201.0
  z: 1064.8058206740257
  yaw: 20.680334
  pitch: 42.182026
homes:
  home:
    world: wooftywoo
    x: -340.5567727231476
    y: 210.0
    z: 1071.699999988079
    yaw: 5.3341675
    pitch: 38.808083
nickname: join
