lastAccountName: Tamper_Monkey
timestamps:
  login: 1466715956830
  lastteleport: 1466716435571
  logout: 1466717475159
ipAddress: 174.25.76.168
lastlocation:
  world: torture
  x: -9.474711805820894
  y: 69.0
  z: -3.8434593345640726
  yaw: -90.74957
  pitch: 6.149981
godmode: false
logoutlocation:
  world: spawn
  x: 24.230975181693086
  y: 9.0
  z: -36.058678296863825
  yaw: -358.9953
  pitch: 3.3695145
homes:
  home:
    world: torture
    x: -9.937735812501556
    y: 69.0
    z: -4.329133675605218
    yaw: -90.74957
    pitch: 6.149981
afk: false
