lastAccountName: Tamper_Monkey
timestamps:
  login: 1466971508337
  lastteleport: 1466971529989
  logout: 1466971566590
ipAddress: 174.25.89.226
lastlocation:
  world: spawn
  x: 22.362126175408193
  y: 9.0
  z: -36.818200868065595
  yaw: -251.47531
  pitch: 90.0
godmode: false
logoutlocation:
  world: '1_9'
  x: 129.49683451067
  y: 67.0
  z: -317.550688110391
  yaw: 270.4503
  pitch: 2.9999967
homes:
  home:
    world: '1_9'
    x: 61.5
    y: 46.0
    z: -281.5
    yaw: 133.5541
    pitch: 90.0
afk: false
