lastAccountName: LumberJackHunter
timestamps:
  login: 1401995212780
  logout: 1401995415864
ipAddress: 213.151.215.195
lastlocation:
  world: wooftywoo
  x: 645.0
  y: 67.0
  z: 414.0
  yaw: 89.850006
  pitch: -1.949999
logoutlocation:
  world: wooftywoo
  x: 676.0565534079286
  y: 66.0
  z: 415.77819025127985
  yaw: 266.8165
  pitch: -58.350025
