lastAccountName: Ender116
timestamps:
  login: 1443811840006
  lastteleport: 1430824452451
  logout: 1443811977677
ipAddress: 78.172.215.7
lastlocation:
  world: wooftywoo
  x: 645.0
  y: 67.0
  z: 414.0
  yaw: 89.850006
  pitch: -1.949999
logoutlocation:
  world: survival
  x: 1.133787696507634
  y: 71.0
  z: -5.399048789846449
  yaw: -311.4005
  pitch: -36.300003
afk: false
