timestamps:
  login: 1392158033404
  logout: 1392158449278
ipAddress: 173.25.48.254
logoutlocation:
  world: wooftywoo
  x: 645.0
  y: 67.0
  z: 414.0
  yaw: 85.20003
  pitch: 1.500001
lastAccountName: devinbane05
