lastAccountName: Reqero
timestamps:
  login: 1464967476198
  lastteleport: 1464902677164
  logout: 1464967516289
ipAddress: 216.168.123.22
lastlocation:
  world: colosseumlobby
  x: 2.5076760101182294
  y: 88.0
  z: -1.982753908520633
  yaw: 330.926
  pitch: 4.031496
godmode: false
money: '100'
logoutlocation:
  world: spawn
  x: 0.5607366578317587
  y: 10.0
  z: 0.0013280268283301644
  yaw: 175.9696
  pitch: 6.5849204
