lastAccountName: wobot_
timestamps:
  login: 1444507815076
  lastteleport: 1444349319290
  logout: 1444507916847
ipAddress: 96.21.89.6
lastlocation:
  world: flat
  x: -89.90743253906042
  y: 14.113742430219935
  z: 842.4618843371233
  yaw: -334.60693
  pitch: 36.800297
logoutlocation:
  world: flat
  x: -38.116573333601096
  y: 79.65716242988749
  z: 873.0215523039498
  yaw: -168.6807
  pitch: 26.69064
nickname: will
