lastAccountName: yasso123
timestamps:
  login: 1463784481833
  logout: 1463784621617
ipAddress: 45.244.97.104
lastlocation:
  world: '1_9'
  x: 129.69999998807907
  y: 64.0
  z: -313.30000001192093
  yaw: 183.60028
  pitch: -10.800001
logoutlocation:
  world: '1_9'
  x: 128.96180344337398
  y: 67.0
  z: -317.07499998807907
  yaw: 126.1503
  pitch: 90.0
godmode: false
