lastAccountName: Sorlin
timestamps:
  login: 1467212697084
  lastteleport: 1467212431533
  logout: 1467181443005
ipAddress: 75.112.228.42
lastlocation:
  world: '1_9'
  x: 129.49683451067
  y: 67.0
  z: -317.550688110391
  yaw: 270.4503
  pitch: 2.9999967
godmode: false
logoutlocation:
  world: plots
  x: 81.86892503418542
  y: 100.49313645723484
  z: -30.129320940772036
  yaw: -16.228025
  pitch: 55.46402
afk: true
money: '17811.0'
homes:
  home:
    world: '1_9'
    x: 16791.88628243547
    y: 54.0
    z: -6359.287814769079
    yaw: -87.263916
    pitch: 49.06131
  mainhouse:
    world: '1_9'
    x: 16784.486701805217
    y: 70.0
    z: -6250.912828539054
    yaw: -0.36688042
    pitch: 18.599838
nickname: ยง6Orange_Lantern_Sorlin
teleportenabled: true
