lastAccountName: Junan66
timestamps:
  login: 1446685634617
  logout: 1446685679635
ipAddress: 73.231.64.42
lastlocation:
  world: wooftywoo
  x: 3997.5
  y: 91.0
  z: 4088.5
  yaw: -90.3
  pitch: 2.7
logoutlocation:
  world: survival
  x: -2.9921741100427575
  y: 69.0
  z: -49.31022452553816
  yaw: -176.77794
  pitch: 17.116796
