lastAccountName: DiamondDude08
timestamps:
  login: 1445686754307
  logout: 1445686756305
ipAddress: 80.195.139.19
lastlocation:
  world: wooftywoo
  x: 3997.5
  y: 91.0
  z: 4088.5
  yaw: -90.3
  pitch: 2.7
logoutlocation:
  world: survival
  x: 0.5
  y: 71.0
  z: 0.5
  yaw: -179.31528
  pitch: 3.7782197
