lastAccountName: Goronak
timestamps:
  login: 1403263184361
  lastteleport: 1403263699288
  logout: 1403263984538
ipAddress: 69.138.152.97
lastlocation:
  world: wooftywoo
  x: 667.2497950058788
  y: 67.0
  z: 438.2240414496195
  yaw: 111.89722
  pitch: -1.95
homes:
  home:
    world: wooftywoo
    x: 406.3957565706473
    y: 68.0
    z: 107.76429058426912
    yaw: 353.5499
    pitch: 21.899979
nickname: Genderman
logoutlocation:
  world: wooftywoo
  x: 4184.684230795196
  y: 88.0
  z: 201.96270137483066
  yaw: 205.5013
  pitch: -6.4500065
