lastAccountName: luluismybestfrie
timestamps:
  login: 1465664546797
  lastteleport: 1465670063951
  logout: 1465670291173
ipAddress: 107.195.45.92
lastlocation:
  world: plots
  x: 109.07545812124519
  y: 52.49390748022948
  z: 66.70826259392486
  yaw: -202.4176
  pitch: 29.550014
godmode: false
afk: false
logoutlocation:
  world: '1_9'
  x: 2915.068963810623
  y: 91.0
  z: 778.3000000119209
  yaw: 86.47839
  pitch: 23.700119
homes:
  home:
    world: '1_9'
    x: 2897.3642587434438
    y: 91.0
    z: 784.7029432670969
    yaw: 273.3789
    pitch: 5.8501177
money: '260.0'
