lastAccountName: swimmercj
timestamps:
  login: 1436593007444
  lastteleport: 1436593733402
  logout: 1436593838364
ipAddress: 73.42.187.86
lastlocation:
  world: wooftywoo
  x: 3979.500667385719
  y: 95.0
  z: 4013.8282396271243
  yaw: -71.40137
  pitch: 29.7
logoutlocation:
  world: wooftywoo
  x: -335.03765709163133
  y: 201.0
  z: 1066.5929645002548
  yaw: 112.34839
  pitch: 6.9000463
