lastAccountName: Forrest_MC
timestamps:
  login: 1465397548206
  lastteleport: 1465397551607
  logout: 1465397648110
ipAddress: 70.199.229.168
lastlocation:
  world: spawn
  x: 0.5
  y: 10.0
  z: 0.5
  yaw: -179.55048
  pitch: 1.6499957
logoutlocation:
  world: spawn
  x: 0.5
  y: 10.0
  z: 0.5
  yaw: -179.55048
  pitch: 1.6499957
