lastAccountName: InfinityM0nster
timestamps:
  login: 1455129582182
  logout: 1455129598477
  lastteleport: 1441124082513
ipAddress: 80.60.49.45
lastlocation:
  world: survival
  x: 3.7288368242142678
  y: 70.0
  z: -30.218725710204794
  yaw: -358.05035
  pitch: 34.20006
logoutlocation:
  world: survival
  x: -19.398966762976126
  y: 75.0
  z: 176.99245535010553
  yaw: 20.399199
  pitch: 50.400013
