lastAccountName: antalant
timestamps:
  login: 1443141596336
  logout: 1443141695781
ipAddress: 45.29.176.44
lastlocation:
  world: wooftywoo
  x: 3997.5
  y: 91.0
  z: 4088.5
  yaw: -90.3
  pitch: 2.7
logoutlocation:
  world: survival
  x: -65.19684707188716
  y: 77.0
  z: 64.70173054978582
  yaw: 206.5544
  pitch: 2.1307733
