lastAccountName: Tumnas
timestamps:
  login: 1401837014565
  logout: 1401838099215
ipAddress: 50.70.13.250
lastlocation:
  world: wooftywoo
  x: 645.0
  y: 67.0
  z: 414.0
  yaw: 89.850006
  pitch: -1.949999
logoutlocation:
  world: wooftywoo
  x: 645.0
  y: 67.0
  z: 414.0
  yaw: 88.950005
  pitch: -2.399999
