lastAccountName: mastermobz1
timestamps:
  login: 1410636658976
  lastteleport: 1410636834061
  logout: 1410636882913
ipAddress: 70.112.109.48
lastlocation:
  world: wooftywoo
  x: 4020.576106467436
  y: 91.0
  z: 4013.5410797316194
  yaw: -82.80033
  pitch: 90.0
logoutlocation:
  world: wooftywoo
  x: -469.8975874183382
  y: 72.0
  z: 1720.9277759598826
  yaw: -30.927002
  pitch: -52.80001
