lastAccountName: EmeraldXXWarrior
timestamps:
  login: 1465532725470
  lastteleport: 1465532753912
  logout: 1465533122519
ipAddress: 162.201.148.57
lastlocation:
  world: spawn
  x: -9.891031865956917
  y: 9.0
  z: -42.16345640454752
  yaw: -243.90036
  pitch: 37.35
godmode: false
logoutlocation:
  world: '1_9'
  x: -32.961718705002326
  y: 67.0
  z: -317.1016818428461
  yaw: 43.20022
  pitch: 9.599989
