lastAccountName: Roelomite
timestamps:
  login: 1405828022441
  lastteleport: 1404432875102
  logout: 1405828053601
ipAddress: 75.40.33.112
lastlocation:
  world: wooftywoo
  x: 4019.684468107143
  y: 91.0
  z: 4052.4448532126653
  yaw: -182.80695
  pitch: 45.48246
logoutlocation:
  world: creative
  x: 1052.6124907682631
  y: 110.0
  z: 1050.376505098031
  yaw: -21.941956
  pitch: 40.496788
