lastAccountName: DillonQuest
timestamps:
  login: 1463488755462
  lastteleport: 1463488781001
  logout: 1463489975051
ipAddress: 47.21.39.234
lastlocation:
  world: spawnworld
  x: -9.186247870181347
  y: 9.0
  z: -42.240011166345596
  yaw: 184.19946
  pitch: 40.050003
godmode: false
logoutlocation:
  world: '1_9'
  x: 117.40406172072215
  y: 67.0
  z: -299.0997771766529
  yaw: 213.30261
  pitch: 16.949991
