lastAccountName: ThomasGraphics
timestamps:
  login: 1432061259462
  logout: 1432061382750
  lastteleport: 1432061307250
ipAddress: 94.138.81.92
lastlocation:
  world: flat
  x: 59.00117100270007
  y: 91.83601572346613
  z: 92.72556278166687
  yaw: 65.3247
  pitch: 63.031887
logoutlocation:
  world: flat
  x: -50.53638728943525
  y: 62.0
  z: -88.91794293438495
  yaw: -72.49421
  pitch: 23.012955
afk: false
money: '11.0'
homes:
  market:
    world: flat
    x: -52.27437662428953
    y: 62.0
    z: -80.01812588233763
    yaw: -270.38275
    pitch: 14.849989
