timestamps:
  login: 1396714578783
  lastteleport: 1396714626675
  logout: 1396714684975
ipAddress: 80.62.116.163
lastlocation:
  world: wooftywoo
  x: 624.4278539754437
  y: 67.0
  z: 390.7624710018085
  yaw: 53.67028
  pitch: 17.833012
logoutlocation:
  world: wooftywoo
  x: 2024.1574669969802
  y: 64.0
  z: 190.46212254711676
  yaw: 80.41389
  pitch: -17.428991
lastAccountName: mariuskroghj
