lastAccountName: Flamingwings75
timestamps:
  login: 1404347674126
  lastteleport: 1404347764820
  logout: 1404347816057
ipAddress: 184.56.23.17
lastlocation:
  world: wooftywoo
  x: 1008.692168917588
  y: 76.0
  z: 2004.254793192765
  yaw: 106.24073
  pitch: -24.106552
logoutlocation:
  world: wooftywoo
  x: 100.69999998807907
  y: 78.0
  z: 174.30000001192093
  yaw: 274.43826
  pitch: 20.277678
