lastAccountName: Charp
timestamps:
  login: 1460246048505
  logout: 1460246109898
ipAddress: 74.130.14.251
lastlocation:
  world: '1_9'
  x: 68.5
  y: 64.0
  z: -270.5
  yaw: 0.0
  pitch: 0.0
logoutlocation:
  world: survival
  x: 17.33051134065661
  y: 69.0
  z: -104.713865700123
  yaw: 112.11852
  pitch: 26.10666
