lastAccountName: bedrocksoldier
timestamps:
  login: 1455319994074
  lastteleport: 1455320019127
  logout: 1455320034187
ipAddress: 75.142.11.58
lastlocation:
  world: survival
  x: -1.758745311594007
  y: 70.0
  z: -42.361816823785
  yaw: -201.44041
  pitch: 12.133304
logoutlocation:
  world: wooftywoo
  x: 1381.678381194455
  y: 70.0
  z: -4507.532824499965
  yaw: -38.281097
  pitch: 28.615004
