lastAccountName: WateMote
timestamps:
  login: 1465755850401
  lastteleport: 1465755885965
  logout: 1465756157768
ipAddress: 69.204.128.158
lastlocation:
  world: spawn
  x: -9.179290872122092
  y: 9.0
  z: -42.170900404358164
  yaw: -186.29451
  pitch: 19.041828
godmode: false
logoutlocation:
  world: '1_9'
  x: 190.79745983695886
  y: 61.28041224204526
  z: -320.72260558354014
  yaw: -85.98543
  pitch: 68.23061
