lastAccountName: Vantacular1218
timestamps:
  login: 1438659964272
  lastteleport: 1438659969270
  logout: 1438660006423
ipAddress: 174.27.86.86
lastlocation:
  world: wooftywoo
  x: -1202.3089696643874
  y: 63.0
  z: -6346.364633598196
  yaw: -185.2521
  pitch: 35.100002
logoutlocation:
  world: wooftywoo
  x: 530.3723701941
  y: 68.0
  z: 392.54406013166397
  yaw: -155.44441
  pitch: 9.750007
