timestamps:
  login: 1390136396355
  lastteleport: 1390136440390
ipAddress: 94.213.113.115
lastlocation:
  world: creative
  x: -195.97918653460127
  y: 94.09723728648032
  z: 213.47835083955036
  yaw: 189.15015
  pitch: 51.899975
logoutlocation:
  world: creative
  x: -5.547247741334928
  y: 129.2517374256066
  z: 93.54102015022313
  yaw: 107.40698
  pitch: 26.249876
lastAccountName: leonleon50
