lastAccountName: mrbull6
timestamps:
  login: 1453018625985
  logout: 1453018899793
ipAddress: 110.20.137.234
lastlocation:
  world: wooftywoo
  x: 3997.5
  y: 91.0
  z: 4088.5
  yaw: -90.3
  pitch: 2.7
logoutlocation:
  world: survival
  x: 48.07189039053224
  y: 72.0
  z: 179.30000001192093
  yaw: 249.05249
  pitch: 26.402287
