lastAccountName: robrocks1
timestamps:
  login: 1460849569666
  logout: 1460849864224
  lastteleport: 1460849765305
ipAddress: 76.183.66.44
lastlocation:
  world: '1_9'
  x: 129.67991303111143
  y: 64.0
  z: -313.30000001192093
  yaw: -234.14995
  pitch: 68.69999
logoutlocation:
  world: '1_9'
  x: 164.69601501568897
  y: 72.00792497484669
  z: -130.3810467584334
  yaw: 136.80005
  pitch: 34.049965
