timestamps:
  login: 1405880524126
  logout: 1405880533367
ipAddress: 68.12.255.129
lastlocation:
  world: wooftywoo
  x: 645.0
  y: 67.0
  z: 414.0
  yaw: 89.850006
  pitch: -1.949999
logoutlocation:
  world: wooftywoo
  x: 651.2835968977734
  y: 72.0
  z: 291.00850041173317
  yaw: 13.799482
  pitch: 42.450005
lastAccountName: Shawnjr13
