lastAccountName: AKRAMxMAN
timestamps:
  login: 1419377282348
  lastteleport: 1419377585990
  logout: 1419377598529
ipAddress: 75.68.15.88
lastlocation:
  world: wooftywoo
  x: 1232.300000011921
  y: 109.0
  z: -4285.137499988079
  yaw: 92.79818
  pitch: 90.0
logoutlocation:
  world: wooftywoo
  x: 1017.4295494492025
  y: 66.0
  z: 2001.4377555676579
  yaw: -89.25548
  pitch: 16.949995
