lastAccountName: MarkTheGangster
timestamps:
  login: 1465613935216
  lastteleport: 1465614059640
  logout: 1465614097392
ipAddress: 96.49.32.156
lastlocation:
  world: spawn
  x: -0.9204892964462267
  y: 9.0
  z: -42.26608407124877
  yaw: -69.75042
  pitch: 66.749985
godmode: false
logoutlocation:
  world: anarchy
  x: 35.07589567326189
  y: 64.0
  z: 90.30000001192093
  yaw: 223.05037
  pitch: 26.699987
