timestamps:
  login: 1393869061704
  lastteleport: 1393869446613
  logout: 1393869556063
ipAddress: 109.154.38.14
lastlocation:
  world: crapcakesandapplesauce
  x: -12.853155938877899
  y: 67.0
  z: 213.51796813145378
  yaw: -11.79584
  pitch: 21.448576
logoutlocation:
  world: wooftywoo
  x: 4222.428104958211
  y: 66.0
  z: -1193.9914465776164
  yaw: 148.68652
  pitch: -3.167284
lastAccountName: kieraa13
