lastAccountName: i_feel_shinee
timestamps:
  login: 1465234315813
  lastteleport: 1465241567697
  logout: 1465242501060
ipAddress: 67.173.13.1
lastlocation:
  world: '1_9'
  x: 12.526495217200596
  y: 67.0
  z: -316.06034317640984
  yaw: -239.54974
  pitch: 10.200005
godmode: false
homes:
  home:
    world: '1_9'
    x: 1331.456192409851
    y: 73.0
    z: 1981.5145542528257
    yaw: 357.328
    pitch: 79.95021
logoutlocation:
  world: '1_9'
  x: 1331.0285372274925
  y: 71.0
  z: 1984.897766683217
  yaw: 2.7279663
  pitch: 44.55021
