lastAccountName: xXPhillyCheeseXx
timestamps:
  login: 1462249880409
  lastteleport: 1462249907514
  logout: 1462250403317
ipAddress: 108.225.186.191
lastlocation:
  world: survival
  x: -63.176662422716134
  y: 77.0
  z: 84.5419533488359
  yaw: 190.60976
  pitch: 24.982811
afk: false
nickname: ยง3PhillyCheese
logoutlocation:
  world: '1_9'
  x: 117.30000001192093
  y: 61.0
  z: -321.68338501063806
  yaw: 83.79855
  pitch: -45.184387
