lastAccountName: AnAwesomeCow
timestamps:
  login: 1431033772977
  logout: 1431033829014
ipAddress: 50.139.239.67
lastlocation:
  world: wooftywoo
  x: 645.0
  y: 67.0
  z: 414.0
  yaw: 89.850006
  pitch: -1.949999
logoutlocation:
  world: wooftywoo
  x: 1033.8511325711893
  y: 65.0
  z: 1650.4476251976737
  yaw: -16.37772
  pitch: 10.777781
