lastAccountName: diddi123
timestamps:
  login: 1456605103066
  logout: 1456605559149
  lastteleport: 1456605423276
ipAddress: 31.209.149.182
lastlocation:
  world: survival
  x: -17.173584818840027
  y: 69.0625
  z: -51.69999998807907
  yaw: 21.150038
  pitch: 18.000002
logoutlocation:
  world: creative
  x: 25060.65008766763
  y: 82.0
  z: 24165.173993328586
  yaw: 112.20083
  pitch: 18.750008
