lastAccountName: nikolas343434
timestamps:
  login: 1432689305380
  logout: 1432689358587
ipAddress: 108.92.45.122
lastlocation:
  world: wooftywoo
  x: 645.0
  y: 67.0
  z: 414.0
  yaw: 89.850006
  pitch: -1.949999
logoutlocation:
  world: wooftywoo
  x: -1214.805756789004
  y: 63.0
  z: -6355.817847616985
  yaw: 112.34786
  pitch: 26.10001
