lastAccountName: chrisaddininja
timestamps:
  login: 1407983597466
  lastteleport: 1407984323648
  logout: 1407984443238
ipAddress: 75.142.215.151
lastlocation:
  world: wooftywoo
  x: -359.8244160251488
  y: 193.0
  z: 1154.9952399005638
  yaw: 218.39978
  pitch: 13.350064
nickname: ChrisDeshiznett
logoutlocation:
  world: wooftywoo
  x: -414.5191733298403
  y: 202.5
  z: 1053.993059644917
  yaw: 180.30022
  pitch: 35.69998
