lastAccountName: zachisosum
timestamps:
  login: 1465735121427
  logout: 1465735158658
ipAddress: 68.9.253.230
lastlocation:
  world: '1_9'
  x: 129.49683451067
  y: 67.0
  z: -317.550688110391
  yaw: 270.4503
  pitch: 2.9999967
logoutlocation:
  world: spawn
  x: 0.9326362215213994
  y: 10.0
  z: 10.784447920018998
  yaw: 157.49948
  pitch: 26.999973
