lastAccountName: BangBangProYT
timestamps:
  login: 1427881639781
  logout: 1427881656153
ipAddress: 109.155.125.86
lastlocation:
  world: wooftywoo
  x: 645.0
  y: 67.0
  z: 414.0
  yaw: 89.850006
  pitch: -1.949999
logoutlocation:
  world: wooftywoo
  x: 1050.854225948636
  y: 65.0
  z: 1584.8225225892443
  yaw: -26.717003
  pitch: 27.782999
