lastAccountName: Tanner5th
timestamps:
  login: 1453240571717
  logout: 1453240606486
ipAddress: 97.95.59.143
lastlocation:
  world: wooftywoo
  x: 3997.5
  y: 91.0
  z: 4088.5
  yaw: -90.3
  pitch: 2.7
logoutlocation:
  world: survival
  x: 21.756156858339278
  y: 69.0
  z: -42.16483007219931
  yaw: -215.99985
  pitch: 8.999953
