lastAccountName: TheBag
timestamps:
  login: 1431912550651
  logout: 1431912609362
ipAddress: 172.56.8.12
lastlocation:
  world: wooftywoo
  x: 645.0
  y: 67.0
  z: 414.0
  yaw: 89.850006
  pitch: -1.949999
logoutlocation:
  world: wooftywoo
  x: -1220.818678217498
  y: 63.0
  z: -6328.834507043387
  yaw: -96.45059
  pitch: 8.999976
