timestamps:
  login: 1401413402310
  lastteleport: 1401414772977
  logout: 1401417484672
ipAddress: 98.165.29.187
lastlocation:
  world: wooftywoo
  x: 647.4473846602823
  y: 67.0
  z: 411.6585778853389
  yaw: -94.05
  pitch: 23.400002
logoutlocation:
  world: creative
  x: -248.56522760852448
  y: 97.69022403842379
  z: 96.90522752161176
  yaw: 175.50171
  pitch: -16.050114
lastAccountName: riingbearer
