lastAccountName: Bubba0903
timestamps:
  login: 1432427438943
  logout: 1432427479299
ipAddress: 24.49.58.66
lastlocation:
  world: wooftywoo
  x: 645.0
  y: 67.0
  z: 414.0
  yaw: 89.850006
  pitch: -1.949999
logoutlocation:
  world: wooftywoo
  x: -1241.453966865977
  y: 99.0
  z: -6166.7980367781565
  yaw: -99.701584
  pitch: 3.9839964
