lastAccountName: mysteryman55
timestamps:
  login: 1423439501465
  lastteleport: 1423439520853
  logout: 1423441430994
ipAddress: 72.238.122.127
lastlocation:
  world: wooftywoo
  x: 1004.7543081920061
  y: 76.0
  z: 2002.863593370219
  yaw: 129.94916
  pitch: 24.991173
nickname: MrDeadBush
logoutlocation:
  world: flat
  x: -32.02430610652852
  y: 8.141174932142563
  z: -88.43727091541096
  yaw: 220.8529
  pitch: 47.07212
homes:
  home:
    world: wooftywoo
    x: 3362.819665768548
    y: 64.0
    z: 17575.14798369163
    yaw: 129.83759
    pitch: -12.525322
money: '50'
afk: false
