lastAccountName: masterkiller1222
timestamps:
  login: 1453406183947
  logout: 1453406202727
ipAddress: 70.91.50.5
lastlocation:
  world: wooftywoo
  x: 3997.5
  y: 91.0
  z: 4088.5
  yaw: -90.3
  pitch: 2.7
logoutlocation:
  world: survival
  x: 1.6959089100914388
  y: 71.0
  z: -12.783549114547222
  yaw: -211.9499
  pitch: 7.7999883
