lastAccountName: 100_Jelly_Beans
timestamps:
  login: 1462903279800
  lastteleport: 1462903441064
  logout: 1462903454633
ipAddress: 64.186.119.250
lastlocation:
  world: spawnworld
  x: -42.09902899825525
  y: 9.0
  z: -5.205437518433749
  yaw: 91.34949
  pitch: 35.55
logoutlocation:
  world: flat
  x: -31.535315480270057
  y: 19.129473016318915
  z: 11.895164495327128
  yaw: 301.04916
  pitch: 7.0499735
