lastAccountName: c00kiem0nster48
timestamps:
  login: 1451619939149
  lastteleport: 1451619966372
  logout: 1451620004145
ipAddress: 73.129.94.169
lastlocation:
  world: survival
  x: -21.214763609379105
  y: 69.0
  z: -49.37932622925063
  yaw: -318.3657
  pitch: 33.55539
logoutlocation:
  world: flat
  x: 19.548991501849265
  y: 23.0
  z: 97.30000001192093
  yaw: -172.52293
  pitch: 27.342283
