lastAccountName: mooshroom1012
timestamps:
  login: 1433462080172
  lastteleport: 1433462153333
  logout: 1433462364327
ipAddress: 76.121.238.187
lastlocation:
  world: wooftywoo
  x: -1215.4187246505023
  y: 56.08963208387784
  z: -6326.554515011879
  yaw: 57.597816
  pitch: 21.750013
logoutlocation:
  world: wooftywoo
  x: -1235.699999988079
  y: 103.0
  z: -6228.774175931455
  yaw: -268.35205
  pitch: 16.350025
