lastAccountName: maybeman77
timestamps:
  login: 1460690483700
  lastteleport: 1460691167280
  logout: 1460691231973
ipAddress: 68.38.234.68
lastlocation:
  world: '1_9'
  x: 123.305373756506
  y: 64.0
  z: -313.30000001192093
  yaw: -11.836529
  pitch: 75.48257
logoutlocation:
  world: '1_9'
  x: 121.52690366947687
  y: 64.0
  z: -306.0522090477671
  yaw: 87.2749
  pitch: 23.827812
