lastlocation:
  world: wooftywoo
  x: 1005.029286355608
  y: 76.0
  z: 2003.6281677053566
  yaw: -293.42358
  pitch: 26.6837
lastAccountName: 0DiamondKnight0
timestamps:
  login: 1411418273350
  lastteleport: 1410666620336
  logout: 1411418274045
  mute: 0
  lastheal: 1408046723810
ipAddress: 76.186.176.38
nickname: Khaotic
afk: false
homes:
  home:
    world: wooftywoo
    x: 4003.0223286342552
    y: 91.0
    z: 4068.966837734958
    yaw: -191.54993
    pitch: 1.2000006
  falsjdfoahigawergijtio:
    world: flat
    x: 429.9411775998279
    y: 42.0
    z: 419.0757247659538
    yaw: -294.43137
    pitch: 62.224117
  derpderpderpderp11223344:
    world: flat
    x: 3445.6798192650995
    y: 8.0
    z: 761.7905649883108
    yaw: -201.67053
    pitch: 59.281307
  wipbuild:
    world: creative
    x: 24987.14054133246
    y: 89.0
    z: 21759.26318910412
    yaw: -266.63953
    pitch: 25.111645
  checkpoint:
    world: wooftywoo
    x: 10832.774511408114
    y: 65.0
    z: 12026.59834626139
    yaw: 277.13834
    pitch: 46.092255
  voidgateway4827:
    world: creative
    x: 25612.512856646903
    y: 64.01889520744398
    z: 25006.035284571393
    yaw: 114.29794
    pitch: 53.699947
logoutlocation:
  world: wooftywoo
  x: 545.3669110781501
  y: 68.5
  z: 408.2535354660974
  yaw: 179.80536
  pitch: 31.499994
muted: false
