lastAccountName: Penny_Butter
timestamps:
  login: 1462147017856
  lastteleport: 1462144973699
  logout: 1462147035782
ipAddress: 47.33.105.126
lastlocation:
  world: wooftywoo
  x: 4001.222519940817
  y: 91.0
  z: 4122.96103787356
  yaw: 100.64998
  pitch: 13.3499975
logoutlocation:
  world: wooftywoo
  x: 4067.699999988079
  y: 77.0
  z: 4389.419509858732
  yaw: -71.25256
  pitch: 30.000017
