timestamps:
  login: 1390069203562
  logout: 1390069886807
ipAddress: 108.235.32.86
lastlocation:
  world: wooftywoo
  x: 645.0
  y: 67.0
  z: 414.0
  yaw: 89.850006
  pitch: -1.949999
logoutlocation:
  world: creative
  x: 133.69999998807907
  y: 68.47517265960339
  z: -533.9722974741035
  yaw: 284.54895
  pitch: 28.499964
lastAccountName: acidiclzrd
