lastAccountName: DarXide
timestamps:
  login: 1465591435992
  lastteleport: 1465594423106
  logout: 1465594831778
ipAddress: 79.180.181.141
lastlocation:
  world: 1_9_nether
  x: 204.41821777365027
  y: 46.069502251116354
  z: 1656.3270402524815
  yaw: 164.38531
  pitch: 14.399988
godmode: false
homes:
  home:
    world: '1_9'
    x: -594.1116641470886
    y: 65.0
    z: 15914.62821210603
    yaw: 337.1868
    pitch: 20.400068
afk: false
logoutlocation:
  world: spawn
  x: 0.7665635061426255
  y: 10.0
  z: 0.8676240507930552
  yaw: -179.55048
  pitch: 1.6499957
