lastAccountName: francoisawsome
timestamps:
  login: 1435690775619
  lastteleport: 1435695550129
  logout: 1435695708820
ipAddress: 184.161.147.98
lastlocation:
  world: wooftywoo_the_end
  x: 304.16656447574496
  y: 49.5
  z: -1.699130843358646
  yaw: 286.52222
  pitch: 9.99992
logoutlocation:
  world: wooftywoo
  x: 892.3054625560229
  y: 7.0
  z: 12867.757020709425
  yaw: 125.46399
  pitch: 3.0355308
homes:
  home:
    world: wooftywoo
    x: 886.3000000119209
    y: 7.0
    z: 12869.456300404638
    yaw: -97.25815
    pitch: 23.85648
  mine:
    world: wooftywoo
    x: 1497.0630324539234
    y: 24.0
    z: -4860.820863041793
    yaw: 325.8198
    pitch: 5.7938457
  duckfarm:
    world: wooftywoo
    x: 456.6556378405716
    y: 69.5
    z: 298.24380952948775
    yaw: 61.52181
    pitch: 45.72255
nickname: Franco
money: '227'
