lastAccountName: wyngz2002
timestamps:
  login: 1407974864698
  logout: 1407974876387
ipAddress: 67.84.178.144
lastlocation:
  world: wooftywoo
  x: 645.0
  y: 67.0
  z: 414.0
  yaw: 89.850006
  pitch: -1.949999
logoutlocation:
  world: wooftywoo
  x: 1051.187831109015
  y: 65.0
  z: 1590.276857572898
  yaw: 5.393955
  pitch: 12.6
