lastAccountName: 11Huntsman
timestamps:
  login: 1431209133433
  logout: 1431209201970
ipAddress: 73.187.199.183
lastlocation:
  world: wooftywoo
  x: 645.0
  y: 67.0
  z: 414.0
  yaw: 89.850006
  pitch: -1.949999
logoutlocation:
  world: wooftywoo
  x: -1210.699999988079
  y: 63.0
  z: -6346.897355197412
  yaw: 78.18706
  pitch: 12.010851
