lastlocation:
  world: wooftywoo
  x: 1393.7275057364275
  y: 72.0
  z: -4492.79231566467
  yaw: -35.972748
  pitch: 14.704863
lastAccountName: Djgamer101
timestamps:
  login: 1410918156092
  lastteleport: 1410918507695
  logout: 1410918697934
  lastheal: 1410918615087
ipAddress: 72.238.148.32
nickname: weinerpenis
logoutlocation:
  world: wooftywoo
  x: 616.6088753077881
  y: 69.0
  z: 494.643180927135
  yaw: -27.270752
  pitch: 51.101543
afk: false
homes:
  home:
    world: wooftywoo
    x: 1741.0465227428203
    y: 66.0
    z: 4870.3370860810965
    yaw: -185.11914
    pitch: 15.696538
money: '89.0'
