lastAccountName: dragonmaster715
timestamps:
  login: 1408806011509
  logout: 1408806209149
  lastteleport: 1408806048763
ipAddress: 99.242.114.204
lastlocation:
  world: flat
  x: 798.3135486989347
  y: 5.179297006093132
  z: -551.5722516392364
  yaw: -287.1962
  pitch: 33.349663
logoutlocation:
  world: creative
  x: 26834.18673831279
  y: 72.84495490413593
  z: 23783.939108861105
  yaw: -267.90356
  pitch: 59.147087
