lastAccountName: Jakemon64
timestamps:
  login: 1463608202785
  lastteleport: 1463608499420
  logout: 1463608633354
ipAddress: 75.18.36.137
lastlocation:
  world: spleeflobby
  x: 6.302863494165641
  y: 64.0
  z: -5.1912187769283085
  yaw: 290.09995
  pitch: 34.499996
logoutlocation:
  world: spleef
  x: -35.411511393609224
  y: -228.5150532114317
  z: -27.33325773825288
  yaw: 145.7912
  pitch: 32.249992
godmode: false
