timestamps:
  login: 1391009524333
  lastteleport: 1391009792931
  logout: 1391009875281
ipAddress: 83.84.234.68
lastlocation:
  world: creative
  x: -191.4128243123641
  y: 65.0
  z: 30.699999988079057
  yaw: -300.90005
  pitch: 42.60002
logoutlocation:
  world: wooftywoo
  x: 4152.7675283571725
  y: 81.05735598561748
  z: -1175.3280523449637
  yaw: 306.59058
  pitch: 40.499977
lastAccountName: craftfriso
