lastAccountName: ThePerfectGrape
timestamps:
  login: 1436001684320
  lastteleport: 1436001700822
  logout: 1436001723071
ipAddress: 124.244.140.216
lastlocation:
  world: wooftywoo
  x: -1201.5565769867776
  y: 63.0
  z: -6350.300000011921
  yaw: -58.80214
  pitch: 31.500015
logoutlocation:
  world: flat
  x: 21.917758343979166
  y: 24.980067572103074
  z: 75.62265920075788
  yaw: -17.400879
  pitch: -8.100005
