lastAccountName: sniperxspotz
timestamps:
  login: 1437408774975
  lastteleport: 1437408847476
  logout: 1437408881454
ipAddress: 76.169.166.23
lastlocation:
  world: wooftywoo
  x: 702.2108692544998
  y: 70.0
  z: -1488.5487211079935
  yaw: 106.08547
  pitch: 40.649982
logoutlocation:
  world: wooftywoo
  x: 645.0
  y: 67.0
  z: 414.0
  yaw: 87.6
  pitch: -4.349999
