lastAccountName: AdamRS2004
timestamps:
  login: 1464468392226
  logout: 1464468412921
ipAddress: 98.196.87.98
lastlocation:
  world: spawnworld
  x: 0.5
  y: 10.0
  z: 0.5
  yaw: -179.55048
  pitch: 1.6499957
logoutlocation:
  world: spawnworld
  x: -6.075124753536057
  y: 9.0
  z: -36.422846863489895
  yaw: -49.800346
  pitch: 17.400002
