lastAccountName: kylelikesbikes
timestamps:
  login: 1407918852421
  lastteleport: 1407918978256
  logout: 1407918981752
ipAddress: 58.96.55.92
lastlocation:
  world: wooftywoo
  x: 644.5
  y: 67.0
  z: 413.5
  yaw: -269.4453
  pitch: 2.2502103
nickname: EpIcKILLCAMZxT
logoutlocation:
  world: creative
  x: 25015.5
  y: 80.0
  z: 24179.5
  yaw: -91.14048
  pitch: 15.489804
