lastAccountName: RedXIII01
timestamps:
  login: 1432027379629
  logout: 1432027390965
ipAddress: 93.46.36.229
lastlocation:
  world: wooftywoo
  x: 645.0
  y: 67.0
  z: 414.0
  yaw: 89.850006
  pitch: -1.949999
logoutlocation:
  world: wooftywoo
  x: -1244.966326861536
  y: 99.5
  z: -6268.840821673974
  yaw: -190.0505
  pitch: 61.19999
