timestamps:
  login: 1402351517484
  lastteleport: 1402352097898
  logout: 1402353244917
ipAddress: 108.211.73.74
lastlocation:
  world: wooftywoo
  x: -2589.495384390062
  y: 87.0
  z: -2586.300000011921
  yaw: -277.20343
  pitch: 1.7999876
homes:
  home:
    world: wooftywoo
    x: -2626.595042285633
    y: 126.0
    z: -2537.3254694127527
    yaw: 253.19807
    pitch: 20.249996
logoutlocation:
  world: wooftywoo
  x: -2612.524438992603
  y: 126.0
  z: -2542.3567472360305
  yaw: -17.251923
  pitch: 27.299994
lastAccountName: panda486
