timestamps:
  login: 1402007614720
  lastteleport: 1402011095674
  logout: 1402011964149
  mute: 0
ipAddress: 97.120.70.79
lastlocation:
  world: wooftywoo
  x: 936.0284966451234
  y: 45.0
  z: 813.4280473792813
  yaw: -88.45593
  pitch: 6.441575
logoutlocation:
  world: wooftywoo
  x: 840.0861298331075
  y: 71.0
  z: 822.4212579028284
  yaw: -326.01093
  pitch: 22.415976
homes:
  home:
    world: wooftywoo
    x: 837.9869053868221
    y: 81.0
    z: 816.9866736771738
    yaw: 0.41754174
    pitch: -1.5456173
nickname: Winter
muted: false
lastAccountName: kidnintendo14
