lastAccountName: Ender_Rage_
timestamps:
  login: 1456783353816
  lastteleport: 1435116617939
  logout: 1456783441618
ipAddress: 208.102.5.21
lastlocation:
  world: wooftywoo
  x: 3997.5
  y: 91.0
  z: 4088.5
  yaw: -90.3
  pitch: 2.7
logoutlocation:
  world: survival
  x: 16.405505571548982
  y: 69.0
  z: -89.07499998807906
  yaw: -280.64252
  pitch: 10.22773
