lastAccountName: noah1237
timestamps:
  login: 1403041028113
  logout: 1403041064753
ipAddress: 74.139.170.86
lastlocation:
  world: wooftywoo
  x: 645.0
  y: 67.0
  z: 414.0
  yaw: 89.850006
  pitch: -1.949999
logoutlocation:
  world: wooftywoo
  x: 647.7851716269256
  y: 67.0
  z: 411.62513544180194
  yaw: 174.90005
  pitch: 19.800009
