lastAccountName: ZayZilla02
timestamps:
  login: 1434930734508
  logout: 1434930748408
ipAddress: 71.75.29.187
lastlocation:
  world: wooftywoo
  x: 645.0
  y: 67.0
  z: 414.0
  yaw: 89.850006
  pitch: -1.949999
logoutlocation:
  world: wooftywoo
  x: -1203.925000011921
  y: 63.0
  z: -6357.46102872162
  yaw: -176.25212
  pitch: 1.5000043
