lastAccountName: Teslaman
timestamps:
  login: 1432930448833
  lastteleport: 1432930479137
  logout: 1432930575401
ipAddress: 24.192.26.147
lastlocation:
  world: wooftywoo
  x: -1215.0558319776194
  y: 63.0
  z: -6353.722804145279
  yaw: -178.80157
  pitch: 14.550014
logoutlocation:
  world: flat
  x: -274.5220972374478
  y: 4.0
  z: 1277.3759304717307
  yaw: 51.89913
  pitch: -10.650018
homes:
  home:
    world: flat
    x: -278.06802542008563
    y: 4.0
    z: 1287.0051098365198
    yaw: 20.249115
    pitch: 27.750002
