lastAccountName: coconido
timestamps:
  login: 1466685229620
  lastteleport: 1466685415970
  logout: 1466686188158
ipAddress: 86.128.185.80
lastlocation:
  world: spawn
  x: -0.5889164374612702
  y: 9.0
  z: -42.93130159413508
  yaw: -6.299972
  pitch: 45.29997
logoutlocation:
  world: anarchy
  x: -4.299614637128196
  y: 64.0
  z: 270.46557571551546
  yaw: 43.046753
  pitch: 46.500034
