lastAccountName: EmbyreMage
timestamps:
  login: 1448499821148
  logout: 1448499996851
  lastteleport: 1448499903139
ipAddress: 97.92.120.88
lastlocation:
  world: survival
  x: -17.70344266363289
  y: 69.0625
  z: -50.01230132614527
  yaw: -338.85004
  pitch: 26.54999
logoutlocation:
  world: creative
  x: 25446.419791162734
  y: 66.24696878798056
  z: 24099.78497457606
  yaw: 265.201
  pitch: 13.200004
homes:
  home:
    world: survival
    x: -484.6283410330926
    y: 63.0
    z: -184.75444934744291
    yaw: -110.09693
    pitch: 30.900051
