timestamps:
  login: 1394334838046
  logout: 1394334895363
ipAddress: 67.176.199.228
lastlocation:
  world: wooftywoo
  x: 645.0
  y: 67.0
  z: 414.0
  yaw: 89.850006
  pitch: -1.949999
logoutlocation:
  world: wooftywoo
  x: 641.3961901152744
  y: 67.0
  z: 420.73851399972165
  yaw: 89.70029
  pitch: 0.600004
lastAccountName: aran123g
