lastAccountName: _RubenB_
timestamps:
  login: 1449171588466
  logout: 1449171926474
ipAddress: 46.227.236.126
lastlocation:
  world: wooftywoo
  x: 3997.5
  y: 91.0
  z: 4088.5
  yaw: -90.3
  pitch: 2.7
logoutlocation:
  world: survival
  x: 14.679745614036843
  y: 69.0
  z: -72.19665436402423
  yaw: -124.650024
  pitch: 39.9
