timestamps:
  login: 1391803137194
  logout: 1391803153632
ipAddress: 24.247.59.172
lastlocation:
  world: wooftywoo
  x: 645.0
  y: 67.0
  z: 414.0
  yaw: 89.850006
  pitch: -1.949999
logoutlocation:
  world: wooftywoo
  x: 594.3097472975969
  y: 46.0
  z: 410.30000001192093
  yaw: 205.5182
  pitch: -39.02752
lastAccountName: coolkidvg56
