lastAccountName: Andy00777
timestamps:
  login: 1463931382254
  lastteleport: 1463216620990
  logout: 1463931893067
ipAddress: 83.79.104.144
lastlocation:
  world: '1_9'
  x: -990.8814310895922
  y: 77.97693959731876
  z: -609.7579623532843
  yaw: 54.9281
  pitch: 25.042505
logoutlocation:
  world: '1_9'
  x: -1235.1488078811979
  y: 82.1957976129347
  z: -2969.510483820748
  yaw: -180.40857
  pitch: 36.567623
