lastAccountName: Free_Cheese
timestamps:
  login: 1464890643485
  lastteleport: 1464891328916
  logout: 1464891400832
ipAddress: 74.141.86.169
lastlocation:
  world: '1_9'
  x: 1138.3171208486783
  y: 24.0
  z: 2556.2693933732476
  yaw: -164.45093
  pitch: 23.371935
godmode: false
homes:
  home:
    world: '1_9'
    x: 1091.7934998779306
    y: 23.0
    z: 2547.7089611042097
    yaw: -224.86139
    pitch: 16.673584
afk: false
logoutlocation:
  world: '1_9'
  x: -672.7365927171659
  y: 80.74314264408153
  z: -28.522105738267264
  yaw: 295.378
  pitch: 18.480244
