lastAccountName: Colorful_Bunnies
timestamps:
  login: 1403223915288
  logout: 1403223948394
ipAddress: 47.16.181.182
lastlocation:
  world: wooftywoo
  x: 645.0
  y: 67.0
  z: 414.0
  yaw: 89.850006
  pitch: -1.949999
logoutlocation:
  world: wooftywoo
  x: 640.7418051177725
  y: 67.0
  z: 407.7282640365162
  yaw: -220.63239
  pitch: 41.74259
