lastAccountName: Sparks789
timestamps:
  login: 1435376690522
  logout: 1435376767382
ipAddress: 199.68.248.117
lastlocation:
  world: wooftywoo
  x: 645.0
  y: 67.0
  z: 414.0
  yaw: 89.850006
  pitch: -1.949999
logoutlocation:
  world: wooftywoo
  x: -1248.487610816434
  y: 63.78502770378923
  z: -6374.344455301667
  yaw: 180.89597
  pitch: 19.567802
