lastAccountName: doobysnacks
timestamps:
  login: 1443954912064
  logout: 1443955059333
ipAddress: 46.118.246.156
lastlocation:
  world: wooftywoo
  x: 3997.5
  y: 91.0
  z: 4088.5
  yaw: -90.3
  pitch: 2.7
logoutlocation:
  world: survival
  x: -3.2604089213944296
  y: 72.0
  z: 21.99377624492236
  yaw: -110.09985
  pitch: 11.099996
