lastAccountName: kappnD
timestamps:
  login: 1446030433101
  lastteleport: 1446030470207
  logout: 1446030476305
  mute: 0
ipAddress: 86.172.197.168
lastlocation:
  world: wooftywoo
  x: -605.5639611137792
  y: 62.0
  z: 526.5575649937157
  yaw: -63.19864
  pitch: 26.099966
homes:
  home:
    world: wooftywoo
    x: -608.2994443234118
    y: 64.0
    z: 533.3972073425984
    yaw: -268.99924
    pitch: 33.749966
money: '38713.0'
afk: false
logoutlocation:
  world: survival
  x: 0.5
  y: 71.0
  z: 0.5
  yaw: -180.29994
  pitch: 3.5999942
muted: false
