lastAccountName: CupcakeGirl7890
timestamps:
  login: 1439669046898
  lastteleport: 1439669083305
  logout: 1439669099771
ipAddress: 71.162.70.71
lastlocation:
  world: wooftywoo
  x: -1201.8724363709086
  y: 63.0
  z: -6350.693897526089
  yaw: -290.03705
  pitch: 18.971788
logoutlocation:
  world: creative
  x: 25035.969798247097
  y: 81.41973945344999
  z: 24168.59997592086
  yaw: -123.398445
  pitch: 22.840487
