lastAccountName: TF2GetRektm8
timestamps:
  login: 1430415203687
  logout: 1430415288511
ipAddress: 2.124.44.102
lastlocation:
  world: wooftywoo
  x: 645.0
  y: 67.0
  z: 414.0
  yaw: 89.850006
  pitch: -1.949999
logoutlocation:
  world: wooftywoo
  x: 1049.2724441662058
  y: 65.0
  z: 1635.2463117622688
  yaw: 126.893974
  pitch: 27.15001
