lastAccountName: luciedao2005
timestamps:
  login: 1455989223697
  logout: 1455989250894
  lastteleport: 1455570914227
ipAddress: 174.29.112.35
lastlocation:
  world: wooftywoo
  x: -370.3160193113269
  y: 160.0
  z: 1010.1822323590616
  yaw: 227.5498
  pitch: 35.24945
logoutlocation:
  world: flat
  x: -69.14312349087268
  y: 4.0
  z: -274.77391507514244
  yaw: -2.8531578
  pitch: 89.85
afk: false
