lastAccountName: Aj_Sheldawgs
timestamps:
  login: 1460356351119
  lastteleport: 1460356439028
  logout: 1460356473744
ipAddress: 123.243.194.222
lastlocation:
  world: survival
  x: -19.134898873930428
  y: 69.0625
  z: -50.57203548005327
  yaw: -270.7499
  pitch: 24.449997
logoutlocation:
  world: wooftywoo
  x: 3999.939102899358
  y: 91.0
  z: 4069.111125948899
  yaw: -178.80147
  pitch: 1.7999988
