lastAccountName: meerareo
timestamps:
  login: 1431111023452
  logout: 1431111850510
  lastteleport: 1431111490999
ipAddress: 86.180.45.103
lastlocation:
  world: wooftywoo
  x: -1236.5294845278497
  y: 104.0
  z: -6202.196322573695
  yaw: -124.95056
  pitch: 10.49999
logoutlocation:
  world: wooftywoo
  x: 197.41058723911638
  y: 69.0
  z: 235.7194875200833
  yaw: 34.799744
  pitch: 8.400023
