lastAccountName: airforceboy
timestamps:
  login: 1466308629563
  lastteleport: 1466314590101
  logout: 1466316166500
ipAddress: 23.117.82.172
lastlocation:
  world: '1_9'
  x: 70.49161518752564
  y: 55.61382044721113
  z: -145.38695692425813
  yaw: 69.60012
  pitch: 20.70002
godmode: false
logoutlocation:
  world: '1_9'
  x: -577.6999999880791
  y: 64.0
  z: -1079.8527734064223
  yaw: 48.2713
  pitch: 13.349983
