timestamps:
  login: 1402004940108
  lastteleport: 1402003940087
  logout: 1402010380178
  mute: 0
ipAddress: 68.190.175.164
lastlocation:
  world: wooftywoo
  x: 840.2340750710597
  y: 72.0
  z: 833.9545817446168
  yaw: 3.8927307
  pitch: 15.900016
logoutlocation:
  world: wooftywoo
  x: 826.2049623884457
  y: 71.0
  z: 823.5095241839699
  yaw: 279.89905
  pitch: 20.099974
homes:
  home:
    world: wooftywoo
    x: 837.0174562524369
    y: 71.0
    z: 844.6769995078074
    yaw: -102.307365
    pitch: 39.750027
muted: false
lastAccountName: bluepuppykat
