lastAccountName: meedaaboss
timestamps:
  login: 1408373111593
  logout: 1408373122209
ipAddress: 208.95.69.208
lastlocation:
  world: wooftywoo
  x: 1051.0389147072055
  y: 65.0
  z: 1582.835779157918
  yaw: -34.50613
  pitch: 8.250005
nickname: Eion
logoutlocation:
  world: wooftywoo
  x: 1050.749188253632
  y: 58.59601663049155
  z: -4675.1130099097845
  yaw: 333.74405
  pitch: 4.3499985
