lastAccountName: Hunter20022
timestamps:
  login: 1444876022571
  lastteleport: 1443845304590
  logout: 1444876210197
ipAddress: 108.255.241.204
lastlocation:
  world: flat
  x: -58.16434041950929
  y: 5.799847711269021
  z: -192.67669127492192
  yaw: -194.96826
  pitch: 60.55838
logoutlocation:
  world: flat
  x: 435.41280379300326
  y: 24.134872534539262
  z: -227.96679666100903
  yaw: -356.26144
  pitch: 35.081043
