lastAccountName: SkillerboyHD
timestamps:
  login: 1433079906840
  lastteleport: 1433079957904
  logout: 1433079964554
ipAddress: 80.144.13.178
lastlocation:
  world: wooftywoo
  x: 1169.4433019900068
  y: 68.0
  z: -4035.8191538358183
  yaw: -5.583954
  pitch: 48.230537
logoutlocation:
  world: wooftywoo
  x: 1221.350306436268
  y: 83.0
  z: -4176.289691708044
  yaw: 17.777882
  pitch: 37.902336
