lastAccountName: queengun56
timestamps:
  login: 1434403999829
  lastteleport: 1434408639032
  logout: 1434408751110
ipAddress: 24.114.64.129
lastlocation:
  world: wooftywoo
  x: -480.39887731247967
  y: 93.0
  z: 1721.32396366725
  yaw: -175.98024
  pitch: 28.800026
logoutlocation:
  world: wooftywoo
  x: 3999.976512066542
  y: 91.0
  z: 4093.8496637913545
  yaw: 18.898544
  pitch: 7.2000003
homes:
  home:
    world: creative
    x: 24817.076340220214
    y: 64.0
    z: 23982.239120116395
    yaw: -181.95044
    pitch: 9.599957
afk: false
