lastAccountName: Chara30
timestamps:
  login: 1466049261263
  logout: 1466049462847
  lastteleport: 1466049089183
ipAddress: 98.146.82.158
lastlocation:
  world: '1_9'
  x: 129.49683451067
  y: 67.0
  z: -317.550688110391
  yaw: 261.00034
  pitch: 7.500021
godmode: false
logoutlocation:
  world: '1_9'
  x: 44.36649432706936
  y: 67.0
  z: -316.4234433940924
  yaw: -93.89944
  pitch: 8.100011
