lastAccountName: HGE_lennert
timestamps:
  login: 1431529374829
  logout: 1431529424308
ipAddress: 5.23.209.252
lastlocation:
  world: wooftywoo
  x: 645.0
  y: 67.0
  z: 414.0
  yaw: 89.850006
  pitch: -1.949999
logoutlocation:
  world: wooftywoo
  x: 1051.1144554463824
  y: 65.0
  z: 1590.1448651885598
  yaw: -4.3562255
  pitch: 13.799979
