timestamps:
  login: 1393671825446
  logout: 1393671840157
  lastteleport: 1391009828231
ipAddress: 77.172.109.248
lastlocation:
  world: creative
  x: -397.76227294159
  y: 75.86435618333834
  z: -127.47724536880558
  yaw: 196.79663
  pitch: 42.60004
logoutlocation:
  world: wooftywoo
  x: 631.3000000119209
  y: 68.0
  z: 432.1741436055911
  yaw: 80.73089
  pitch: 27.231073
lastAccountName: ddcraft4
