lastAccountName: G0dHero
timestamps:
  login: 1430364228882
  lastteleport: 1430365498669
  logout: 1430365601241
ipAddress: 76.105.60.156
lastlocation:
  world: wooftywoo
  x: 1004.6197453723771
  y: 76.0
  z: 2005.2516181173273
  yaw: 123.744576
  pitch: 29.849997
nickname: CallMeHero
homes:
  home:
    world: wooftywoo
    x: 281.44974746330456
    y: 64.0
    z: 378.43246783249975
    yaw: -182.29419
    pitch: 16.800028
logoutlocation:
  world: wooftywoo
  x: 281.25061089843246
  y: 64.0
  z: 375.8279019745177
  yaw: -333.6443
  pitch: 53.40003
