lastAccountName: Nanajama
timestamps:
  login: 1404611933650
  lastteleport: 1404351575538
  logout: 1404612027052
ipAddress: 98.243.76.229
lastlocation:
  world: wooftywoo
  x: 1005.5491889205738
  y: 76.0
  z: 2001.2882315128213
  yaw: 65.8502
  pitch: -1.1999841
logoutlocation:
  world: creative
  x: 24951.54511215622
  y: 72.4578461808232
  z: 24355.038336081467
  yaw: -268.17853
  pitch: 45.15001
