lastAccountName: Shady899
timestamps:
  login: 1431993056735
  logout: 1431993119959
ipAddress: 75.163.226.118
lastlocation:
  world: wooftywoo
  x: 645.0
  y: 67.0
  z: 414.0
  yaw: 89.850006
  pitch: -1.949999
logoutlocation:
  world: wooftywoo
  x: -1215.9456251415463
  y: 104.0
  z: -6129.456528369064
  yaw: 97.34953
  pitch: 16.050001
