lastAccountName: supertiger1234
timestamps:
  login: 1463245318249
  logout: 1463245596409
ipAddress: 92.4.75.202
lastlocation:
  world: '1_9'
  x: 129.49683451067
  y: 67.0
  z: -317.550688110391
  yaw: 270.4503
  pitch: 2.9999967
logoutlocation:
  world: spawnworld
  x: 0.10590592498060822
  y: 9.0
  z: 26.31692153656399
  yaw: -348.4502
  pitch: 19.799988
