lastAccountName: hideo911
timestamps:
  login: 1435006142568
  lastteleport: 1435007980080
  logout: 1435009076381
ipAddress: 67.161.220.233
lastlocation:
  world: wooftywoo
  x: -339.0631481383196
  y: 87.4807108763317
  z: 1001.0957210828187
  yaw: 52.50093
  pitch: 23.7
logoutlocation:
  world: flat
  x: -170.49406977958193
  y: 32.74957534052049
  z: 351.3892827938984
  yaw: -33.905273
  pitch: 29.549868
