lastAccountName: MatoshGaming
timestamps:
  login: 1459776804243
  lastteleport: 1459776824001
  logout: 1459777051914
ipAddress: 94.195.58.33
lastlocation:
  world: survival
  x: -21.060389726897746
  y: 69.0
  z: -50.14980415738925
  yaw: 33.00019
  pitch: 25.949991
logoutlocation:
  world: flat
  x: 387.03498748085326
  y: 4.0
  z: -29.085565705662205
  yaw: -98.25058
  pitch: 7.05001
