lastAccountName: SubwayGuy
timestamps:
  login: 1407453278966
  lastteleport: 1407456771920
  logout: 1407456837064
ipAddress: 68.228.99.185
lastlocation:
  world: wooftywoo_nether
  x: 2931.0811175116887
  y: 38.0
  z: 3941.3753511573855
  yaw: -88.53184
  pitch: 51.749985
nickname: bluntprincess
logoutlocation:
  world: wooftywoo
  x: 89.42218799155731
  y: 91.0
  z: 179.30000001192093
  yaw: 179.10002
  pitch: 34.200024
homes:
  home:
    world: wooftywoo
    x: 797.4680315397943
    y: 60.0
    z: -553.2606217986686
    yaw: 4.7582746
    pitch: -19.500004
afk: false
