lastAccountName: TheChosenPug
timestamps:
  login: 1461959756724
  lastteleport: 1461959772414
  logout: 1461960174809
ipAddress: 108.26.22.140
lastlocation:
  world: survival
  x: -15.055654331074642
  y: 69.0625
  z: -50.69515366806345
  yaw: -331.0638
  pitch: 23.16119
logoutlocation:
  world: '1_9'
  x: -182.08959198788241
  y: 63.76950841017166
  z: -304.6629095443524
  yaw: -269.84204
  pitch: 24.704363
