lastAccountName: MikeYelich
timestamps:
  login: 1437445415638
  lastteleport: 1437445422936
  logout: 1437445466914
ipAddress: 75.39.234.111
lastlocation:
  world: wooftywoo
  x: -1201.1043013427204
  y: 63.0
  z: -6348.584600270505
  yaw: -126.30214
  pitch: 38.550022
logoutlocation:
  world: flat
  x: -66.66679964543428
  y: 17.364356513344152
  z: 235.83283944354864
  yaw: 29.699127
  pitch: 33.150005
