lastAccountName: masterapple2003
timestamps:
  login: 1430642918553
  lastteleport: 1430318995950
  logout: 1430642920151
ipAddress: 5.23.246.168
lastlocation:
  world: wooftywoo
  x: 1007.8650964127963
  y: 76.0
  z: 2003.6159480657352
  yaw: 298.04453
  pitch: 28.95003
logoutlocation:
  world: flat
  x: 797.6984892704999
  y: 4.0625
  z: -543.7385517912908
  yaw: 35.530167
  pitch: 13.8
