lastAccountName: CalllMeSuperman
timestamps:
  login: 1437875807339
  lastteleport: 1437879899708
  logout: 1437880077872
ipAddress: 173.168.219.63
lastlocation:
  world: wooftywoo
  x: 408.1239961250156
  y: 12.0
  z: -138.54422048311525
  yaw: -271.8523
  pitch: 11.249676
logoutlocation:
  world: wooftywoo
  x: 307.866762490505
  y: 89.0
  z: -110.97037418262445
  yaw: 102.85499
  pitch: 3.000062
homes:
  home:
    world: wooftywoo
    x: 299.1100133539933
    y: 80.0
    z: -18.07659067946614
    yaw: 204.40457
    pitch: 4.500074
