lastAccountName: musicgirl3616
timestamps:
  login: 1451622799592
  lastteleport: 1451624160968
  logout: 1451624217324
ipAddress: 180.131.230.159
lastlocation:
  world: flat
  x: 375.0268053946076
  y: 4.0
  z: 252.4424891204756
  yaw: -293.55066
  pitch: 4.6500072
logoutlocation:
  world: survival
  x: -61.97599211010345
  y: 65.0
  z: -30.50553732058296
  yaw: 172.05008
  pitch: 10.1999855
