lastAccountName: XxAnavrinxX
timestamps:
  login: 1463245424816
  lastteleport: 1463245524567
  logout: 1463245539230
ipAddress: 72.189.133.148
lastlocation:
  world: spawnworld
  x: 61.14478868615765
  y: 9.0
  z: 1.4348498195487434
  yaw: 257.50183
  pitch: 48.18969
logoutlocation:
  world: wooftywoo
  x: 3999.469111372401
  y: 91.0
  z: 4082.7667478508306
  yaw: -174.91037
  pitch: 7.330245
