lastAccountName: GermanTF
timestamps:
  login: 1461533520600
  lastteleport: 1461533572959
  logout: 1461533599048
ipAddress: 187.178.249.85
lastlocation:
  world: survival
  x: -18.346841641956306
  y: 69.0625
  z: -50.75638997262916
  yaw: -356.10022
  pitch: 23.250006
logoutlocation:
  world: creative
  x: 25077.01467606453
  y: 73.87336783183046
  z: 24057.58325822046
  yaw: -253.94911
  pitch: 16.950035
