lastAccountName: Amex
timestamps:
  login: 1435563264080
  logout: 1435563264125
ipAddress: 198.8.80.83
lastlocation:
  world: wooftywoo
  x: 645.0
  y: 67.0
  z: 414.0
  yaw: 89.850006
  pitch: -1.949999
logoutlocation:
  world: wooftywoo
  x: -1202.5
  y: 63.0
  z: -6345.5
  yaw: -179.55212
  pitch: -3.4499912
