lastAccountName: Grembert
timestamps:
  login: 1438454397756
  lastteleport: 1438454478961
  logout: 1438454561837
ipAddress: 93.166.147.193
lastlocation:
  world: wooftywoo
  x: -1203.100406356289
  y: 63.0
  z: -6348.699999988079
  yaw: -245.10214
  pitch: 29.700008
logoutlocation:
  world: creative
  x: 25360.69999998808
  y: 70.20000004768374
  z: 24896.135939691394
  yaw: -104.24898
  pitch: 5.400031
