lastAccountName: huss196
timestamps:
  login: 1466005663626
  lastteleport: 1465226152546
  logout: 1465648661725
ipAddress: 197.53.186.254
lastlocation:
  world: '1_9'
  x: 84.20004583137425
  y: 67.33023208064613
  z: -303.1014385469704
  yaw: 207.61906
  pitch: 13.162525
godmode: false
logoutlocation:
  world: '1_9'
  x: -44.68771408079192
  y: 67.0
  z: -316.5417935455752
  yaw: -2.4004807
  pitch: 89.7
