lastAccountName: sockmonkey120705
timestamps:
  login: 1465132359801
  lastteleport: 1465132847767
  logout: 1465132968460
ipAddress: 64.20.28.104
lastlocation:
  world: '1_9'
  x: 48.89072325537093
  y: 67.0
  z: -316.3647850182779
  yaw: 265.49985
  pitch: 16.200058
godmode: false
logoutlocation:
  world: '1_9'
  x: 80.127833924319
  y: 63.0
  z: -380.60077831113006
  yaw: 1.5033889
  pitch: -68.99996
