lastAccountName: sockmonkey120705
timestamps:
  login: 1466952557775
  lastteleport: 1466953029660
  logout: 1466953059458
ipAddress: 64.20.28.104
lastlocation:
  world: spleeflobby
  x: 0.5
  y: 64.0
  z: 0.5
  yaw: 186.14989
  pitch: 40.199993
godmode: false
logoutlocation:
  world: spawn
  x: -12.5
  y: 9.0
  z: -24.5
  yaw: -81.00043
  pitch: 7.500004
nickname: socks
