lastlocation:
  world: wooftywoo
  x: 2067.292755108882
  y: 64.0
  z: 170.6444879709927
  yaw: 5.6247044
  pitch: 31.546808
lastAccountName: Krwawy200
timestamps:
  login: 1459879660924
  logout: 1459879857749
  lastteleport: 1459879777869
ipAddress: 176.23.29.57
logoutlocation:
  world: survival
  x: -1.615855044430047
  y: 69.0
  z: -69.7735598226033
  yaw: -111.78805
  pitch: 6.3191543
