lastAccountName: calebjedimaster
timestamps:
  login: 1466728051487
  lastteleport: 1466728060439
  logout: 1466728123998
ipAddress: 216.4.56.176
lastlocation:
  world: plots
  x: 104.81134514575686
  y: 65.0
  z: 89.25193680481374
  yaw: -193.98112
  pitch: 75.841385
homes:
  home:
    world: '1_9'
    x: 660.1255400396087
    y: 71.0
    z: -1772.1842861593657
    yaw: 20.23462
    pitch: 19.781006
  creative:
    world: flat
    x: 327.6342110846597
    y: 5.0
    z: -315.2390126915573
    yaw: 5.102661
    pitch: 3.3263745
logoutlocation:
  world: spawn
  x: 0.12608062115765434
  y: 10.0
  z: 1.0377120267049034
  yaw: 87.358025
  pitch: -0.071945444
afk: false
money: '100282.0'
nickname: TerryTits
teleportenabled: true
