lastAccountName: calebjedimaster
timestamps:
  login: 1467082467909
  lastteleport: 1466728060439
  logout: 1467082535032
ipAddress: 128.177.161.145
lastlocation:
  world: plots
  x: 104.81134514575686
  y: 65.0
  z: 89.25193680481374
  yaw: -193.98112
  pitch: 75.841385
homes:
  home:
    world: '1_9'
    x: 660.1255400396087
    y: 71.0
    z: -1772.1842861593657
    yaw: 20.23462
    pitch: 19.781006
  creative:
    world: flat
    x: 327.6342110846597
    y: 5.0
    z: -315.2390126915573
    yaw: 5.102661
    pitch: 3.3263745
logoutlocation:
  world: spawn
  x: 5.824814892120024
  y: 10.0
  z: 0.12557929744314064
  yaw: 95.29004
  pitch: 2.79804
afk: false
money: '100282.0'
nickname: TerryTits
teleportenabled: true
