lastAccountName: Free_Man195
timestamps:
  login: 1408126193194
  logout: 1408126208622
ipAddress: 73.53.171.64
lastlocation:
  world: wooftywoo
  x: 645.0
  y: 67.0
  z: 414.0
  yaw: 89.850006
  pitch: -1.949999
logoutlocation:
  world: wooftywoo
  x: 1031.5
  y: 65.0
  z: 1576.5
  yaw: -34.95604
  pitch: 9.300003
