lastAccountName: tarah_Lish
timestamps:
  login: 1430762937022
  lastteleport: 1430763006788
  logout: 1430763186314
ipAddress: 151.229.160.189
lastlocation:
  world: wooftywoo
  x: -1231.1653238712788
  y: 77.0
  z: -6272.463756795284
  yaw: -163.65056
  pitch: 41.17103
logoutlocation:
  world: wooftywoo
  x: -1211.1142198339517
  y: 63.0
  z: -6332.433322957639
  yaw: -24.6006
  pitch: 6.9710684
