lastlocation:
  world: wooftywoo
  x: 1004.6375752322476
  y: 76.0
  z: 2002.2833030954148
  yaw: -243.30511
  pitch: 30.749989
lastAccountName: robloxman444
timestamps:
  login: 1410052122919
  lastteleport: 1410052667786
  logout: 1410052867910
ipAddress: 24.251.170.150
logoutlocation:
  world: flat
  x: 9.474104391262838
  y: 4.0
  z: 27.112353496925873
  yaw: 224.39929
  pitch: 1.80002
