lastAccountName: Minato_Hokage_04
timestamps:
  login: 1438830428819
  lastteleport: 1438566271514
  logout: 1438830599361
ipAddress: 76.0.1.96
lastlocation:
  world: wooftywoo
  x: -1310.0579159858235
  y: 107.0
  z: -6149.300000011921
  yaw: -4.051778
  pitch: 12.59999
nickname: YellowFlash
logoutlocation:
  world: wooftywoo
  x: -1264.4743994712765
  y: 103.0
  z: -6222.008480081367
  yaw: 268.04822
  pitch: 12.749958
