timestamps:
  login: 1394053859270
  lastteleport: 1392058064244
  logout: 1394054023875
ipAddress: 89.243.162.119
lastlocation:
  world: wooftywoo
  x: 1668.6597152148524
  y: 75.0
  z: -4261.137285442309
  yaw: -1.8703642
  pitch: 18.516037
homes:
  home:
    world: wooftywoo
    x: 1800.3690078721738
    y: 69.0
    z: -4536.934268857921
    yaw: -326.49445
    pitch: 3.2170389
logoutlocation:
  world: wooftywoo
  x: 1753.2458444321248
  y: 64.0
  z: -4462.48659921181
  yaw: 17.020441
  pitch: 14.715415
lastAccountName: rezlox
