lastAccountName: icecream0711
timestamps:
  login: 1441403202356
  lastteleport: 1439698669704
  logout: 1441403211807
ipAddress: 72.133.202.116
lastlocation:
  world: wooftywoo
  x: 645.0
  y: 67.0
  z: 414.0
  yaw: 89.850006
  pitch: -1.949999
logoutlocation:
  world: wooftywoo
  x: -1211.4753438306977
  y: 63.0
  z: -6338.617394462473
  yaw: -7.8021374
  pitch: 23.550003
homes:
  home:
    world: flat
    x: -663.4019351204536
    y: 5.0
    z: 227.24654360811485
    yaw: 31.077148
    pitch: 31.499882
