lastAccountName: RafaOdy
timestamps:
  login: 1432512961816
  lastteleport: 1432512982298
  logout: 1432513027860
ipAddress: 186.225.197.40
lastlocation:
  world: wooftywoo
  x: -1202.4736768486746
  y: 63.0
  z: -6347.866156029029
  yaw: 174.44794
  pitch: 43.350014
logoutlocation:
  world: wooftywoo
  x: 475.5
  y: 68.0
  z: 404.5
  yaw: -179.89426
  pitch: 16.650002
