lastAccountName: KickassMidget
timestamps:
  login: 1466318243398
  lastteleport: 1466318297395
  logout: 1466318387209
ipAddress: 47.72.58.20
lastlocation:
  world: '1_9'
  x: 130.90505200222614
  y: 67.0
  z: -317.5553549510339
  yaw: -85.649956
  pitch: 33.899967
afk: false
logoutlocation:
  world: spawn
  x: -0.6644863265696482
  y: 9.0
  z: -41.07499998807907
  yaw: -175.50052
  pitch: 17.549997
homes:
  home:
    world: survival
    x: 17.111247679476858
    y: 63.875
    z: -195.84641510728756
    yaw: 63.77954
    pitch: 67.9499
