lastAccountName: Brox_Bradley
timestamps:
  login: 1430969868010
  lastteleport: 1430969922153
  logout: 1430970419413
ipAddress: 74.131.128.47
lastlocation:
  world: wooftywoo
  x: -1248.0790006408533
  y: 103.0625
  z: -6231.563790236971
  yaw: -347.2675
  pitch: 2.5931954
logoutlocation:
  world: wooftywoo
  x: -402.9727030501163
  y: 201.0
  z: 1029.699999988079
  yaw: 219.74976
  pitch: 13.814322
