lastAccountName: RWcreeperkiller
timestamps:
  login: 1403254846677
  lastteleport: 1403262428783
  logout: 1403262783982
ipAddress: 67.234.170.7
lastlocation:
  world: wooftywoo
  x: 622.4145964241203
  y: 67.0
  z: 389.3571834648618
  yaw: -358.1273
  pitch: 24.533892
logoutlocation:
  world: wooftywoo
  x: 645.0
  y: 67.0
  z: 414.0
  yaw: 89.850006
  pitch: -1.949999
