timestamps:
  login: 1395540400789
  lastteleport: 1395541249444
  logout: 1395542702293
ipAddress: 72.178.82.196
lastlocation:
  world: crapcakesandapplesauce
  x: 471.070538289316
  y: 6.0
  z: 12.871473887943651
  yaw: -1.6499897
  pitch: 14.250005
logoutlocation:
  world: crapcakesandapplesauce
  x: 100.5
  y: 70.0
  z: 250.5
  yaw: -1.6499897
  pitch: 14.250005
homes:
  home:
    world: wooftywoo
    x: 1155.9168848913662
    y: 64.0
    z: -1185.801940794337
    yaw: -316.2215
    pitch: 34.968838
lastAccountName: tank82000
