lastAccountName: Mogle791
timestamps:
  login: 1434213328980
  lastteleport: 1434213558302
  logout: 1434213593304
ipAddress: 98.117.251.245
lastlocation:
  world: wooftywoo
  x: 3984.4535440027853
  y: 91.0
  z: 4026.2212429548026
  yaw: -107.889404
  pitch: 79.07776
nickname: CrittingCow
logoutlocation:
  world: wooftywoo
  x: 1429.3999528400864
  y: 87.0
  z: -4575.634002356462
  yaw: -40.94252
  pitch: 39.121037
