lastAccountName: WayWay250
timestamps:
  login: 1437663564512
  logout: 1437663581269
ipAddress: 96.42.244.121
lastlocation:
  world: wooftywoo
  x: 645.0
  y: 67.0
  z: 414.0
  yaw: 89.850006
  pitch: -1.949999
logoutlocation:
  world: wooftywoo
  x: -1219.0853116727462
  y: 63.0
  z: -6349.858206933728
  yaw: -265.3521
  pitch: -15.449991
