timestamps:
  login: 1394948827570
  lastteleport: 1394948848970
  logout: 1394948962870
ipAddress: 220.237.27.87
lastlocation:
  world: wooftywoo
  x: 644.0135699599659
  y: 67.0
  z: 416.33177784782254
  yaw: -166.20602
  pitch: 14.890111
logoutlocation:
  world: wooftywoo
  x: 645.0073879092465
  y: 67.0
  z: 414.28877160581476
  yaw: -3.2252197
  pitch: 84.3866
lastAccountName: jackocj
