lastAccountName: zozo79
timestamps:
  login: 1427891588779
  logout: 1427891608652
ipAddress: 188.73.27.20
lastlocation:
  world: wooftywoo
  x: 645.0
  y: 67.0
  z: 414.0
  yaw: 89.850006
  pitch: -1.949999
logoutlocation:
  world: wooftywoo
  x: 1044.0747537090376
  y: 65.0
  z: 1597.4641471954337
  yaw: 98.97985
  pitch: 18.491348
