timestamps:
  login: 1391535320392
  lastteleport: 1391535526299
  logout: 1391535749009
ipAddress: 81.158.114.61
lastlocation:
  world: wooftywoo
  x: 666.2951422476891
  y: 67.0
  z: 391.36562676236935
  yaw: 2.3095531
  pitch: 52.571518
logoutlocation:
  world: wooftywoo
  x: 645.0
  y: 67.0
  z: 414.0
  yaw: 101.012886
  pitch: 64.04808
lastAccountName: duff441
