lastAccountName: Fuzz_Scoota
timestamps:
  login: 1430261460671
  logout: 1430261539144
ipAddress: 82.15.116.41
lastlocation:
  world: wooftywoo
  x: 645.0
  y: 67.0
  z: 414.0
  yaw: 89.850006
  pitch: -1.949999
logoutlocation:
  world: wooftywoo
  x: 1031.3153424676839
  y: 65.0
  z: 1579.0747079628652
  yaw: 248.69394
  pitch: 11.850003
