lastAccountName: crazycrazy
timestamps:
  login: 1466930604708
  lastteleport: 1466859345417
  logout: 1466930639377
ipAddress: 90.210.16.212
lastlocation:
  world: '1_9'
  x: 658.5464740092998
  y: 72.77777562208497
  z: 1098.558616011608
  yaw: 249.59546
  pitch: 17.849977
godmode: false
logoutlocation:
  world: '1_9'
  x: 126.01861790052129
  y: 63.0
  z: -341.7171632284851
  yaw: -248.85005
  pitch: 7.7999864
