lastAccountName: crazycrazy
timestamps:
  login: 1466782468265
  lastteleport: 1466783028310
  logout: 1466783053856
ipAddress: 90.210.39.252
lastlocation:
  world: '1_9'
  x: -833.0416472915122
  y: 71.68749240502079
  z: -630.1773115254979
  yaw: -350.09644
  pitch: 2.0999737
godmode: false
logoutlocation:
  world: '1_9'
  x: 123.13404056533969
  y: 66.08398933788706
  z: -320.73611609933056
  yaw: 295.79993
  pitch: 23.249958
