lastAccountName: RoYaL_WereWolf
timestamps:
  login: 1467072442548
  lastteleport: 1466787607081
  logout: 1467072479167
ipAddress: 73.48.236.150
lastlocation:
  world: '1_9'
  x: 77.06624649526422
  y: 69.11650136792812
  z: -338.58617397108253
  yaw: -163.28998
  pitch: -4.8129764
homes:
  home:
    world: skeeter
    x: 10003.687287612674
    y: 91.0
    z: 10001.695072575054
    yaw: -88.87702
    pitch: 13.199933
logoutlocation:
  world: '1_9'
  x: 107.13987261961252
  y: 58.745007858807185
  z: -352.7742259757273
  yaw: -251.28687
  pitch: 26.667948
afk: false
godmode: false
