lastAccountName: Jukasjervi
timestamps:
  login: 1435739237332
  logout: 1435739276451
ipAddress: 217.15.199.84
lastlocation:
  world: wooftywoo
  x: 645.0
  y: 67.0
  z: 414.0
  yaw: 89.850006
  pitch: -1.949999
logoutlocation:
  world: wooftywoo
  x: -1232.174742357247
  y: 63.0
  z: -6337.106501575846
  yaw: 183.8979
  pitch: 16.19999
