lastAccountName: Aquamarine_Fairy
timestamps:
  login: 1463849823938
  lastteleport: 1463847847807
  logout: 1463850178947
ipAddress: 104.6.101.96
lastlocation:
  world: '1_9'
  x: 129.5
  y: 67.0
  z: -317.5
  yaw: -90.59996
  pitch: 5.399978
homes:
  home:
    world: '1_9'
    x: 215.25111749038132
    y: 63.0
    z: -244.3283776212016
    yaw: 189.15723
    pitch: 55.65
logoutlocation:
  world: skyscraper
  x: -4.818916783235572
  y: 47.0
  z: 23.43938326281572
  yaw: 29.69397
  pitch: 6.5998974
afk: false
godmode: false
nickname: §2§1A§2q§1u§2a§1m§2a§1r§2i§1n§2e§1_§2F§1a§2i§1r§2y
