lastAccountName: Irrupter
timestamps:
  login: 1464301338022
  lastteleport: 1464301394495
  logout: 1464301631092
  lastheal: 1463785279083
ipAddress: 24.188.136.148
lastlocation:
  world: '1_9'
  x: 117.20448471748608
  y: 67.0
  z: -317.19025598586717
  yaw: -282.89984
  pitch: 9.44997
logoutlocation:
  world: '1_9'
  x: 710.3000000119209
  y: 64.0
  z: -471.69999998807907
  yaw: 159.6018
  pitch: 12.449995
godmode: false
homes:
  home:
    world: '1_9'
    x: 712.7699539269431
    y: 74.0
    z: -475.5806250056925
    yaw: 31.950317
    pitch: 28.05002
