lastAccountName: Plazma257
timestamps:
  login: 1423951194241
  logout: 1423951621395
  lastteleport: 1423951616697
ipAddress: 72.238.122.127
lastlocation:
  world: wooftywoo
  x: 1005.3887643777723
  y: 76.0
  z: 2004.2086816543874
  yaw: 85.194534
  pitch: 25.949993
logoutlocation:
  world: wooftywoo
  x: 475.5040776801761
  y: 68.0
  z: 405.00420822031856
  yaw: -180.34445
  pitch: 1.5000143
