lastAccountName: Ateam25
timestamps:
  login: 1409248262484
  lastteleport: 1409248342754
  logout: 1409248352904
ipAddress: 24.45.85.5
lastlocation:
  world: wooftywoo
  x: 1005.7061269455022
  y: 76.0
  z: 2005.5595903102162
  yaw: 113.79831
  pitch: 21.784494
logoutlocation:
  world: wooftywoo
  x: 644.5
  y: 63.0
  z: 413.5
  yaw: -6.2006226
  pitch: -9.341794
