lastAccountName: Hyper_Dude44
timestamps:
  login: 1447105241230
  logout: 1447105267281
  lastteleport: 1432250066954
ipAddress: 69.242.126.71
lastlocation:
  world: wooftywoo
  x: 3997.5
  y: 91.0
  z: 4088.5
  yaw: -90.3
  pitch: 2.7
nickname: hyperDude
logoutlocation:
  world: survival
  x: -16.99560201008626
  y: 69.0
  z: -64.71490199728659
  yaw: -276.74988
  pitch: 8.099995
