lastAccountName: HD_Games
timestamps:
  login: 1436930066834
  lastteleport: 1436930592197
  logout: 1436932363124
ipAddress: 142.134.20.146
lastlocation:
  world: wooftywoo
  x: 1050.9486144373493
  y: 65.0
  z: 1631.1193067955135
  yaw: 18.144005
  pitch: 19.65
afk: false
money: '2.0'
logoutlocation:
  world: wooftywoo
  x: -1243.6252346794154
  y: 103.0
  z: -6259.136386037379
  yaw: 187.94974
  pitch: 30.000021
