lastAccountName: _Mikey_PvP_
timestamps:
  login: 1450577623889
  lastteleport: 1450577675060
  logout: 1450577768214
ipAddress: 108.41.83.184
lastlocation:
  world: survival
  x: -17.042385375988296
  y: 69.0625
  z: -50.63756569960842
  yaw: -330.90015
  pitch: 21.449984
logoutlocation:
  world: creative
  x: 25742.777548902523
  y: 90.63586413008015
  z: 24229.543280789734
  yaw: 212.25099
  pitch: 25.800007
