lastAccountName: SparkeyGames
timestamps:
  login: 1423546185080
  lastteleport: 1423548625669
  logout: 1423549475539
ipAddress: 159.118.224.214
lastlocation:
  world: wooftywoo
  x: 1006.0013439485057
  y: 76.0
  z: 2001.6086665770288
  yaw: 94.79454
  pitch: 18.599995
logoutlocation:
  world: flat
  x: -16.300000011920964
  y: 5.7394161559043315
  z: -9.686554435580968
  yaw: 219.00209
  pitch: 69.15
