lastAccountName: Huss05
timestamps:
  login: 1462557346331
  logout: 1462557406775
  lastteleport: 1462557350673
ipAddress: 85.228.222.114
lastlocation:
  world: survival
  x: -15.98654565480711
  y: 69.0625
  z: -50.257781158968385
  yaw: 13.050184
  pitch: 27.599993
logoutlocation:
  world: '1_9'
  x: 104.55002449954921
  y: 63.0
  z: -309.30000001192093
  yaw: 278.2501
  pitch: 19.949984
