lastAccountName: FlawlessPink
timestamps:
  login: 1465931478364
  lastteleport: 1465931523741
  logout: 1465932093545
ipAddress: 100.15.2.168
lastlocation:
  world: spawn
  x: -9.382265787378142
  y: 9.0
  z: -42.1356614745709
  yaw: -152.74693
  pitch: 56.50694
godmode: false
nickname: Phoenix
logoutlocation:
  world: '1_9'
  x: -129.0792883955273
  y: 52.53597560577699
  z: -310.3108179227304
  yaw: 150.38126
  pitch: 33.453403
