lastAccountName: pegsie
timestamps:
  login: 1430523382227
  logout: 1430523584289
ipAddress: 184.6.90.14
lastlocation:
  world: wooftywoo
  x: 645.0
  y: 67.0
  z: 414.0
  yaw: 89.850006
  pitch: -1.949999
logoutlocation:
  world: wooftywoo
  x: 1032.7533734212911
  y: 65.0
  z: 1679.699999988079
  yaw: 208.49152
  pitch: 21.300056
