lastAccountName: WeetGeenNaampje
timestamps:
  login: 1435333879380
  logout: 1435333921334
  lastteleport: 1433860029472
ipAddress: 213.93.215.32
lastlocation:
  world: wooftywoo
  x: 1142.7031249751199
  y: 45.0
  z: 301.1137781040482
  yaw: 269.64902
  pitch: 35.318336
logoutlocation:
  world: wooftywoo
  x: 863.9641177621088
  y: 64.0
  z: 379.46970138682013
  yaw: 28.672974
  pitch: 14.4288
homes:
  home:
    world: wooftywoo
    x: 893.472951620729
    y: 63.0
    z: 286.55080264307486
    yaw: 36.639072
    pitch: -2.1600404
afk: false
nickname: WeetGeenNaampje
