lastAccountName: Alkfree
timestamps:
  login: 1439340913591
  lastteleport: 1439341000709
  logout: 1439341450689
ipAddress: 161.253.120.119
lastlocation:
  world: wooftywoo
  x: -1200.7776796961045
  y: 63.0
  z: -6349.841653751477
  yaw: -65.85222
  pitch: 53.85002
logoutlocation:
  world: flat
  x: 342.66169701808553
  y: 4.0
  z: 96.15153713180216
  yaw: 177.89844
  pitch: 3.4499931
