lastAccountName: zarin99
timestamps:
  login: 1403237707177
  lastteleport: 1403237827183
  logout: 1403238059688
ipAddress: 50.190.8.104
lastlocation:
  world: wooftywoo
  x: 622.6010245392657
  y: 67.0
  z: 390.9036196999707
  yaw: 328.37952
  pitch: -19.001339
nickname: Finn
logoutlocation:
  world: wooftywoo
  x: 2269.3975697579435
  y: 67.0
  z: 260.7729515415935
  yaw: 324.8584
  pitch: 14.843484
