lastAccountName: spazzticx
timestamps:
  login: 1467148099951
  lastteleport: 1467082890959
  logout: 1467148172520
ipAddress: 100.15.106.177
lastlocation:
  world: spawn
  x: -9.623256121558889
  y: 9.0
  z: -42.13929738073345
  yaw: -183.1506
  pitch: 26.399986
godmode: false
logoutlocation:
  world: '1_9'
  x: -230.09551743855343
  y: 67.0
  z: -318.62455984121533
  yaw: -39.74985
  pitch: 34.499977
homes:
  home:
    world: '1_9'
    x: -435.22585234117236
    y: 13.0
    z: 46.87659492835734
    yaw: 271.9504
    pitch: 27.150074
