timestamps:
  login: 1402114691212
  lastteleport: 1392245657032
  logout: 1402114726781
ipAddress: 71.92.65.83
lastlocation:
  world: wooftywoo
  x: 666.1418154990687
  y: 67.0
  z: 438.44468240243845
  yaw: -164.4001
  pitch: 35.400036
logoutlocation:
  world: wooftywoo
  x: -2371.0246925732654
  y: 63.0
  z: 8237.028036563894
  yaw: 155.98233
  pitch: -8.999923
homes:
  home:
    world: wooftywoo
    x: -2341.5326722046593
    y: 63.0
    z: 8229.530086816318
    yaw: 180.43187
    pitch: 8.850056
lastAccountName: ScumbagMayhem
