lastAccountName: OshawottOfMC
timestamps:
  login: 1442088462577
  lastteleport: 1442088521023
  logout: 1442088542785
ipAddress: 98.177.208.180
lastlocation:
  world: survival
  x: -19.481245613177595
  y: 69.0625
  z: -50.065550429149425
  yaw: -262.5001
  pitch: 26.099976
logoutlocation:
  world: wooftywoo
  x: 4003.4897600621675
  y: 91.0
  z: 4053.2603217736173
  yaw: -178.50146
  pitch: 19.949997
