lastAccountName: Dumoulin11
timestamps:
  login: 1437181017176
  logout: 1437181099992
ipAddress: 184.161.144.143
lastlocation:
  world: wooftywoo
  x: 645.0
  y: 67.0
  z: 414.0
  yaw: 89.850006
  pitch: -1.949999
logoutlocation:
  world: wooftywoo
  x: -1246.2556052738867
  y: 103.0
  z: -6192.043252461486
  yaw: -303.95062
  pitch: -36.78982
