lastAccountName: sciencemaster22
timestamps:
  login: 1440258939065
  logout: 1440258969569
ipAddress: 24.144.165.136
lastlocation:
  world: wooftywoo
  x: 645.0
  y: 67.0
  z: 414.0
  yaw: 89.850006
  pitch: -1.949999
logoutlocation:
  world: survival
  x: -1.8244239694489464
  y: 72.0
  z: 31.33117143920113
  yaw: -357.29993
  pitch: 8.999994
