lastAccountName: DatTreyTho
timestamps:
  login: 1456605252663
  logout: 1456605554148
  lastteleport: 1456605544541
ipAddress: 98.251.220.15
lastlocation:
  world: creative
  x: 25089.96373796977
  y: 60.95071762729562
  z: 24151.285623718584
  yaw: -313.49918
  pitch: 26.55
logoutlocation:
  world: survival
  x: 1.4373906399486083
  y: 72.0
  z: 23.760124591178524
  yaw: -8.2499695
  pitch: 20.699999
