timestamps:
  login: 1390700843978
  lastteleport: 1390689871065
  logout: 1390700978145
ipAddress: 71.48.46.59
lastlocation:
  world: wooftywoo
  x: 4239.826085228432
  y: 66.0
  z: -1189.3584004312647
  yaw: -208.06834
  pitch: 3.631272
logoutlocation:
  world: wooftywoo
  x: -283.37134570277016
  y: 72.0
  z: 7905.795603859992
  yaw: -13.793473
  pitch: 57.47844
nickname: Princess_Lexi
lastAccountName: lexistarannjazz
