lastAccountName: Boo_Boo04
timestamps:
  login: 1465325665367
  lastteleport: 1463250650824
  logout: 1465325685592
ipAddress: 76.120.206.63
lastlocation:
  world: spawnworld
  x: -9.275114050916347
  y: 9.0
  z: -41.932089402309046
  yaw: -191.25037
  pitch: 17.700003
logoutlocation:
  world: '1_9'
  x: 36.962819386998035
  y: 67.0
  z: -317.5576046583664
  yaw: -89.69949
  pitch: 17.999985
godmode: false
