lastAccountName: PhoebeThePanda
timestamps:
  login: 1466360109218
  lastteleport: 1466360476338
  lastheal: 1463251723508
  logout: 1466360485879
ipAddress: 188.222.115.227
lastlocation:
  world: '1_9'
  x: 2243.5524266339908
  y: 23.0
  z: 762.7732776983217
  yaw: 69.19902
  pitch: 28.071053
afk: false
logoutlocation:
  world: spawn
  x: -4.210477707207517
  y: 10.0
  z: 1.3197199905914925
  yaw: -267.0587
  pitch: 19.824778
