lastAccountName: PhoebeThePanda
timestamps:
  login: 1466883180982
  lastteleport: 1466883245486
  lastheal: 1463251723508
  logout: 1466885792703
ipAddress: 188.222.115.227
lastlocation:
  world: spawn
  x: -42.15616990297476
  y: 9.0
  z: -5.110765492402704
  yaw: 134.80598
  pitch: 25.658684
afk: false
logoutlocation:
  world: plots
  x: -65.43443519675981
  y: 65.0
  z: 54.97193645508224
  yaw: 60.33362
  pitch: 2.8933265
