lastAccountName: LittleVision
timestamps:
  login: 1466612774263
  lastteleport: 1466466212076
  logout: 1466612976201
ipAddress: 24.217.228.219
lastlocation:
  world: '1_9'
  x: 796.2849965419155
  y: 48.99789179154454
  z: -3784.5978078470266
  yaw: -55.26301
  pitch: 35.850014
godmode: false
logoutlocation:
  world: '1_9'
  x: 738.4795872791581
  y: 13.0
  z: -3719.699999988079
  yaw: -132.03918
  pitch: 17.99999
