lastAccountName: elise_chan
timestamps:
  login: 1465338866375
  lastteleport: 1465339057104
  logout: 1465339070711
ipAddress: 98.213.211.226
lastlocation:
  world: wooftywoo
  x: 551.5463551792537
  y: 78.0625
  z: -445.19438218654983
  yaw: -118.029396
  pitch: 23.295904
godmode: false
nickname: §4E§6l§1i§2s§8e
homes:
  home:
    world: '1_9'
    x: 2278.8178174843406
    y: 73.0
    z: 694.5114210874866
    yaw: 189.57654
    pitch: 34.57703
logoutlocation:
  world: wooftywoo
  x: 2070.3598542191826
  y: 65.0
  z: 200.04790571393218
  yaw: -5.0733047
  pitch: -1.4449606
