timestamps:
  login: 1430009677618
  lastteleport: 1423546454676
  logout: 1430010053949
ipAddress: 23.243.40.74
lastlocation:
  world: wooftywoo
  x: 3998.9537190470983
  y: 91.0
  z: 4060.6907149508193
  yaw: 190.68588
  pitch: 6.911356
logoutlocation:
  world: flat
  x: -82.2117114839786
  y: 54.0
  z: 20.88710136317559
  yaw: -76.0757
  pitch: 32.744442
lastAccountName: K3yBon
