lastAccountName: AlexIsSexy
timestamps:
  login: 1443578870163
  logout: 1443578926441
ipAddress: 73.43.69.207
lastlocation:
  world: wooftywoo
  x: 3997.5
  y: 91.0
  z: 4088.5
  yaw: -90.3
  pitch: 2.7
logoutlocation:
  world: survival
  x: 0.996970730581992
  y: 69.0
  z: -74.96702371398467
  yaw: 174.64261
  pitch: 7.5132217
