lastAccountName: Creepierpoem1
timestamps:
  login: 1455067354978
  lastteleport: 1455067739087
  logout: 1455067764540
ipAddress: 108.19.185.118
lastlocation:
  world: wooftywoo
  x: 3997.5
  y: 91.0
  z: 4088.5
  yaw: -181.36551
  pitch: 17.460617
logoutlocation:
  world: wooftywoo
  x: 3998.3282160120475
  y: 91.0
  z: 4088.591731151987
  yaw: -85.2964
  pitch: 1.4491
afk: false
nickname: ILOVEAPPLEPIE
