lastAccountName: WarrinPeace
timestamps:
  login: 1467015300759
  lastteleport: 1464648944793
  logout: 1462066175575
  lastheal: 1467015758471
ipAddress: 68.1.106.36
lastlocation:
  world: '1_9'
  x: 145.02629485151053
  y: 70.0
  z: -772.4088966761751
  yaw: 23.400381
  pitch: 25.949987
afk: false
logoutlocation:
  world: '1_9'
  x: 159.9948584871929
  y: 51.0
  z: -756.9262265612548
  yaw: -149.9998
  pitch: -23.85002
godmode: false
