lastAccountName: cooKieman679
timestamps:
  login: 1408150877643
  lastteleport: 1406304811757
  logout: 1408150891414
ipAddress: 72.104.249.36
lastlocation:
  world: wooftywoo
  x: -1364.699999988079
  y: 71.0
  z: -6660.670482866905
  yaw: -99.45111
  pitch: 6.7503505
nickname: cooKieman679
logoutlocation:
  world: wooftywoo
  x: -1530.6197293269101
  y: 63.0
  z: -6656.302722691699
  yaw: -126.45
  pitch: 8.100006
