lastAccountName: KilomPlaysMC
timestamps:
  login: 1462126576976
  lastteleport: 1462126665175
  logout: 1462126741387
  mute: 0
ipAddress: 174.25.122.131
lastlocation:
  world: wooftywoo
  x: 3119.8118588532925
  y: 74.0
  z: 5929.346960857438
  yaw: -267.60107
  pitch: 90.0
logoutlocation:
  world: survival
  x: 61.27300645086852
  y: 75.0
  z: 173.85214986499727
  yaw: -80.09918
  pitch: 20.55001
afk: false
muted: false
nickname: KilomPlaysMC
homes:
  home:
    world: wooftywoo
    x: -1246.074366311728
    y: 115.0
    z: -6157.935801654156
    yaw: -352.81302
    pitch: 90.0
