lastAccountName: EnforcingMuffins
timestamps:
  login: 1465407870772
  logout: 1465407871223
  lastteleport: 1465326533203
ipAddress: 50.92.50.28
lastlocation:
  world: obstaclecourse
  x: -8.56099569190662
  y: 93.0
  z: -0.31322372259213704
  yaw: 278.2138
  pitch: 11.43777
logoutlocation:
  world: wooftywoo
  x: 4001.0970801996755
  y: 91.0
  z: 4085.111249325411
  yaw: -214.83908
  pitch: 7.833419
godmode: false
