lastAccountName: isaiaspolanco11
timestamps:
  login: 1431470052970
  logout: 1431470054467
ipAddress: 98.217.89.109
lastlocation:
  world: wooftywoo
  x: 645.0
  y: 67.0
  z: 414.0
  yaw: 89.850006
  pitch: -1.949999
logoutlocation:
  world: wooftywoo
  x: -1245.5
  y: 103.0
  z: -6233.5
  yaw: -180.15053
  pitch: 0.7499939
