lastAccountName: FlameZealot
timestamps:
  login: 1438474773394
  lastteleport: 1438474920369
  logout: 1438475384721
ipAddress: 107.15.162.112
lastlocation:
  world: wooftywoo
  x: -1202.512499988079
  y: 63.0
  z: -6348.292645419773
  yaw: -170.10292
  pitch: 54.24387
logoutlocation:
  world: wooftywoo
  x: 643.3000000119209
  y: 68.0
  z: 414.2578917456464
  yaw: 91.63123
  pitch: 6.9558454
