lastAccountName: SuperCat12
timestamps:
  login: 1432422659875
  logout: 1432423060924
ipAddress: 76.105.183.131
lastlocation:
  world: wooftywoo
  x: 645.0
  y: 67.0
  z: 414.0
  yaw: 89.850006
  pitch: -1.949999
logoutlocation:
  world: wooftywoo
  x: -1251.7836165584733
  y: 99.0
  z: -6153.300000011921
  yaw: 325.948
  pitch: 27.000105
