lastAccountName: CoronAzago
timestamps:
  login: 1434789890413
  lastteleport: 1434789903163
  logout: 1434789986747
ipAddress: 37.1.11.207
lastlocation:
  world: wooftywoo
  x: -1203.1619929748326
  y: 63.0
  z: -6348.300000011921
  yaw: -142.6521
  pitch: 52.800007
nickname: Lololowka
logoutlocation:
  world: wooftywoo
  x: 472.00186289434083
  y: 70.0
  z: 437.76993732492485
  yaw: -296.29434
  pitch: 35.25001
