lastAccountName: gamernl1202
timestamps:
  login: 1436298952551
  lastteleport: 1436298963299
  logout: 1436299024010
ipAddress: 174.119.200.145
lastlocation:
  world: wooftywoo
  x: -1202.1258100619782
  y: 63.0
  z: -6348.300000011921
  yaw: -210.601
  pitch: 57.311256
logoutlocation:
  world: wooftywoo
  x: 480.42325408266197
  y: 69.0
  z: 285.07379810739377
  yaw: -177.27756
  pitch: 30.628216
