lastAccountName: Videogamer0414
timestamps:
  login: 1439938684400
  lastteleport: 1439784762590
  logout: 1439938693544
ipAddress: 69.204.211.110
lastlocation:
  world: wooftywoo
  x: 645.0
  y: 67.0
  z: 414.0
  yaw: 89.850006
  pitch: -1.949999
logoutlocation:
  world: survival
  x: 0.5
  y: 71.0
  z: 0.5
  yaw: -179.84996
  pitch: 3.5999942
