lastAccountName: Durza_The_Shade
timestamps:
  login: 1407110211419
  logout: 1407110640761
ipAddress: 68.3.72.149
lastlocation:
  world: wooftywoo
  x: 645.0
  y: 67.0
  z: 414.0
  yaw: 89.850006
  pitch: -1.949999
logoutlocation:
  world: wooftywoo
  x: 1031.5
  y: 65.0
  z: 1576.5
  yaw: -254.55606
  pitch: -1.6499964
