lastAccountName: Ender_Guardian39
timestamps:
  login: 1466976844944
  lastteleport: 1466977548412
  logout: 1466977580270
ipAddress: 75.22.121.64
lastlocation:
  world: parkourhub
  x: 22.797759864860872
  y: 98.0
  z: 1.074999988079071
  yaw: -359.85846
  pitch: 25.200027
nickname: §4Captain§eObvious
godmode: false
logoutlocation:
  world: wooftywoo
  x: 3992.415261447911
  y: 91.0625
  z: 4015.097198371139
  yaw: -91.50128
  pitch: 4.799983
