lastAccountName: PotatoCraft1998
timestamps:
  login: 1450813963677
  lastteleport: 1439069498396
  logout: 1450813999929
ipAddress: 66.189.67.118
lastlocation:
  world: wooftywoo
  x: 3997.5
  y: 91.0
  z: 4088.5
  yaw: -90.3
  pitch: 2.7
homes:
  home2:
    world: wooftywoo
    x: 489.28028402907324
    y: 68.0
    z: 432.0468797955615
    yaw: -269.74426
    pitch: 25.799992
  home3:
    world: creative
    x: 25365.189791987206
    y: 63.0
    z: 24295.044044836777
    yaw: -358.9527
    pitch: 38.250053
  home:
    world: wooftywoo
    x: -5129.823633625354
    y: 72.0
    z: -19470.856409401764
    yaw: -161.53857
    pitch: 38.39995
logoutlocation:
  world: survival
  x: 24.204149139460426
  y: 69.0
  z: -50.052936636388196
  yaw: -185.40002
  pitch: 37.949986
afk: false
nickname: Potato_Salad
money: '3069.740000000000227'
teleportenabled: true
