lastAccountName: VaderVlad
timestamps:
  login: 1402608093081
  lastteleport: 1402608163242
  logout: 1402608621192
ipAddress: 216.58.18.87
lastlocation:
  world: wooftywoo
  x: 642.6594939136114
  y: 67.0
  z: 412.12724965537603
  yaw: 126.450226
  pitch: 23.250029
logoutlocation:
  world: wooftywoo
  x: -268.0858556682953
  y: 75.0
  z: -113.69999998807907
  yaw: 145.27539
  pitch: 28.80004
