timestamps:
  login: 1390784424812
  logout: 1390784521162
  lastteleport: 1390784473562
ipAddress: 76.190.247.83
lastlocation:
  world: wooftywoo
  x: 625.1542063431702
  y: 67.5
  z: 391.1688136365469
  yaw: 72.31365
  pitch: 31.257143
logoutlocation:
  world: wooftywoo
  x: 2067.5
  y: 64.0
  z: 168.5
  yaw: 6.4503045
  pitch: 0.750008
lastAccountName: xxmrrickyh211xx
