lastAccountName: MissPunkyfry
timestamps:
  login: 1465388539821
  logout: 1465391283865
  lastteleport: 1465390039713
  mute: 0
  lastheal: 1465241450138
ipAddress: 24.160.158.206
lastlocation:
  world: spawn
  x: -42.21159665601937
  y: 9.0
  z: -5.826406842222367
  yaw: -268.2004
  pitch: 18.299994
logoutlocation:
  world: plots
  x: 52.23627156265125
  y: 65.0
  z: 1.4182795029925903
  yaw: -294.74994
  pitch: 12.300009
godmode: false
afk: false
homes:
  home:
    world: deathdrop
    x: -0.5051484402855748
    y: 253.0
    z: -92.76915274482637
    yaw: -3.4495327
    pitch: 20.699999
muted: false
money: '-2000'
nickname: BffofTektronic
