timestamps:
  login: 1393725479328
  logout: 1393725739750
  lastteleport: 1392236468982
ipAddress: 74.44.32.107
lastlocation:
  world: wooftywoo
  x: 1390.699999988079
  y: 62.0
  z: -4542.9659898266655
  yaw: 254.2799
  pitch: 89.8131
logoutlocation:
  world: wooftywoo
  x: 1485.2091750706109
  y: 91.0
  z: -4343.964402097649
  yaw: 156.30267
  pitch: 49.62721
homes:
  home:
    world: wooftywoo
    x: 1463.7612071835852
    y: 82.0
    z: -4434.132475252126
    yaw: -54.53292
    pitch: -3.9270072
lastAccountName: camperrage
