lastAccountName: Jameson32
timestamps:
  login: 1466613023555
  lastteleport: 1466466346878
  logout: 1466613077160
  mute: 0
ipAddress: 96.61.16.80
lastlocation:
  world: '1_9'
  x: -80.81046877255993
  y: 69.13293342492534
  z: -401.6901942212944
  yaw: -217.64977
  pitch: -23.250004
godmode: false
logoutlocation:
  world: '1_9'
  x: 31.215173019789454
  y: 68.0
  z: -319.57548611155937
  yaw: 89.1004
  pitch: 18.749992
muted: false
