lastAccountName: personnumber2
timestamps:
  login: 1407890274619
  lastteleport: 1407893468089
  logout: 1407893548933
ipAddress: 174.25.72.116
lastlocation:
  world: wooftywoo
  x: 1006.5
  y: 66.50999999046324
  z: 2002.5
  yaw: -114.44989
  pitch: -29.549992
logoutlocation:
  world: wooftywoo
  x: 1012.4575355423141
  y: 67.0
  z: 2002.4708612936374
  yaw: -234.29987
  pitch: 12.600003
godmode: false
afk: false
