lastAccountName: Delta_0157
timestamps:
  login: 1439698942661
  lastteleport: 1439698996570
  logout: 1439707277376
ipAddress: 208.157.188.153
lastlocation:
  world: wooftywoo
  x: 653.8754062475115
  y: 63.97074999046325
  z: 355.8089634704739
  yaw: 257.5212
  pitch: 49.358643
logoutlocation:
  world: wooftywoo
  x: 475.88653692672483
  y: 127.0
  z: 535.9875000119209
  yaw: 189.74707
  pitch: -13.050115
afk: false
