lastAccountName: DannyRand
timestamps:
  login: 1464971995939
  lastteleport: 1464972014588
  logout: 1464973688041
ipAddress: 2.122.203.198
lastlocation:
  world: spawn
  x: -9.379011170134087
  y: 9.0
  z: -42.07568562210116
  yaw: -187.78734
  pitch: 16.524506
godmode: false
logoutlocation:
  world: '1_9'
  x: -6.87691701363417
  y: 67.0
  z: -316.6656315450209
  yaw: 89.03822
  pitch: 13.083627
afk: false
