lastAccountName: LOLYerMum
timestamps:
  login: 1404575592965
  lastteleport: 1404552417523
  logout: 1404575603912
ipAddress: 72.193.137.203
lastlocation:
  world: wooftywoo
  x: 1004.5073547593373
  y: 76.0
  z: 2004.500212460942
  yaw: -266.53488
  pitch: 38.910862
logoutlocation:
  world: wooftywoo
  x: 618.4356495860592
  y: 65.0
  z: 416.9660114665101
  yaw: -78.76907
  pitch: 53.72243
