lastAccountName: pookiekid1
timestamps:
  login: 1455918477677
  logout: 1455918498015
ipAddress: 174.59.3.138
lastlocation:
  world: wooftywoo
  x: 3997.5
  y: 91.0
  z: 4088.5
  yaw: -90.3
  pitch: 2.7
logoutlocation:
  world: survival
  x: 1.0668351992664744
  y: 71.0
  z: -3.99231945671104
  yaw: -171.74988
  pitch: 19.79999
