health: 16.940000534057617
hunger: 16
exp: 0.0
exp-level: 0
remainingAir: 300
fireTicks: -20
saturation: 0.0
exhaustion: 3.3640015
inventory: {}
armor_contents: {}
