health: 1.3453351259231567
hunger: 16
exp: 0.0
exp-level: 0
remainingAir: 300
fireTicks: -20
saturation: 0.0
exhaustion: 2.3170004
inventory: {}
armor_contents: {}
