health: 4.037208080291748
hunger: 16
exp: 0.0
exp-level: 0
remainingAir: 300
fireTicks: -20
saturation: 0.0
exhaustion: 3.4020023
inventory: {}
armor_contents: {}
