health: 6.030000686645508
hunger: 16
exp: 0.0
exp-level: 0
remainingAir: 300
fireTicks: -20
saturation: 0.0
exhaustion: 1.3470023
inventory: {}
armor_contents: {}
