health: 4.1519999504089355
hunger: 15
exp: 0.0
exp-level: 0
remainingAir: 300
fireTicks: -20
saturation: 0.0
exhaustion: 0.45599782
inventory: {}
armor_contents: {}
