health: 17.77750015258789
hunger: 17
exp: 0.09090913
exp-level: 2
remainingAir: 300
fireTicks: -20
saturation: 0.0
exhaustion: 3.366003
