inventory: {}
health: 20.0
hunger: 20
exp: 0.26666665
exp-level: 4
remainingAir: 300
fireTicks: -20
saturation: 4.0
exhaustion: 2.0030026
