inventory: {}
health: 18.73714256286621
hunger: 15
exp: 0.73333335
exp-level: 4
remainingAir: 300
fireTicks: -20
saturation: 0.0
exhaustion: 2.405014
