health: 18.98666763305664
hunger: 16
exp: 0.09090913
exp-level: 2
remainingAir: 300
fireTicks: -20
saturation: 0.0
exhaustion: 3.9430528
inventory: {}
armor_contents: {}
