health: 0.4960024356842041
hunger: 8
exp: 0.0
exp-level: 0
remainingAir: 300
fireTicks: -20
saturation: 0.0
exhaustion: 0.9550081
inventory: {}
armor_contents: {}
