health: 0.42800164222717285
hunger: 13
exp: 0.0
exp-level: 0
remainingAir: 300
fireTicks: -20
saturation: 0.0
exhaustion: 3.2590015
inventory: {}
armor_contents: {}
