health: 16.231082916259766
hunger: 12
exp: 0.0
exp-level: 0
remainingAir: 300
fireTicks: -20
saturation: 0.0
exhaustion: 1.7300086
