health: 16.067129135131836
hunger: 13
exp: 0.0
exp-level: 0
remainingAir: 300
fireTicks: -20
saturation: 0.0
exhaustion: 2.4400046
inventory: {}
armor_contents: {}
