health: 2.8299994468688965
hunger: 16
exp: 0.0
exp-level: 0
remainingAir: 300
fireTicks: -20
saturation: 0.0
exhaustion: 3.8870053
inventory: {}
armor_contents: {}
