health: 13.333333969116211
hunger: 16
exp: 0.0
exp-level: 0
remainingAir: 300
fireTicks: -20
saturation: 0.0
exhaustion: 1.1959999
inventory: {}
armor_contents: {}
