health: 18.222299575805664
hunger: 15
exp: 0.71428573
exp-level: 0
remainingAir: 300
fireTicks: -20
saturation: 0.0
exhaustion: 1.1350082
