health: 4.999998092651367
hunger: 10
exp: 0.0
exp-level: 0
remainingAir: 300
fireTicks: -20
saturation: 0.0
exhaustion: 3.8630059
inventory: {}
armor_contents: {}
