health: 16.833332061767578
hunger: 20
exp: 0.0
exp-level: 0
remainingAir: 300
fireTicks: -20
saturation: 0.0
exhaustion: 1.1570017
