health: 19.83333396911621
hunger: 20
exp: 0.0
exp-level: 0
remainingAir: 300
fireTicks: -20
saturation: 2.0
exhaustion: 2.6560009
