health: 19.33333396911621
hunger: 20
exp: 0.0
exp-level: 0
remainingAir: 300
fireTicks: -20
saturation: 3.0
exhaustion: 3.374002
