health: 20.0
hunger: 20
exp: 0.0
exp-level: 0
remainingAir: 300
fireTicks: -20
saturation: 0.0
exhaustion: 2.4519982
inventory: {}
location:
  ==: org.bukkit.Location
  world: lexstarklabs
  x: -107.39057738011013
  y: 79.0
  z: 140.04090592005235
  pitch: 12.199792
  yaw: -315.81427
